序号,代码,名称,最新价,涨跌幅,涨跌额,成交量,成交额,振幅,最高,最低,今开,昨收,量比,换手率,市盈率-动态,市净率,总市值,流通市值,涨速,5分钟涨跌,60日涨跌幅,年初至今涨跌幅
1,873665,科强股份,17.65,22.06,3.19,79399.0,133783674.13,23.86,17.89,14.44,14.5,14.46,58.18,12.39,57.19,3.19,2294323500.0,1130864940.0,3.58,3.82,24.73,71.36
2,300340,科恒股份,11.75,20.02,1.96,255253.0,289330670.93,20.33,11.75,9.76,9.78,9.79,49.85,12.13,350.28,58.18,3241747039.0,2472958604.0,0.0,5.57,6.33,23.29
3,300949,奥雅股份,46.68,20.0,7.78,50726.0,223898174.2,18.33,46.68,39.55,39.55,38.9,28.34,14.79,-75.72,4.11,2824443420.0,1601173621.0,0.0,0.0,31.9,-2.14
4,300163,先锋新材,4.38,20.0,0.73,632047.0,263810108.22,18.9,4.38,3.69,3.69,3.65,34.27,14.86,20.74,4.08,2076120000.0,1863510643.0,0.0,0.0,61.03,87.18
5,688102,斯瑞新材,15.17,15.71,2.06,287024.0,426468775.0,16.55,15.67,13.5,13.5,13.11,10.77,3.95,85.32,9.87,11033715791.0,11033715791.0,-0.65,1.47,52.77,72.78
6,300945,曼卡龙,29.03,15.66,3.93,297533.0,815948407.37,15.22,29.38,25.56,25.56,25.1,6.53,12.48,44.22,4.59,7607939390.0,6918806903.0,-0.75,-1.19,162.48,152.65
7,300003,乐普医疗,13.49,14.71,1.73,942001.0,1254626902.64,6.72,13.7,12.91,13.14,11.76,49.99,5.83,16.75,1.65,25369443496.0,21801167686.0,-0.3,-0.07,15.6,18.96
8,300651,金陵体育,23.35,14.46,2.95,196475.0,451382395.42,12.16,23.98,21.5,23.0,20.4,17.11,26.21,-443.7,3.93,3006376432.0,1750691375.0,1.04,1.26,72.71,86.65
9,300570,太辰光,77.46,13.74,9.36,127189.0,937018433.89,12.61,77.49,68.9,68.9,68.1,13.85,6.62,55.42,12.11,17593247118.0,14887271562.0,1.41,1.92,-17.61,6.55
10,300530,领湃科技,42.0,12.81,4.77,95704.0,376033295.27,16.98,42.82,36.5,36.59,37.23,4.85,6.05,-67.79,52.54,7221956868.0,6647525388.0,1.33,-1.87,44.13,148.08
11,301399,英特科技,18.77,12.33,2.06,56292.0,103322123.44,19.57,20.05,16.78,16.81,16.71,34.2,10.29,119.44,2.68,3472825400.0,1026410909.0,1.02,1.08,-2.49,-0.05
12,831152,昆工科技,21.0,11.35,2.14,18814.0,37716296.3,11.13,21.18,19.08,19.53,18.86,19.22,2.29,-22.29,5.81,2338175700.0,1725385725.0,2.44,4.48,-0.76,88.34
13,300648,星云股份,35.6,11.01,3.53,78739.0,272874518.0,12.04,36.26,32.4,32.43,32.07,12.42,7.41,-385.62,4.45,6204417840.0,3780344028.0,-0.25,1.45,32.34,54.78
14,300499,高澜股份,18.52,10.77,1.8,202908.0,364724722.7,9.75,18.87,17.24,17.3,16.72,15.31,7.48,108.79,4.14,5653203405.0,5026483679.0,0.54,0.49,-0.43,-8.13
15,301068,大地海洋,34.66,10.7,3.35,15906.0,54421904.45,13.35,37.0,32.82,33.0,31.31,18.33,1.58,1675.1,5.77,4898003618.0,3492959484.0,-0.2,-0.23,46.68,48.95
16,688011,新光光电,21.47,10.39,2.02,29026.0,59974164.0,13.47,21.66,19.04,19.69,19.45,16.12,2.9,-44.76,1.99,2147000000.0,2147000000.0,0.89,0.85,22.97,40.14
17,603818,曲美家居,4.14,10.11,0.38,219181.0,88712079.0,7.45,4.14,3.86,3.92,3.76,10.28,3.19,-167.73,1.3,2851888080.0,2842291560.0,0.0,0.0,42.27,52.21
18,603333,尚纬股份,9.63,10.06,0.88,1035344.0,981780842.0,6.06,9.63,9.1,9.1,8.75,9.89,16.66,-103.24,2.88,5985310653.0,5985310653.0,0.0,0.0,78.66,72.89
19,300865,大宏立,30.53,10.06,2.79,99522.0,299427208.77,14.67,31.88,27.81,28.0,27.74,31.09,14.69,713.67,3.39,2921110400.0,2068348028.0,0.73,-2.15,27.47,30.81
20,000989,九芝堂,10.29,10.05,0.94,759459.0,768958581.21,7.91,10.29,9.55,9.57,9.35,24.6,10.94,18.89,2.44,8807643303.0,7142838002.0,0.0,0.0,30.09,34.33
21,000533,顺钠股份,7.12,10.05,0.65,213143.0,150206916.6,7.73,7.12,6.62,6.63,6.47,2.55,3.11,63.05,5.54,4918609920.0,4876505088.0,0.0,0.0,9.71,17.49
22,002298,中电鑫龙,6.57,10.05,0.6,470674.0,299813127.56,9.88,6.57,5.98,5.99,5.97,7.4,7.2,28.8,2.36,4862528620.0,4294581783.0,0.0,0.0,-1.05,23.5
23,603151,邦基科技,17.12,10.03,1.56,53911.0,89734790.0,10.35,17.12,15.51,15.82,15.56,21.44,6.67,25.68,2.26,2876160000.0,1383843840.0,0.0,0.0,51.37,71.03
24,002951,金时科技,10.2,10.03,0.93,15247.0,15552368.4,0.0,10.2,10.2,10.2,9.27,3.15,0.38,-40.83,2.14,4131000000.0,4130984700.0,0.0,0.0,67.21,52.69
25,002785,万里石,32.18,10.02,2.93,105460.0,332942609.28,5.57,32.18,30.55,30.98,29.25,14.17,5.45,673.8,8.18,7292621785.0,6226669840.0,0.0,0.0,10.17,-1.74
26,002741,光华科技,16.47,10.02,1.5,209699.0,333285972.84,10.09,16.47,14.96,14.96,14.97,14.47,4.92,75.94,4.12,7658917446.0,7022123095.0,0.0,0.0,-10.1,-0.3
27,002826,易明医药,13.4,10.02,1.22,11502.0,15412465.6,0.0,13.4,13.4,13.4,12.18,1.26,0.67,33.99,3.36,2555081850.0,2314364049.0,0.0,0.0,28.11,29.34
28,603017,中衡设计,11.87,10.01,1.08,226490.0,253105275.0,14.27,11.87,10.33,10.33,10.79,8.46,8.21,38.31,2.21,3275001585.0,3275001585.0,0.0,0.0,33.67,47.82
29,002929,润建股份,50.45,10.01,4.59,113693.0,557767888.88,9.7,50.45,46.0,46.31,45.86,9.35,5.4,51.68,2.3,14331991588.0,10622789484.0,0.0,0.0,-17.99,50.06
30,605099,共创草坪,30.77,10.01,2.8,75244.0,228383128.0,5.65,30.77,29.19,30.77,27.97,26.88,1.88,19.81,4.65,12358524340.0,12310769300.0,0.0,0.0,46.25,46.66
31,605118,力鼎光电,24.08,10.0,2.19,68966.0,158957945.0,10.42,24.08,21.8,22.0,21.89,11.16,1.69,43.47,6.89,9889270720.0,9803353280.0,1.39,2.95,27.88,37.6
32,605005,合兴股份,24.19,10.0,2.2,25702.0,62172436.0,0.0,24.19,24.19,24.19,21.99,2.09,0.64,46.64,4.83,9700190000.0,9700190000.0,0.0,0.0,44.5,48.4
33,603863,松炀资源,14.41,10.0,1.31,75129.0,105871934.0,9.77,14.41,13.13,13.13,13.1,14.02,3.67,-40.94,6.56,2949006500.0,2949006500.0,0.0,0.0,-7.51,-28.34
34,603076,乐惠国际,36.3,10.0,3.3,41333.0,149487274.0,3.48,36.3,35.15,36.22,33.0,3.62,3.42,122.55,3.45,4381458787.0,4381458787.0,0.0,0.0,61.19,60.34
35,000889,中嘉博创,2.97,10.0,0.27,17050.0,5063956.92,0.0,2.97,2.97,2.97,2.7,0.76,0.2,-123.21,29.37,2780784615.0,2583453538.0,0.0,0.0,13.36,14.67
36,603823,百合花,11.44,10.0,1.04,150409.0,169835329.0,10.48,11.44,10.35,10.39,10.4,18.27,3.66,26.01,2.04,4763246534.0,4702200406.0,0.0,0.0,10.75,23.01
37,605006,山东玻纤,7.38,9.99,0.67,442156.0,321743073.0,5.96,7.38,6.98,7.05,6.71,44.09,7.37,129.06,1.78,4508881125.0,4428068649.0,0.0,0.0,12.5,17.33
38,600468,百利电气,8.48,9.99,0.77,601229.0,509841238.0,0.13,8.48,8.47,8.48,7.71,2.39,5.53,72.12,4.71,9223995522.0,9223995522.0,0.0,0.0,96.75,80.43
39,603305,旭升集团,13.54,9.99,1.23,183408.0,245145631.0,8.94,13.54,12.44,12.48,12.31,17.62,1.92,33.74,1.91,12907860132.0,12907860132.0,0.0,0.0,-17.29,2.97
40,002731,萃华珠宝,14.2,9.99,1.29,259178.0,357352918.84,8.21,14.2,13.14,13.15,12.91,7.34,11.29,10.58,2.02,3637415200.0,3261120880.0,0.0,0.0,53.85,51.22
41,603042,华脉科技,15.43,9.98,1.4,137330.0,204465997.0,9.98,15.43,14.03,14.03,14.03,14.2,8.55,-66.34,2.78,2477901231.0,2477901231.0,0.0,0.0,10.69,2.52
42,603226,菲林格尔,9.04,9.98,0.82,210244.0,187020578.0,7.79,9.04,8.4,9.04,8.22,32.11,5.91,-58.77,3.46,3213645601.0,3213645601.0,0.0,0.0,32.55,91.12
43,001332,锡装股份,43.56,9.97,3.95,83520.0,360670742.62,6.49,43.57,41.0,42.98,39.61,13.66,30.93,25.83,2.01,4791600000.0,1176120000.0,1.78,-0.02,24.67,26.55
44,003010,若羽臣,79.19,9.97,7.18,41695.0,323823149.12,7.58,79.21,73.75,75.09,72.01,7.33,3.45,118.42,13.18,12989575770.0,9576118537.0,0.37,1.03,113.85,183.84
45,002055,得润电子,6.73,9.97,0.61,350841.0,225571059.4,9.31,6.73,6.16,6.18,6.12,7.71,5.9,31.72,2.94,4068217814.0,4003460099.0,0.0,5.16,9.61,-6.53
46,603879,永悦科技,6.53,9.93,0.59,537785.0,351159727.0,1.01,6.53,6.47,6.53,5.94,53.41,14.97,-100.51,9.07,2346519193.0,2346519193.0,0.0,0.0,58.88,70.05
47,601700,风范股份,4.77,9.91,0.43,215639.0,100177947.0,8.99,4.77,4.38,4.38,4.34,22.6,1.89,-32.07,2.07,5448516759.0,5448516759.0,0.0,0.0,6.71,6.0
48,000838,财信发展,2.79,9.84,0.25,220596.0,60319543.5,8.66,2.79,2.57,2.58,2.54,5.35,2.09,-216.12,7.22,3070289454.0,2940006735.0,0.0,0.0,3.33,0.72
49,688117,圣诺生物,42.04,9.82,3.76,42900.0,174065293.0,11.81,42.5,37.98,38.12,38.28,8.25,3.82,25.07,4.89,4726076094.0,4726076094.0,3.22,3.44,84.14,63.77
50,688197,首药控股-U,42.15,9.74,3.74,23707.0,97628989.0,12.5,42.82,38.02,38.02,38.41,10.05,3.7,-30.88,8.27,6268520307.0,2697805776.0,1.08,0.48,25.04,41.25
51,603093,南华期货,15.62,9.15,1.31,269193.0,400343689.0,10.34,15.62,14.14,14.98,14.31,23.98,4.41,27.79,2.32,9529229249.0,9529229249.0,0.32,0.71,25.16,32.15
52,688205,德科立,58.25,9.0,4.81,32338.0,184252975.0,11.3,59.62,53.58,53.58,53.44,5.33,3.67,157.42,4.11,9154609202.0,5138304206.0,-1.57,-0.6,5.37,-16.51
53,838171,邦德股份,18.97,8.9,1.55,46216.0,87079613.4,11.48,19.98,17.98,18.1,17.42,30.24,7.98,21.35,4.4,2481712310.0,1098077141.0,-1.09,0.37,12.12,49.02
54,871396,常辅股份,48.16,8.71,3.86,48999.0,233170945.29,5.73,48.6,46.06,46.07,44.3,5.24,11.57,123.11,9.02,2888650285.0,2039263875.0,-0.29,0.42,108.03,202.7
55,301608,博实结,88.84,8.66,7.08,19510.0,170783233.5,7.84,89.8,83.39,83.39,81.76,11.74,10.96,49.04,3.91,7905871600.0,1581591868.0,0.15,-0.3,-6.16,30.57
56,603194,中力股份,43.11,8.32,3.31,107194.0,453344533.0,9.05,43.78,40.18,40.18,39.8,8.52,21.51,22.56,3.44,17287110000.0,2148103876.0,-1.06,0.58,9.64,20.45
57,603697,有友食品,15.68,8.29,1.2,171291.0,267487201.0,5.73,15.93,15.1,15.33,14.48,9.41,4.01,33.32,3.87,6706212097.0,6706212097.0,-0.51,-0.38,84.47,57.27
58,300669,沪宁股份,28.01,8.1,2.1,29510.0,80286527.36,10.61,28.53,25.78,25.78,25.91,16.81,1.62,373.5,6.25,5397681783.0,5100279782.0,-1.02,0.36,22.21,34.86
59,301136,招标股份,12.4,8.01,0.92,87600.0,106700289.0,11.32,12.71,11.41,11.48,11.48,28.19,3.18,-159.99,2.36,3412539768.0,3412539768.0,0.16,-1.59,4.73,4.73
60,688655,迅捷兴,22.76,7.87,1.66,54309.0,121515382.0,15.17,23.75,20.55,20.55,21.1,10.42,4.07,-156.34,4.48,3035956400.0,3035956400.0,-0.96,-1.17,59.38,111.13
61,603256,宏和科技,12.2,7.68,0.87,210557.0,249269748.0,10.33,12.2,11.03,11.22,11.33,8.01,2.39,86.91,7.25,10732675500.0,10732675500.0,0.74,0.66,26.69,46.11
62,688519,南亚新材,36.76,7.64,2.61,17855.0,63807606.0,7.61,36.76,34.16,34.16,34.15,7.78,0.77,103.77,3.57,8766658974.0,8539114574.0,0.99,1.69,21.96,72.91
63,300713,英可瑞,18.02,7.45,1.25,95232.0,170072186.95,8.11,18.3,16.94,16.94,16.77,16.21,10.94,-76.45,5.24,2860148996.0,1568518338.0,-0.5,0.11,6.88,14.27
64,300911,亿田智能,38.43,7.41,2.65,18990.0,70881804.08,7.83,38.43,35.63,35.78,35.78,7.7,1.13,-40.63,5.88,6930580376.0,6469456231.0,1.67,1.18,16.21,98.5
65,603023,威帝股份,3.95,7.34,0.27,352609.0,134293764.0,9.51,3.95,3.6,3.7,3.68,42.46,6.32,688.01,2.86,2204563758.0,2204563758.0,2.33,2.6,42.09,44.16
66,300905,宝丽迪,31.52,7.21,2.12,97768.0,296755093.24,9.42,31.93,29.16,29.73,29.4,8.35,7.21,52.12,3.04,5607337269.0,4276421691.0,0.67,5.24,11.54,22.36
67,002177,御银股份,7.47,7.17,0.5,2623312.0,1973447328.27,6.31,7.67,7.23,7.32,6.97,29.03,39.2,216.32,3.34,5686098966.0,4998999552.0,0.0,-0.66,50.3,66.0
68,688196,卓越新能,45.65,7.11,3.03,12555.0,56565871.0,10.77,46.2,41.61,43.17,42.62,6.9,1.05,22.34,1.92,5478000000.0,5478000000.0,-0.83,-0.52,8.98,35.9
69,301120,新特电气,10.84,7.01,0.71,199924.0,217487626.16,13.92,11.56,10.15,10.15,10.13,6.95,9.14,110.15,2.66,4026421036.0,2369838220.0,-0.28,-0.64,20.71,9.72
70,605388,均瑶健康,10.35,6.92,0.67,738511.0,766305234.0,6.2,10.65,10.05,10.21,9.68,14.65,12.3,142.45,3.5,6215009400.0,6215009400.0,0.0,-0.86,69.67,64.55
71,920116,星图测控,71.8,6.83,4.59,25853.0,182804621.44,5.91,71.97,68.0,68.0,67.21,9.46,7.07,213.98,22.23,11471845000.0,2626085000.0,0.5,0.45,13.28,1383.47
72,688053,思科瑞,29.68,6.76,1.88,17426.0,51107728.0,7.73,29.95,27.8,27.8,27.8,15.41,4.03,-139.95,1.85,2968000000.0,1284366384.0,0.37,0.34,3.52,4.88
73,002366,融发核电,7.14,6.73,0.45,2277592.0,1624102840.83,4.78,7.34,7.02,7.02,6.69,5.4,18.13,1193.24,3.2,14857894750.0,8971155745.0,-0.14,-0.14,42.51,55.56
74,688656,浩欧博,99.32,6.52,6.08,4862.0,47307622.0,8.05,99.99,92.48,92.8,93.24,5.58,0.77,955.21,7.87,6262953137.0,6262953137.0,1.5,1.49,11.53,4.33
75,833284,灵鸽科技,28.68,6.5,1.75,44058.0,122839213.76,6.8,28.79,26.96,27.0,26.93,5.07,6.5,196.6,9.67,3005252299.0,1943423194.0,0.81,2.61,-12.56,88.07
76,688183,XD生益电,31.28,6.47,1.9,50333.0,154492031.0,5.62,31.35,29.7,29.74,29.38,5.59,0.61,32.49,6.03,26019366354.0,26019366354.0,0.03,0.9,10.73,-19.82
77,002345,潮宏基,16.82,6.39,1.01,315436.0,514845326.29,10.31,16.98,15.35,15.35,15.81,4.37,3.64,19.78,4.27,14944783732.0,14583013419.0,0.24,1.02,127.6,189.5
78,300640,德艺文创,7.0,6.38,0.42,179488.0,122245101.0,8.36,7.08,6.53,6.6,6.58,6.8,8.13,138.54,2.69,2176953989.0,1545243910.0,0.86,2.19,23.46,24.11
79,000017,深中华A,7.39,6.33,0.44,341269.0,251482830.43,10.79,7.65,6.9,6.99,6.95,9.38,11.26,215.63,14.57,5093076655.0,2239058891.0,-0.4,0.27,28.52,27.41
80,688096,京源环保,15.93,6.27,0.94,31260.0,48557584.0,8.54,16.1,14.82,14.82,14.99,5.52,1.88,338.33,2.98,2641757524.0,2641757524.0,1.21,2.38,54.36,113.54
81,300814,中富电路,28.52,6.26,1.68,39742.0,111840570.25,7.15,28.92,27.0,27.0,26.84,15.88,2.08,136.73,3.34,5459587365.0,5459587365.0,0.71,0.42,-22.75,-12.03
82,301252,同星科技,23.96,6.25,1.41,16373.0,38721329.15,7.63,24.3,22.58,22.59,22.55,9.95,3.46,28.07,3.27,4030072000.0,1133457750.0,0.55,1.23,-16.08,3.99
83,688800,瑞可达,40.73,6.23,2.39,55842.0,226459049.0,3.34,41.28,40.0,40.0,38.34,8.49,2.72,27.7,3.95,8377115665.0,8377115665.0,-0.17,-0.9,3.17,6.26
84,833781,瑞奇智造,13.24,6.09,0.76,105038.0,138041575.86,5.05,13.4,12.77,12.88,12.48,3.04,10.29,-296.36,5.05,2046467795.0,1351568725.0,0.23,0.38,44.38,82.62
85,002275,桂林三金,15.56,6.07,0.89,72012.0,110744162.82,7.16,15.8,14.75,14.75,14.67,16.93,1.29,21.81,3.12,9142567416.0,8698682877.0,-0.38,-0.06,17.7,5.56
86,301108,洁雅股份,34.6,6.04,1.97,26437.0,89788891.75,5.73,34.88,33.01,33.66,32.63,9.45,5.72,69.11,1.51,2781747376.0,1597919379.0,1.2,1.76,26.51,34.37
87,301287,康力源,39.97,6.02,2.27,50595.0,198001940.72,12.86,41.88,37.03,37.03,37.7,15.11,29.71,35.55,2.35,2664799900.0,680743060.0,-0.87,-1.09,33.19,43.21
88,600610,中毅达,15.21,5.99,0.86,430348.0,637924861.0,7.32,15.21,14.16,14.32,14.35,3.75,6.07,296.02,201.14,16294086742.0,10779733183.0,1.4,2.15,278.36,259.57
89,300752,隆利科技,19.13,5.98,1.08,50540.0,93481009.56,7.98,19.14,17.7,17.94,18.05,9.38,3.21,35.7,3.55,4371185028.0,3008470842.0,0.84,1.11,-4.35,12.53
90,300691,联合光电,18.98,5.97,1.07,131803.0,257432694.0,11.22,20.88,18.87,20.88,17.91,28.41,6.26,-53.22,3.22,5106545579.0,3997503941.0,-0.37,0.37,-16.09,-3.36
91,002463,沪电股份,32.91,5.92,1.84,475724.0,1545763289.17,4.47,33.0,31.61,31.63,31.07,8.87,2.47,20.75,5.41,63298717246.0,63257683709.0,-0.09,0.21,-1.41,-15.94
92,301177,迪阿股份,32.0,5.89,1.78,23485.0,73761817.0,8.44,32.35,29.8,30.05,30.22,6.99,5.87,154.43,2.02,12800320000.0,1280320000.0,-0.16,0.25,19.45,40.11
93,301396,宏景科技,64.95,5.87,3.6,66583.0,428617183.84,6.31,65.98,62.11,62.31,61.35,5.66,8.75,115.13,8.23,9970964678.0,4941465821.0,-0.69,-0.76,13.23,224.43
94,688668,鼎通科技,52.87,5.82,2.91,27815.0,145111277.0,4.62,53.27,50.96,50.96,49.96,5.49,2.01,34.67,4.09,7334636384.0,7334636384.0,0.46,0.48,10.77,14.04
95,603906,龙蟠科技,13.39,5.77,0.73,498204.0,653779644.0,6.71,13.52,12.67,12.75,12.66,13.48,8.82,-85.8,3.12,8905406511.0,7566406511.0,0.75,1.36,10.3,29.25
96,605599,菜百股份,17.99,5.76,0.98,135330.0,237105748.0,8.76,18.18,16.69,16.91,17.01,8.62,1.74,10.94,3.21,13992222622.0,13992222622.0,0.0,0.06,57.39,58.5
97,300502,新易盛,91.3,5.72,4.94,268838.0,2424316587.84,3.57,91.58,88.5,88.5,86.36,5.47,3.05,14.4,9.43,90599666186.0,80551003394.0,0.07,0.53,36.21,11.02
98,300586,美联新材,10.24,5.68,0.55,134538.0,134669245.81,6.19,10.25,9.65,9.69,9.69,10.0,2.52,193.66,3.79,7282858445.0,5473444157.0,-0.1,0.39,19.77,25.8
99,603238,诺邦股份,16.95,5.61,0.9,50930.0,85205656.0,6.36,17.1,16.08,16.08,16.05,4.54,2.87,24.72,2.18,3008777550.0,3008777550.0,0.06,-0.29,31.5,33.89
100,688159,有方科技,68.05,5.55,3.58,22564.0,149515125.0,6.64,68.28,64.0,65.64,64.47,5.12,2.46,88.93,7.17,6260225385.0,6246598372.0,0.22,2.36,53.65,125.03
101,688155,先惠技术,46.53,5.53,2.44,50042.0,235474589.0,4.54,48.0,46.0,46.49,44.09,10.32,4.0,24.96,2.94,5818587853.0,5818587853.0,0.41,1.06,-6.4,23.62
102,002082,万邦德,7.27,5.52,0.38,678461.0,504283770.86,6.68,7.58,7.12,7.57,6.89,48.47,12.26,73.13,1.66,4446979430.0,4022170553.0,-0.14,0.55,26.0,13.06
103,600684,珠江股份,3.92,5.38,0.2,389825.0,153328099.0,6.45,4.05,3.81,3.81,3.72,7.98,4.57,152.35,7.18,3345566034.0,3345566034.0,-0.25,1.29,16.67,18.79
104,301005,超捷股份,39.72,5.36,2.02,124287.0,507165441.01,10.93,43.0,38.88,38.88,37.7,8.76,9.39,83.77,7.02,5356716614.0,5257807340.0,0.28,1.33,21.62,35.79
105,300963,中洲特材,31.76,5.34,1.61,250458.0,798743743.84,6.9,32.7,30.62,30.96,30.15,4.12,12.12,201.3,9.79,10404576000.0,6565533374.0,-1.4,-1.15,232.22,264.22
106,605255,天普股份,21.51,5.34,1.09,26707.0,56720886.0,5.68,21.68,20.52,20.52,20.42,3.75,1.99,82.63,3.58,2884060800.0,2884060800.0,1.41,1.75,42.54,70.85
107,688498,源杰科技,135.49,5.34,6.87,12070.0,161572199.0,3.49,135.71,131.22,131.3,128.62,5.68,2.01,203.3,5.56,11645057396.0,8149624728.0,0.47,0.98,3.9,1.04
108,002250,联化科技,10.66,5.34,0.54,1101333.0,1180343819.96,6.62,11.06,10.39,10.65,10.12,7.61,12.15,48.85,1.51,9714811027.0,9663654103.0,0.0,0.09,54.94,93.47
109,831305,海希通讯,23.32,5.28,1.17,17388.0,39974925.8,5.91,23.45,22.14,22.31,22.15,6.23,1.58,27.95,4.07,3270863200.0,2567304770.0,0.95,0.47,14.31,69.35
110,000657,中钨高新,12.24,5.25,0.61,319970.0,384470625.06,6.36,12.35,11.61,11.64,11.63,7.17,2.57,31.56,2.91,27894401611.0,15267063837.0,-0.16,0.91,28.44,32.9
111,301205,联特科技,66.62,5.23,3.31,17437.0,115252646.86,5.09,66.87,63.65,63.65,63.31,7.48,2.57,115.54,5.73,8643545280.0,4527380614.0,0.05,0.18,-10.7,-11.75
112,603883,老百姓,20.53,5.23,1.02,195205.0,396779773.0,6.87,20.89,19.55,19.56,19.51,8.48,2.57,15.57,2.28,15604762935.0,15580016545.0,0.69,0.98,29.94,25.41
113,002847,盐津铺子,97.03,5.15,4.75,13278.0,126516314.0,6.19,97.34,91.63,91.81,92.28,4.68,0.54,37.14,13.74,26471710919.0,23746056228.0,-0.23,0.03,81.81,55.0
114,300368,汇金股份,7.56,5.15,0.37,305610.0,225224530.0,7.79,7.66,7.1,7.1,7.19,4.66,5.78,-71.13,29.09,3998812671.0,3998812671.0,0.0,-0.53,58.49,74.19
115,002762,*ST金比,6.21,5.08,0.3,68865.0,42486554.42,4.57,6.21,5.94,5.94,5.91,4.81,3.26,-252.79,2.54,2198495250.0,1312660075.0,0.32,0.49,-1.9,7.07
116,603855,华荣股份,21.71,5.08,1.05,93401.0,204159949.0,9.58,22.48,20.5,20.5,20.66,22.29,2.8,15.78,3.86,7327754590.0,7241457340.0,-1.72,-1.99,-5.11,12.55
117,300920,润阳科技,41.98,5.08,2.03,17726.0,73780657.02,9.49,43.0,39.21,39.45,39.95,4.59,2.7,212.0,3.6,4198000000.0,2756921055.0,-0.64,-2.35,123.65,148.11
118,603959,ST百利,4.56,5.07,0.22,9015.0,4110767.0,0.0,4.56,4.56,4.56,4.34,0.88,0.18,-18.06,20.66,2235763404.0,2235763404.0,0.0,0.0,21.28,2.24
119,000669,ST金鸿,2.49,5.06,0.12,137102.0,33833871.0,3.8,2.49,2.4,2.41,2.37,4.2,2.01,-26.48,95.0,1694217905.0,1694217905.0,0.0,0.0,25.76,18.01
120,600381,*ST春天,4.16,5.05,0.2,57284.0,23825067.0,0.76,4.16,4.13,4.16,3.96,9.14,0.98,68.46,2.34,2442172683.0,2442172683.0,0.48,0.0,-5.02,13.97
121,600892,*ST大晟,3.54,5.04,0.17,146884.0,51567856.0,5.64,3.54,3.35,3.36,3.37,7.18,2.63,-48.82,29.89,1980503226.0,1979991157.0,0.0,0.0,4.12,-4.07
122,300308,中际旭创,96.37,5.02,4.61,201589.0,1923098794.02,3.87,96.54,92.99,92.99,91.76,6.63,1.83,16.88,5.14,106885676026.0,106360271411.0,0.12,0.53,-6.85,-21.97
123,002898,*ST赛隆,12.99,5.01,0.62,30706.0,39359850.89,2.99,12.99,12.62,12.75,12.37,2.11,3.03,-550.37,4.59,2286240000.0,1315400667.0,0.0,0.0,25.27,35.03
124,002693,*ST双成,8.6,5.01,0.41,115197.0,97913557.0,2.56,8.6,8.39,8.4,8.19,3.34,2.8,-88.8,9.3,3566331850.0,3536596026.0,0.0,0.0,-37.36,-53.08
125,688428,诺诚健华-U,24.94,5.01,1.19,29841.0,73119650.0,6.44,25.05,23.52,23.52,23.75,4.59,1.12,611.63,6.51,43958426018.0,6641097197.0,1.42,2.63,39.64,103.09
126,000691,*ST亚太,4.83,5.0,0.23,82969.0,39704339.05,3.91,4.83,4.65,4.65,4.6,3.58,2.57,-43.13,-21.12,1561394100.0,1561394100.0,0.0,0.0,54.31,40.82
127,002052,*ST同洲,10.08,5.0,0.48,18262.0,18407783.52,0.0,10.08,10.08,10.08,9.6,1.47,0.25,14.95,35.33,7519273716.0,7288691881.0,0.0,0.0,172.43,62.06
128,300824,北鼎股份,12.7,4.96,0.6,47842.0,59624321.5,6.86,12.82,11.99,12.2,12.1,4.61,1.51,31.05,5.93,4144539361.0,4013775399.0,-0.08,0.4,36.12,31.47
129,873576,天力复合,39.92,4.94,1.88,26608.0,106203097.94,5.05,40.74,38.82,39.07,38.04,3.48,2.48,115.23,9.52,4349284000.0,4276627085.0,0.66,-0.13,45.43,92.29
130,600358,ST联合,5.75,4.93,0.27,4882.0,2807150.0,0.0,5.75,5.75,5.75,5.48,0.85,0.1,-85.03,38.04,2903385795.0,2903385795.0,0.0,0.0,41.63,57.53
131,600183,生益科技,27.1,4.92,1.27,107619.0,288712457.0,4.61,27.19,26.0,26.0,25.83,5.14,0.45,29.2,4.65,65835670363.0,64263283702.0,-0.29,-0.04,-4.17,15.57
132,605208,永茂泰,13.03,4.91,0.61,79423.0,102486304.0,5.31,13.1,12.44,12.44,12.42,3.6,2.41,74.02,2.01,4299118200.0,4299118200.0,0.62,1.09,0.39,69.0
133,002837,英维克,25.23,4.91,1.18,121344.0,301746602.76,5.74,25.5,24.12,24.16,24.05,8.7,1.44,127.26,8.65,24439761734.0,21251676252.0,-0.39,0.08,-26.64,-18.4
134,603956,威派格,7.91,4.91,0.37,542109.0,422866078.0,4.91,7.99,7.62,7.8,7.54,11.89,9.51,-17.12,2.27,4507958722.0,4507958722.0,0.13,-0.38,-3.42,49.25
135,603089,正裕工业,13.09,4.89,0.61,55227.0,71988421.0,4.89,13.29,12.68,12.81,12.48,3.46,2.43,24.58,2.37,2969462612.0,2969462612.0,-0.46,0.15,23.37,45.93
136,603900,莱绅通灵,12.43,4.89,0.58,311826.0,378766161.0,11.39,12.75,11.4,11.54,11.85,4.37,9.13,37.62,2.2,4263786331.0,4244954881.0,-0.64,-1.19,113.57,124.77
137,603173,福斯达,34.83,4.88,1.62,14202.0,48959927.0,6.87,35.3,33.02,33.11,33.21,7.51,2.87,12.04,3.2,5572800000.0,1725478200.0,0.58,0.64,44.16,51.11
138,873305,九菱科技,47.82,4.87,2.22,29458.0,141941149.33,9.5,49.98,45.65,45.98,45.6,8.21,8.12,123.63,9.53,3101974849.0,1734775274.0,-0.4,-1.99,61.5,156.96
139,301092,争光股份,30.23,4.86,1.4,17135.0,50962432.0,6.14,30.66,28.89,28.97,28.83,3.87,2.83,41.8,2.12,4052436821.0,1830422993.0,0.13,3.07,23.59,29.58
140,688443,智翔金泰-U,31.22,4.84,1.44,30125.0,93310770.0,5.37,31.6,30.0,30.0,29.78,5.41,2.64,-23.71,5.72,11447749600.0,3560331454.0,0.06,0.64,33.3,24.43
141,600673,东阳光,10.22,4.82,0.47,160258.0,162236319.0,5.03,10.22,9.73,9.75,9.75,10.32,0.53,27.66,3.38,30757652703.0,30675922014.0,0.2,0.69,-2.2,-9.48
142,603359,东珠生态,7.86,4.8,0.36,353807.0,274428127.0,10.13,8.14,7.38,7.46,7.5,5.0,7.93,-2219.97,1.31,3506314560.0,3506314560.0,-0.51,-1.75,55.03,42.13
143,603228,景旺电子,32.82,4.79,1.5,86795.0,281660289.0,3.83,32.88,31.68,31.75,31.32,4.64,0.94,23.62,2.84,30685075935.0,30227332113.0,0.55,0.61,-3.58,17.89
144,300394,天孚通信,85.68,4.78,3.91,121945.0,1031980357.61,2.86,85.84,83.5,83.6,81.77,5.01,2.2,35.23,11.62,47577852529.0,47482165962.0,0.18,0.69,-4.79,-6.22
145,688392,骄成超声,54.29,4.77,2.47,12271.0,65736536.0,5.85,54.6,51.57,51.86,51.82,8.31,1.76,65.93,3.62,6232492000.0,3790460535.0,0.46,0.76,5.42,33.06
146,300697,电工合金,15.6,4.77,0.71,68744.0,106428876.0,6.11,15.82,14.91,14.95,14.89,12.1,2.7,30.14,4.6,5191680000.0,3974880000.0,-0.7,-1.2,7.96,23.71
147,002529,*ST海源,6.84,4.75,0.31,43733.0,29332589.0,4.9,6.84,6.52,6.56,6.53,2.53,1.68,-19.09,6.63,1778400000.0,1778400000.0,1.48,1.63,-7.94,-22.89
148,688046,药康生物,13.58,4.7,0.61,38734.0,51001544.0,5.71,13.58,12.84,13.1,12.97,6.66,0.94,46.43,2.58,5567800000.0,5567800000.0,0.74,0.97,-12.84,5.68
149,002305,*ST南置,2.01,4.69,0.09,478036.0,95211339.0,5.21,2.02,1.92,1.95,1.92,4.99,2.76,-1.88,-1.57,3485773698.0,3485547585.0,0.0,-0.5,31.37,1.01
150,000632,三木集团,3.82,4.66,0.17,304845.0,115260479.0,9.04,3.98,3.65,3.65,3.65,14.13,6.55,-15.24,1.8,1778284757.0,1778139735.0,0.53,0.53,9.77,4.09
151,688195,腾景科技,40.28,4.65,1.79,17931.0,71360278.0,5.43,40.4,38.31,38.51,38.49,8.14,1.39,99.94,5.67,5210218000.0,5210218000.0,0.05,0.93,-16.85,0.42
152,002422,科伦药业,39.96,4.61,1.76,72218.0,283778603.92,5.6,39.97,37.83,38.2,38.2,4.07,0.55,27.33,2.77,63858212745.0,52182754211.0,0.91,1.14,27.91,33.51
153,600490,鹏欣资源,4.55,4.6,0.2,344321.0,152430895.0,5.52,4.55,4.31,4.33,4.35,7.03,1.73,23.36,1.62,10068636209.0,9066427306.0,1.79,2.25,37.88,38.3
154,603737,三棵树,34.71,4.58,1.52,29021.0,101021060.0,5.42,35.26,33.46,33.46,33.19,10.59,0.39,60.89,9.82,25609644488.0,25609644488.0,0.2,0.09,-1.56,14.93
155,300475,香农芯创,29.5,4.57,1.29,63420.0,185227259.99,3.33,29.65,28.71,28.71,28.21,6.87,1.44,201.72,4.59,13498190127.0,12987102627.0,-0.27,0.27,-19.05,3.76
156,002471,中超控股,5.78,4.52,0.25,1842502.0,1060627949.58,4.88,5.88,5.61,5.65,5.53,3.34,14.12,-97.75,4.57,7912820000.0,7542881290.0,-0.34,-1.2,118.94,111.72
157,301121,紫建电子,35.22,4.51,1.52,19744.0,69942970.44,7.42,36.5,34.0,34.03,33.7,10.64,3.9,357.9,2.1,3480653728.0,1781837596.0,-0.37,-0.17,-22.11,-7.0
158,688639,华恒生物,34.07,4.51,1.47,27811.0,93269623.0,4.75,34.23,32.68,32.9,32.6,7.36,1.11,41.63,3.25,8508096578.0,8508096578.0,0.35,0.21,10.83,5.77
159,002624,完美世界,14.87,4.5,0.64,322046.0,478578876.57,6.25,15.1,14.21,14.25,14.23,8.56,1.76,23.87,4.34,28847330167.0,27178390320.0,0.0,-0.87,28.63,43.95
160,300791,仙乐健康,25.58,4.49,1.1,57364.0,145876549.62,6.86,25.94,24.26,24.26,24.48,4.47,2.24,28.7,3.52,7880447790.0,6564592740.0,0.43,0.55,28.93,29.32
161,002565,顺灏股份,4.95,4.43,0.21,907996.0,443223033.57,11.18,5.2,4.67,5.0,4.74,13.48,8.57,98.42,2.75,5246945164.0,5246778101.0,-0.8,-1.79,64.45,62.83
162,834261,一诺威,16.13,4.4,0.68,28307.0,44817389.63,5.24,16.16,15.35,15.4,15.45,5.89,1.66,22.41,3.11,4695971225.0,2756531285.0,0.88,0.88,37.86,68.2
163,601788,光大证券,17.54,4.4,0.74,508887.0,883202607.0,6.25,17.7,16.65,16.65,16.8,22.63,1.3,24.68,1.36,80873215188.0,68523497636.0,-0.28,-0.34,0.8,-3.15
164,002141,*ST贤丰,3.34,4.38,0.14,132073.0,44040980.5,4.69,3.36,3.21,3.21,3.2,5.84,1.28,60.7,4.13,3450005565.0,3445520203.0,-0.3,-0.3,138.57,89.77
165,603112,华翔股份,17.26,4.35,0.72,47212.0,80321840.0,4.41,17.35,16.62,16.7,16.54,3.78,0.95,17.26,2.35,9181418389.0,8589667246.0,0.7,0.64,39.42,38.08
166,603300,海南华铁,10.12,4.33,0.42,902813.0,906859635.0,5.57,10.27,9.73,9.75,9.7,7.37,4.54,26.42,3.09,20141295885.0,20141295885.0,-0.98,-0.3,-4.53,75.09
167,301486,致尚科技,59.77,4.33,2.48,26894.0,157849892.0,4.05,59.88,57.56,58.0,57.29,6.5,3.41,81.53,3.13,7691263071.0,4716155137.0,0.69,1.31,-6.83,25.96
168,301662,宏工科技,74.66,4.32,3.09,13707.0,101136868.2,5.41,74.86,70.99,70.99,71.57,3.39,8.69,86.13,4.18,5972800000.0,1177860425.0,-0.23,0.69,180.68,180.68
169,002846,英联股份,11.39,4.3,0.47,124744.0,139483146.04,5.77,11.45,10.82,11.0,10.92,2.36,4.85,108.29,3.44,4783727514.0,2927436113.0,0.26,-0.52,19.52,38.56
170,001222,源飞宠物,19.49,4.28,0.8,60757.0,116909002.2,4.98,19.55,18.62,18.62,18.69,4.22,7.74,36.66,2.75,3720446100.0,1530846435.0,0.05,0.15,27.39,23.12
171,688131,皓元医药,46.81,4.23,1.9,42951.0,196126011.0,6.9,47.2,44.1,45.01,44.91,5.35,2.08,39.57,3.52,9875027349.0,9651325401.0,0.86,2.21,6.65,31.67
172,002743,富煌钢构,8.64,4.22,0.35,426938.0,365381945.0,9.77,8.97,8.16,8.17,8.29,7.11,9.82,53.98,1.16,3760719650.0,3754693250.0,0.47,0.23,40.26,31.51
173,603725,天安新材,7.91,4.22,0.32,76627.0,59616763.0,5.53,7.99,7.57,7.63,7.59,3.38,2.67,39.73,3.24,2411424249.0,2267462249.0,-0.13,1.8,17.36,25.16
174,300952,恒辉安防,31.66,4.21,1.28,59096.0,189221297.6,10.17,33.4,30.31,30.31,30.38,5.61,6.52,46.26,3.59,5022122525.0,2868362345.0,0.76,0.57,10.39,53.09
175,605009,豪悦护理,68.0,4.21,2.75,14106.0,93628311.0,4.8,68.13,65.0,65.78,65.25,4.15,0.92,28.95,3.09,10493851936.0,10472091936.0,1.4,1.12,71.98,70.17
176,300571,平治信息,31.26,4.2,1.26,23889.0,73558193.0,4.33,31.39,30.09,30.09,30.0,3.36,2.07,103.63,3.0,4361654470.0,3613764472.0,0.64,0.84,-12.31,24.64
177,000967,盈峰环境,7.44,4.2,0.3,240201.0,177024079.0,4.48,7.5,7.18,7.18,7.14,2.46,0.76,32.6,1.35,23562058286.0,23550840998.0,-0.53,-0.4,25.25,49.7
178,300813,泰林生物,20.7,4.18,0.83,25678.0,52449866.47,6.24,20.85,19.61,19.76,19.87,10.19,3.38,177.77,3.09,2508823833.0,1574257211.0,0.53,0.0,17.15,20.56
179,600289,*ST信通,5.24,4.17,0.21,69300.0,36322312.0,5.37,5.28,5.01,5.02,5.03,4.64,1.22,-28.9,2.7,3306712842.0,2965434864.0,-0.19,-0.19,-1.5,192.74
180,002829,星网宇达,22.99,4.17,0.92,234032.0,531380715.16,5.17,23.15,22.01,22.18,22.07,9.24,16.02,-101.66,2.86,4777537968.0,3357973748.0,0.79,0.35,14.09,21.26
181,300913,兆龙互连,48.5,4.12,1.92,36472.0,176813862.0,4.27,49.36,47.37,47.37,46.58,7.1,1.72,96.56,10.07,12588744196.0,10290702646.0,-0.02,0.25,-8.39,-15.67
182,603766,隆鑫通用,13.93,4.11,0.55,158057.0,216430073.0,4.04,13.95,13.41,13.42,13.38,5.53,0.77,14.11,3.23,28605837971.0,28605837971.0,0.51,0.87,34.72,53.08
183,300442,润泽科技,44.07,4.09,1.73,84013.0,367487168.64,4.53,44.44,42.52,42.76,42.34,5.5,1.52,44.09,7.31,75865696271.0,24425905295.0,-0.32,-0.68,-34.55,-15.18
184,300930,屹通新材,26.33,4.07,1.03,9692.0,25240120.0,4.31,26.45,25.36,25.41,25.3,7.44,2.06,48.11,2.98,2633000000.0,1240801276.0,0.19,0.8,3.34,-11.58
185,002418,康盛股份,3.61,4.03,0.14,475453.0,171174674.0,6.34,3.71,3.49,3.49,3.47,5.94,4.18,81.76,2.86,4102404000.0,4102392358.0,-0.82,-0.55,-3.73,47.95
186,600259,广晟有色,49.2,4.02,1.9,103210.0,505760758.0,6.53,50.29,47.2,47.3,47.3,6.04,3.07,87.54,4.86,16552646772.0,16552646772.0,-0.61,-0.16,61.52,76.91
187,603518,锦泓集团,11.9,4.02,0.46,363481.0,436380060.0,7.95,12.57,11.66,11.74,11.44,5.17,10.56,11.58,1.14,4122356160.0,4094229915.0,-0.25,-0.5,37.57,25.4
188,300703,创源股份,25.41,4.01,0.98,264993.0,671244332.5,6.06,26.18,24.7,25.0,24.43,5.11,15.62,55.89,5.21,4583756654.0,4311100824.0,-0.16,0.79,74.4,79.96
189,300617,安靠智电,28.05,4.0,1.08,11026.0,30530763.0,4.0,28.18,27.1,27.1,26.97,10.57,0.78,26.85,1.63,4694452376.0,3943595390.0,0.32,0.21,-18.39,-1.82
190,300857,协创数据,81.75,3.98,3.13,48506.0,393131304.8,3.6,82.48,79.65,80.2,78.62,3.93,1.42,41.47,8.44,28069451427.0,27989880065.0,-0.52,-0.33,-8.23,7.37
191,300105,龙源技术,7.57,3.98,0.29,114106.0,86120104.0,5.22,7.67,7.29,7.33,7.28,9.4,2.21,23.64,2.04,3904715159.0,3902129626.0,-0.39,0.26,11.32,0.53
192,301148,嘉戎技术,22.0,3.97,0.84,25945.0,56664223.49,6.9,22.39,20.93,21.1,21.16,3.87,6.74,49.71,1.49,2562935760.0,846759760.0,0.46,0.36,19.96,22.84
193,871634,新威凌,26.7,3.97,1.02,10581.0,27806153.82,6.15,27.0,25.42,25.65,25.68,7.08,3.23,139.81,6.38,1702446628.0,875246719.0,0.45,1.75,20.43,78.0
194,600589,大位科技,7.08,3.96,0.27,547671.0,384199989.0,5.58,7.17,6.79,6.79,6.81,5.26,3.7,51.26,14.6,10467566821.0,10467566821.0,0.0,-0.84,6.95,54.59
195,600182,S佳通,15.8,3.95,0.6,28830.0,45215568.0,5.0,15.96,15.2,15.25,15.2,17.29,1.7,56.77,4.37,5372000000.0,2686000000.0,-0.32,-0.94,-2.95,-6.56
196,003000,劲仔食品,15.26,3.95,0.58,58613.0,87918887.15,5.11,15.3,14.55,14.68,14.68,3.42,1.95,25.47,5.07,6880644866.0,4584007984.0,0.26,0.07,34.45,13.88
197,688678,福立旺,19.1,3.92,0.72,22172.0,41683628.0,5.11,19.17,18.23,18.53,18.38,2.6,0.86,87.85,2.76,4952034768.0,4952034768.0,0.47,1.11,-19.68,29.49
198,600708,光明地产,3.73,3.9,0.14,195158.0,72426504.0,4.46,3.79,3.63,3.67,3.59,3.14,0.88,-10.38,0.86,8312815051.0,8300286086.0,-0.8,-0.27,18.79,0.27
199,603681,永冠新材,19.37,3.86,0.72,196426.0,384365019.0,5.09,20.0,19.05,20.0,18.65,5.94,10.28,70.8,1.46,3702207567.0,3702207567.0,0.57,0.62,35.55,50.27
200,002596,海南瑞泽,3.51,3.85,0.13,115459.0,39756844.48,4.73,3.53,3.37,3.39,3.38,5.43,1.01,-59.79,5.5,4028007618.0,4024091774.0,1.15,1.45,-3.84,-0.85
201,000908,*ST景峰,5.39,3.85,0.2,97134.0,51251626.43,4.43,5.39,5.16,5.18,5.19,4.31,1.1,-99.63,67.83,4741983752.0,4741983752.0,0.94,1.89,32.76,10.22
202,301163,宏德股份,24.29,3.85,0.9,14626.0,35246405.0,3.98,24.46,23.53,23.53,23.39,8.3,2.67,170.85,1.78,1982064000.0,1329285771.0,-0.41,-0.29,5.15,14.96
203,301082,久盛电气,23.05,3.83,0.85,224600.0,513501669.4,4.95,23.3,22.2,22.38,22.2,3.52,10.73,-197.01,5.12,5216426461.0,4822786329.0,-0.3,0.0,45.15,72.92
204,002490,山东墨龙,4.1,3.8,0.15,126383.0,51284245.88,4.81,4.14,3.95,3.95,3.95,7.27,2.33,150.8,6.57,3271178440.0,2220615863.0,0.24,-0.24,3.27,47.48
205,600152,维科技术,6.55,3.8,0.24,125987.0,81870593.0,4.12,6.59,6.33,6.4,6.31,7.73,2.38,-52.49,1.99,3465469906.0,3465469906.0,-0.15,0.15,5.14,8.99
206,300890,翔丰华,28.46,3.79,1.04,37102.0,104466829.34,3.9,28.66,27.59,27.59,27.42,3.72,3.42,-103.9,1.67,3387654021.0,3090563354.0,0.25,1.5,-14.02,-5.95
207,001914,招商积余,12.09,3.78,0.44,181470.0,218354069.37,4.12,12.22,11.74,11.78,11.65,8.33,1.71,14.61,1.21,12819583865.0,12819543968.0,0.0,-0.17,15.36,14.38
208,688210,统联精密,18.18,3.77,0.66,12510.0,22368620.0,4.45,18.23,17.45,17.47,17.52,6.66,1.16,265.54,2.29,2913186998.0,1952283261.0,0.72,1.06,-19.81,-8.92
209,688256,寒武纪-U,618.3,3.77,22.44,20904.0,1281244856.0,3.76,621.33,598.93,602.0,595.86,4.04,0.5,181.53,44.29,258113510380.0,258113510380.0,0.2,-0.26,-13.09,-6.03
210,300490,华自科技,7.99,3.77,0.29,74659.0,59563433.0,5.58,8.13,7.7,7.7,7.7,11.78,1.9,-11.11,1.38,3185378685.0,3142152290.0,-0.37,0.63,-12.0,1.4
211,833427,华维设计,14.34,3.76,0.52,19397.0,27793198.51,5.07,14.6,13.9,13.9,13.82,7.94,3.83,246.44,4.53,1478382300.0,725893152.0,-0.49,-1.78,5.29,32.04
212,002180,纳思达,22.48,3.74,0.81,83552.0,186595876.76,4.29,22.55,21.62,21.69,21.67,8.26,0.61,94.78,3.15,31988800341.0,30567737392.0,0.31,0.36,-20.14,-20.2
213,600753,*ST庚星,7.21,3.74,0.26,54248.0,39394168.0,3.17,7.3,7.08,7.18,6.95,7.75,2.36,-271.2,-334.09,1660514732.0,1660514732.0,-0.55,-0.83,36.81,15.36
214,300548,博创科技,49.9,3.74,1.8,141418.0,707718551.21,4.28,51.28,49.22,50.51,48.1,5.13,5.3,40.18,8.63,14417546022.0,13319746022.0,-0.18,0.2,11.38,7.52
215,603993,洛阳钼业,7.5,3.73,0.27,1181380.0,876399722.0,3.46,7.52,7.27,7.28,7.23,9.73,0.67,10.22,2.19,161244304643.0,131743294643.0,0.13,0.4,9.65,12.78
216,688300,联瑞新材,40.18,3.72,1.44,12201.0,48523317.0,3.98,40.39,38.85,39.09,38.74,8.05,0.51,38.48,6.57,9702232054.0,9702232054.0,-0.27,0.22,-12.29,-18.25
217,600301,华锡有色,19.57,3.71,0.7,61378.0,119710757.0,4.61,19.69,18.82,18.88,18.87,11.16,2.23,20.17,2.98,12379345564.0,5388319277.0,0.31,0.15,-9.1,15.05
218,831010,凯添燃气,13.69,3.71,0.49,28137.0,38110371.44,3.41,13.75,13.3,13.4,13.2,5.41,1.62,90.36,4.72,3210305000.0,2377516330.0,0.07,1.11,17.92,55.39
219,603843,*ST正平,3.36,3.7,0.12,268743.0,89469707.0,6.48,3.4,3.19,3.24,3.24,4.08,3.84,40.33,6.15,2350734076.0,2350734076.0,0.3,0.3,2.75,-6.93
220,002387,维信诺,9.27,3.69,0.33,81926.0,75535475.47,2.68,9.31,9.07,9.1,8.94,6.57,0.59,-6.1,2.58,12947211178.0,12930527959.0,-0.11,0.22,-23.51,-9.82
221,300347,泰格医药,51.7,3.69,1.84,74242.0,378283723.54,4.75,51.9,49.53,49.97,49.86,4.71,1.31,67.26,2.17,44515046785.0,29273274450.0,0.23,1.1,-8.93,-5.35
222,002292,奥飞娱乐,10.39,3.69,0.37,609333.0,626767680.0,5.69,10.5,9.93,9.93,10.02,4.39,5.99,78.22,5.04,15363689852.0,10575656541.0,0.29,0.48,12.93,20.12
223,300307,慈星股份,9.32,3.67,0.33,476802.0,448031597.34,8.12,9.73,9.0,9.06,8.99,14.54,6.1,24.31,2.25,7402398592.0,7290208701.0,-0.53,-0.64,-5.38,13.11
224,001309,德明利,109.8,3.67,3.89,11929.0,129928387.0,4.18,110.5,106.07,106.07,105.91,4.53,1.36,-64.27,7.33,17762379599.0,9622449599.0,0.05,-0.02,-23.59,25.92
225,002630,ST华西,2.83,3.66,0.1,910558.0,256317093.0,6.59,2.87,2.69,2.73,2.73,8.25,8.56,49.57,20.55,3341664000.0,3010072447.0,0.0,0.35,-39.01,-18.68
226,002130,沃尔核材,20.14,3.65,0.71,274072.0,549323018.32,3.71,20.28,19.56,19.56,19.43,4.94,2.19,25.34,4.4,25374357039.0,25157861948.0,-0.1,0.6,-8.99,-20.24
227,688499,利元亨,28.67,3.65,1.01,22171.0,63120293.0,4.92,28.88,27.52,27.52,27.66,4.48,1.31,94.34,2.16,4837446382.0,4837446382.0,0.31,0.84,-1.92,28.16
228,688661,和林微纳,42.09,3.62,1.47,7251.0,30063849.0,3.87,42.18,40.61,40.97,40.62,3.55,0.62,46.31,4.01,4917660449.0,4909934198.0,0.12,1.1,-18.81,27.51
229,300591,万里马,6.64,3.59,0.23,315485.0,211110394.8,6.4,6.91,6.5,6.5,6.41,6.39,9.0,-52.12,8.95,2693673879.0,2328413289.0,0.45,0.61,27.69,61.56
230,000668,*ST荣控,7.87,3.55,0.27,17111.0,13318639.0,4.87,7.92,7.55,7.55,7.6,2.67,1.17,-19.79,1.61,1155645674.0,1155645674.0,0.0,0.0,39.29,22.4
231,688266,泽璟制药-U,119.33,3.54,4.08,16196.0,191942025.0,5.87,120.8,114.03,115.0,115.25,3.41,0.61,-279.42,25.76,31587627835.0,31587627835.0,-0.32,-0.31,38.76,91.51
232,002580,圣阳股份,15.63,3.51,0.53,286957.0,441204249.8,7.42,15.98,14.86,15.0,15.1,3.62,6.34,29.22,3.16,7093972361.0,7070055444.0,-1.08,0.77,7.57,84.32
233,002550,千红制药,8.84,3.51,0.3,1421725.0,1228387837.21,7.03,8.95,8.35,8.7,8.54,10.17,14.84,17.57,4.47,11313432000.0,8466417887.0,0.45,1.61,61.9,45.39
234,603612,索通发展,16.85,3.5,0.57,53409.0,89081375.0,3.99,16.9,16.25,16.25,16.28,7.76,1.07,8.58,1.58,8393060134.0,8393060134.0,0.12,0.48,-12.19,24.72
235,301018,申菱环境,34.57,3.5,1.17,21284.0,72857878.04,3.98,34.77,33.44,33.72,33.4,4.88,1.07,42.47,3.61,9197437137.0,6878580062.0,0.14,-0.52,-29.16,-9.93
236,600771,广誉远,22.55,3.49,0.76,72207.0,161083085.0,4.73,22.66,21.63,21.7,21.79,6.16,1.48,43.4,6.76,11038025230.0,11038025230.0,0.22,1.17,31.18,19.57
237,300329,海伦钢琴,7.72,3.49,0.26,26211.0,19891950.96,3.75,7.74,7.46,7.47,7.46,3.8,1.04,-50.4,2.76,1952301382.0,1946524127.0,0.65,1.45,21.38,51.08
238,002389,航天彩虹,23.75,3.49,0.8,542715.0,1273427657.5,7.93,24.32,22.5,22.5,22.95,8.11,5.48,-191.02,2.95,23598229948.0,23532026110.0,0.13,-0.84,18.34,31.58
239,603335,迪生力,5.06,3.48,0.17,48109.0,24008053.0,3.68,5.08,4.9,4.95,4.89,2.2,1.12,-23.94,9.18,2166411676.0,2166411676.0,1.0,2.43,13.2,-8.83
240,688611,杭州柯林,30.73,3.47,1.03,6118.0,18723485.0,4.34,30.97,29.68,29.7,29.7,3.25,0.4,250.69,5.4,4713662408.0,4713662408.0,-0.19,-0.23,-18.88,29.44
241,300972,万辰集团,190.2,3.47,6.38,11442.0,215223028.0,7.67,193.94,179.84,182.99,183.82,4.56,0.73,39.83,27.35,34234052542.0,29619493369.0,-0.86,-1.84,106.72,138.32
242,601828,美凯龙,2.98,3.47,0.1,270254.0,81830723.0,4.17,3.09,2.97,3.01,2.88,18.88,0.75,-6.32,0.28,12977103366.0,10768072176.0,0.0,-0.33,-3.25,-7.17
243,688180,君实生物-U,34.2,3.45,1.14,79975.0,270239285.0,4.9,34.5,32.88,33.2,33.06,4.4,1.05,-35.88,6.0,33710593588.0,26147574808.0,-0.58,0.68,15.35,25.14
244,688433,华曙高科,35.69,3.45,1.19,4649.0,16408350.0,3.48,35.81,34.61,34.61,34.5,1.91,0.23,2620.62,7.63,14781684472.0,7213103181.0,-0.2,0.0,-19.14,53.24
245,600774,汉商集团,9.02,3.44,0.3,80990.0,72120524.0,4.7,9.13,8.72,8.72,8.72,7.76,2.75,240.92,1.6,2661192266.0,2659476022.0,0.33,0.78,16.99,20.43
246,603687,大胜达,7.54,3.43,0.25,57709.0,43017302.0,4.8,7.58,7.23,7.23,7.29,3.86,1.05,34.8,1.26,4147240255.0,4147240255.0,0.4,0.67,7.1,3.43
247,300476,胜宏科技,87.99,3.43,2.92,127523.0,1112447470.97,2.88,88.4,85.95,86.0,85.07,2.86,1.49,20.61,7.85,75907973522.0,75249814657.0,-0.27,0.39,53.86,110.55
248,839719,宁新新材,14.8,3.42,0.49,32001.0,46664926.93,5.66,14.95,14.14,14.41,14.31,2.14,4.37,-19.49,2.1,1377782320.0,1083266198.0,0.2,1.37,9.87,42.03
249,600203,福日电子,9.71,3.41,0.32,300463.0,292897408.0,5.32,9.97,9.47,9.5,9.39,10.49,5.07,-35.73,3.56,5757914276.0,5757914276.0,0.1,-0.1,-19.35,8.37
250,002851,麦格米特,44.51,3.39,1.46,72584.0,322072038.45,3.21,44.77,43.39,43.4,43.05,5.0,1.59,56.62,3.96,24291811027.0,20324232357.0,-0.22,-0.2,-14.5,-27.58
251,002259,升达林业,4.27,3.39,0.14,131594.0,56809400.0,8.23,4.47,4.13,4.23,4.13,2.86,1.75,70.65,12.09,3212441700.0,3212441700.0,-0.47,-0.23,72.18,79.41
252,600202,哈空调,5.79,3.39,0.19,140477.0,81303475.0,6.61,6.02,5.65,5.65,5.6,2.68,3.66,-56.65,2.69,2219542491.0,2219542491.0,-0.34,0.35,19.38,30.11
253,600735,新华锦,8.23,3.39,0.27,70577.0,57137969.0,4.02,8.23,7.91,7.95,7.96,2.09,1.66,140.04,2.91,3528844742.0,3501468536.0,0.86,1.35,55.58,80.48
254,605286,XD同力日,37.3,3.38,1.22,10442.0,38687484.0,3.13,37.6,36.47,36.5,36.08,6.09,0.62,21.58,3.09,6266400000.0,6266400000.0,-0.4,0.27,-10.08,24.17
255,688177,百奥泰,27.0,3.37,0.88,16532.0,43352371.0,5.74,27.0,25.5,25.99,26.12,3.46,0.4,-29.95,18.19,11180160000.0,11180160000.0,1.5,2.86,30.43,39.32
256,603822,嘉澳环保,53.9,3.36,1.75,13429.0,72222413.0,3.51,54.58,52.75,53.3,52.15,9.99,1.75,-22.01,7.3,4140915255.0,4140915255.0,0.0,-0.46,4.76,10.54
257,688505,复旦张江,8.99,3.33,0.29,65405.0,58559620.0,5.4,9.14,8.67,8.75,8.7,7.25,0.92,874.14,4.04,9318783179.0,6388043179.0,0.56,0.78,10.71,17.21
258,300536,农尚环境,8.99,3.33,0.29,50844.0,44952654.78,4.6,9.04,8.64,8.7,8.7,4.01,1.73,-100.49,5.09,2636660316.0,2636346628.0,-0.11,0.78,28.06,56.89
259,688022,瀚川智能,13.45,3.3,0.43,14536.0,19435139.0,5.38,13.7,13.0,13.09,13.02,4.55,0.83,54.76,3.56,2365563458.0,2365563458.0,0.15,-0.3,-1.1,22.72
260,301110,青木科技,48.75,3.28,1.55,10496.0,50495482.0,4.85,49.0,46.71,47.14,47.2,2.15,2.16,112.6,3.24,4511097484.0,2366341234.0,0.35,0.45,-7.32,-20.78
261,688573,信宇人,19.85,3.28,0.63,9752.0,19123747.0,3.9,19.95,19.2,19.35,19.22,3.55,1.88,-18.76,2.53,1940424602.0,1032086776.0,0.35,0.3,-5.7,27.33
262,002848,*ST高斯,7.58,3.27,0.24,22269.0,16742377.0,4.09,7.65,7.35,7.4,7.34,2.41,1.36,-21.4,9.4,1266997000.0,1245075496.0,-0.39,-0.26,11.96,0.0
263,830779,武汉蓝电,46.94,3.26,1.48,6605.0,30531474.8,4.16,46.95,45.06,45.5,45.46,3.08,3.3,81.52,8.06,3758707357.0,940358455.0,0.95,1.03,-9.54,104.71
264,002858,力盛体育,13.36,3.25,0.42,39800.0,52446420.0,3.79,13.37,12.88,12.95,12.94,5.63,2.71,84.99,4.1,2189969036.0,1963665332.0,0.53,0.6,9.87,16.78
265,600448,华纺股份,3.81,3.25,0.12,431674.0,164106514.0,5.96,3.92,3.7,3.7,3.69,3.81,6.85,1264.02,1.99,2399612912.0,2399612912.0,0.53,1.6,34.63,43.77
266,002486,嘉麟杰,2.55,3.24,0.08,139279.0,35418334.0,2.43,2.57,2.51,2.52,2.47,7.71,1.68,55.4,2.01,2111724360.0,2109483293.0,0.0,0.79,11.84,4.08
267,300998,宁波方正,21.34,3.24,0.67,26580.0,56310783.19,3.24,21.49,20.82,20.97,20.67,5.3,2.47,116.31,2.27,2927191368.0,2297903577.0,-0.19,-0.05,30.92,43.13
268,603083,剑桥科技,37.25,3.24,1.17,68546.0,253264323.0,3.05,37.4,36.3,36.5,36.08,3.6,2.56,79.41,4.26,9984558577.0,9983739077.0,0.24,-0.32,-7.01,-8.25
269,002448,中原内配,8.61,3.24,0.27,212409.0,181785195.5,3.24,8.7,8.43,8.52,8.34,5.31,4.36,11.41,1.41,5066207052.0,4192008025.0,-0.12,0.0,8.44,37.54
270,832982,锦波生物,500.0,3.23,15.65,3083.0,152039981.48,4.82,503.33,480.0,484.36,484.35,2.41,0.67,65.65,25.98,44255900000.0,22945540000.0,0.28,0.2,96.57,141.55
271,301338,凯格精机,38.2,3.22,1.19,7602.0,28692391.0,3.86,38.47,37.04,37.27,37.01,2.18,2.22,30.6,2.75,4064480000.0,1310260000.0,-0.26,0.55,11.86,22.44
272,002748,世龙实业,9.31,3.22,0.29,26026.0,24045698.0,3.55,9.35,9.03,9.04,9.02,5.03,1.08,23.11,1.63,2234400000.0,2234400000.0,-0.32,-0.21,19.82,14.66
273,835640,富士达,29.56,3.21,0.92,19827.0,57712338.11,4.54,29.56,28.26,28.35,28.64,4.32,1.1,112.15,6.39,5549239680.0,5337513520.0,0.54,1.44,0.78,8.84
274,605289,罗曼股份,29.05,3.2,0.9,48166.0,142879155.0,10.16,30.97,28.11,29.8,28.15,16.8,4.45,55.22,2.49,3184446475.0,3147204375.0,1.22,1.75,11.0,15.92
275,603416,信捷电气,58.38,3.2,1.81,25024.0,148159711.0,4.45,60.52,58.0,58.0,56.57,10.94,1.79,49.85,3.37,9173753395.0,8144301900.0,0.31,-0.41,13.01,39.17
276,600255,鑫科材料,3.24,3.18,0.1,284170.0,91155080.0,4.14,3.27,3.14,3.14,3.14,5.44,1.57,163.79,4.06,5851916134.0,5851916134.0,0.62,1.25,-16.49,-5.26
277,002290,禾盛新材,31.97,3.16,0.98,19580.0,62544183.0,2.9,32.25,31.35,31.35,30.99,5.72,0.79,38.92,9.27,7932151190.0,7904577065.0,-0.34,-0.37,25.62,86.96
278,301061,匠心家居,66.84,3.15,2.04,4230.0,27711120.5,4.86,67.28,64.13,64.27,64.8,3.78,0.29,18.73,3.94,14543167245.0,9657339836.0,0.3,-0.03,18.11,41.76
279,832662,方盛股份,25.63,3.14,0.78,11371.0,29222976.31,6.44,26.4,24.8,24.98,24.85,6.05,4.63,79.97,5.03,2243906551.0,630003008.0,-0.66,-1.73,-10.7,29.25
280,002574,明牌珠宝,7.23,3.14,0.22,347376.0,246583240.82,8.7,7.35,6.74,6.8,7.01,3.58,6.58,-25.1,1.25,3817440000.0,3817440000.0,0.14,0.14,48.46,56.83
281,603630,拉芳家化,25.98,3.14,0.79,40157.0,102540456.0,4.17,26.0,24.95,25.28,25.19,2.84,1.78,112.09,3.03,5850814988.0,5850814988.0,0.85,0.85,88.81,88.53
282,001255,博菲电气,30.4,3.12,0.92,7024.0,21229245.0,3.66,30.88,29.8,29.8,29.48,2.55,3.51,211.35,3.36,2432000000.0,608000000.0,0.0,0.73,7.53,7.23
283,301335,天元宠物,36.99,3.12,1.12,47772.0,172657835.8,5.02,37.19,35.39,35.87,35.87,2.86,9.58,70.11,2.47,4660740000.0,1844876398.0,1.76,2.49,35.94,64.4
284,836239,长虹能源,45.31,3.12,1.37,9401.0,42164218.45,2.96,45.38,44.08,44.11,43.94,4.86,1.89,25.45,6.55,5892701566.0,2252363906.0,0.71,0.94,-13.1,58.59
285,300947,德必集团,21.8,3.12,0.66,36620.0,79637185.65,5.11,22.2,21.12,21.27,21.14,3.61,2.42,410.26,2.59,3294801773.0,3293739786.0,-0.09,-0.14,18.16,37.37
286,832419,路斯股份,26.19,3.11,0.79,19638.0,50589022.37,4.45,26.23,25.1,25.39,25.4,2.79,2.1,40.96,4.85,2705594616.0,2451398378.0,0.89,0.92,55.61,80.62
287,688592,司南导航,46.14,3.11,1.39,9113.0,41891796.0,4.42,46.63,44.65,44.8,44.75,4.17,3.13,-69.06,3.07,2868062400.0,1343705367.0,-0.11,-0.67,10.17,23.37
288,688077,大地熊,25.6,3.1,0.77,19153.0,48912485.0,4.91,25.99,24.77,24.98,24.83,6.78,1.67,107.78,2.79,2930649702.0,2930649702.0,0.59,0.95,-2.25,23.31
289,002286,保龄宝,12.37,3.08,0.37,182652.0,226613667.56,3.58,12.7,12.27,12.38,12.0,2.85,4.94,22.71,2.19,4574022491.0,4572048239.0,-0.48,-0.48,68.53,67.62
290,301377,鼎泰高科,27.13,3.08,0.81,13032.0,34988152.0,4.33,27.21,26.07,26.14,26.32,2.96,1.83,38.31,4.56,11123300000.0,1926881120.0,-0.07,-0.07,4.39,30.0
291,002438,江苏神通,11.74,3.07,0.35,83273.0,97817223.0,3.6,11.9,11.49,11.49,11.39,3.55,1.78,16.64,1.65,5958489792.0,5504659031.0,0.0,0.0,-0.42,-3.77
292,603123,翠微股份,12.76,3.07,0.38,1138549.0,1472273384.0,12.92,13.62,12.02,12.35,12.38,18.95,17.46,-31.1,4.95,10191879845.0,8323041109.0,-1.01,-0.31,45.0,58.51
293,600110,诺德股份,3.36,3.07,0.1,116709.0,39153378.0,4.29,3.42,3.28,3.28,3.26,5.77,0.67,-38.69,1.02,5830207932.0,5830207932.0,0.3,0.3,-21.68,-16.0
294,002246,北化股份,13.12,3.06,0.39,489084.0,649672046.54,9.27,14.0,12.82,13.1,12.73,28.83,8.91,61.03,2.53,7203336497.0,7203336497.0,-0.23,-0.61,20.37,29.52
295,688237,超卓航科,25.61,3.06,0.76,5788.0,14727098.0,4.55,25.88,24.75,24.83,24.85,7.85,1.31,273.52,1.87,2294740769.0,1129049400.0,-0.35,-0.62,-1.5,13.47
296,002318,久立特材,24.91,3.06,0.74,35280.0,87105928.2,3.48,24.95,24.11,24.16,24.17,4.69,0.37,15.64,3.37,24341322635.0,23783119477.0,-0.04,0.04,15.81,10.86
297,300977,深圳瑞捷,17.54,3.06,0.52,5142.0,8914106.0,3.82,17.57,16.92,17.09,17.02,4.03,0.54,156.52,1.96,2670056792.0,1661593737.0,0.4,0.29,-9.73,-4.83
298,300491,通合科技,18.52,3.06,0.55,25087.0,46074091.5,2.84,18.56,18.05,18.08,17.97,3.17,1.62,-124.06,2.84,3236149593.0,2871576097.0,0.05,0.49,-11.56,16.33
299,603063,禾望电气,29.39,3.05,0.87,54798.0,160438794.0,3.51,29.63,28.63,28.75,28.52,3.15,1.21,31.63,2.88,13328247146.0,13328247146.0,-0.71,-0.61,6.91,48.14
300,300205,*ST天喻,4.06,3.05,0.12,24237.0,9755492.9,2.79,4.07,3.96,3.96,3.94,2.19,0.56,-10.86,1.64,1746027360.0,1746027360.0,0.25,0.25,-9.17,-6.88
301,002612,朗姿股份,18.92,3.05,0.56,284164.0,541387814.25,3.65,19.37,18.7,19.0,18.36,18.32,11.16,21.97,3.09,8371066495.0,4819666175.0,0.26,0.26,31.48,18.55
302,002526,山东矿机,4.08,3.03,0.12,1946380.0,798230158.27,4.04,4.17,4.01,4.09,3.96,23.38,10.99,34.26,2.29,7273798851.0,7226024507.0,-0.24,0.25,-9.33,15.58
303,001267,汇绿生态,8.19,3.02,0.24,41967.0,34446970.5,4.15,8.33,8.0,8.0,7.95,5.94,0.73,80.96,4.11,6422308713.0,4716304235.0,0.24,0.0,-9.3,7.91
304,002664,信质集团,22.53,3.02,0.66,114004.0,256448036.0,5.03,22.9,21.8,21.8,21.87,3.22,2.83,402.81,2.7,9196746000.0,9070039263.0,-0.18,0.13,18.39,60.24
305,000852,石化机械,6.48,3.02,0.19,136185.0,87313515.2,3.18,6.49,6.29,6.29,6.29,6.36,1.44,264.95,2.0,6195798145.0,6128755397.0,0.78,0.93,-1.37,-6.09
306,831627,力王股份,28.08,3.01,0.82,9350.0,25896677.65,3.67,28.2,27.2,27.64,27.26,3.63,2.0,102.48,5.99,2652156000.0,1314635400.0,0.47,1.63,-19.29,47.02
307,300738,奥飞数据,20.38,2.98,0.59,152490.0,308162411.87,3.69,20.48,19.75,19.87,19.79,3.99,1.55,97.0,5.87,20077131393.0,20071446107.0,-0.34,0.05,-9.62,40.55
308,300989,蕾奥规划,16.91,2.98,0.49,26535.0,44702210.7,3.9,17.06,16.42,16.48,16.42,4.7,1.76,234.89,3.63,3573765978.0,2546868569.0,-0.53,-0.53,13.19,6.69
309,002294,信立泰,46.82,2.97,1.35,28358.0,130658020.06,5.52,46.98,44.47,45.15,45.47,2.54,0.25,65.14,6.24,52195710169.0,52183967760.0,-0.26,0.45,61.5,53.86
310,002882,金龙羽,25.28,2.97,0.73,221474.0,542379622.82,7.33,25.5,23.7,24.28,24.55,3.31,8.97,73.61,5.35,10943712000.0,6239284752.0,-0.08,1.12,41.15,57.21
311,300065,海兰信,18.73,2.97,0.54,380966.0,709768489.77,5.28,18.99,18.03,18.06,18.19,3.13,5.81,96.94,7.74,13494862041.0,12284007005.0,-0.11,-0.48,57.66,128.41
312,833075,柏星龙,33.76,2.96,0.97,15354.0,51452411.97,4.48,33.99,32.52,32.7,32.79,2.3,4.4,188.51,5.76,2188154400.0,1177510449.0,-0.21,0.18,-3.4,28.56
313,603021,ST华鹏,3.82,2.96,0.11,30337.0,11461442.0,3.77,3.84,3.7,3.7,3.71,2.65,0.95,-11.16,44.09,1222201627.0,1222201627.0,0.53,0.26,-15.49,-10.96
314,002392,北京利尔,6.26,2.96,0.18,90350.0,56451328.0,4.44,6.34,6.07,6.07,6.08,6.74,0.79,14.73,1.36,7452472652.0,7160697458.0,-0.48,-0.48,23.72,32.63
315,600243,*ST海华,3.15,2.94,0.09,37337.0,11617783.0,3.27,3.17,3.07,3.08,3.06,1.67,0.85,-430.1,2.16,1382377500.0,1382377500.0,1.29,1.61,3.96,-14.63
316,601869,长飞光纤,34.26,2.94,0.98,24499.0,83322335.0,3.43,34.4,33.26,33.3,33.28,6.76,0.6,42.79,2.21,25965829000.0,13921150638.0,0.23,0.56,-8.17,14.62
317,002342,巨力索具,5.96,2.94,0.17,601178.0,355736459.0,5.7,6.05,5.72,5.78,5.79,3.14,6.3,238.95,2.35,5721600000.0,5689952400.0,0.17,-0.17,89.21,84.52
318,688192,迪哲医药-U,61.9,2.93,1.76,14231.0,87509161.0,5.14,62.88,59.79,59.79,60.14,2.73,0.76,-36.93,15.87,28437658139.0,11557643458.0,-0.06,1.0,32.12,49.26
319,002842,翔鹭钨业,8.79,2.93,0.25,203307.0,176498702.16,5.27,8.87,8.42,8.48,8.54,6.9,7.57,86.59,2.77,2875845589.0,2359785454.0,-0.11,1.27,16.73,41.55
320,000523,红棉股份,3.53,2.92,0.1,215307.0,75786416.48,4.66,3.57,3.41,3.41,3.43,8.1,1.62,138.28,3.42,6479203667.0,4677815344.0,0.86,0.28,15.74,15.74
321,688326,经纬恒润-W,104.0,2.91,2.94,7535.0,78088111.0,4.75,105.8,101.0,101.06,101.06,2.07,0.84,-26.0,3.21,12476605440.0,9364178824.0,-0.33,-0.35,11.49,23.66
322,000962,东方钽业,17.4,2.9,0.49,64567.0,111234296.0,3.08,17.42,16.9,16.9,16.91,1.79,1.29,38.88,3.31,8786447759.0,8728876831.0,0.58,0.75,11.47,27.01
323,300212,易华录,22.04,2.89,0.62,92987.0,208131587.42,3.59,22.8,22.03,22.51,21.42,10.28,1.33,-33.01,26.07,15866428981.0,15395526727.0,-0.09,-0.5,-17.94,-5.81
324,688290,景业智能,56.22,2.89,1.58,6946.0,38843838.0,3.5,56.55,54.64,54.64,54.64,1.62,0.68,-145.03,4.51,5745105721.0,5745105721.0,0.09,0.34,-12.43,28.59
325,300547,川环科技,28.57,2.88,0.8,29801.0,84259553.0,3.75,28.77,27.73,27.99,27.77,3.67,1.67,33.36,5.22,6197009391.0,5091848166.0,-0.03,0.04,-22.68,3.74
326,301498,乖宝宠物,116.86,2.87,3.26,12020.0,139241631.9,4.48,117.99,112.9,113.6,113.6,5.29,0.67,57.25,11.02,46749200270.0,20920501454.0,-0.71,0.26,29.84,49.21
327,603166,福达股份,15.03,2.87,0.42,99155.0,149120468.0,4.79,15.28,14.58,14.68,14.61,5.1,1.55,37.29,4.05,9712516025.0,9604300025.0,0.33,0.4,29.01,109.62
328,002965,祥鑫科技,40.09,2.87,1.12,27448.0,108657590.0,3.05,40.1,38.91,39.08,38.97,2.45,1.38,30.96,2.55,10639098592.0,7994812305.0,0.25,1.08,-6.27,54.67
329,301185,鸥玛软件,19.4,2.86,0.54,27859.0,53691421.8,5.36,19.69,18.68,18.77,18.86,8.85,1.99,76.3,2.87,2976301440.0,2711744862.0,-0.26,1.04,3.36,15.61
330,600603,ST广物,7.2,2.86,0.2,26066.0,18591407.0,3.29,7.24,7.01,7.02,7.0,6.54,0.22,10.37,1.2,8591969887.0,8591969887.0,0.14,-0.41,-17.53,-25.16
331,300043,星辉娱乐,3.96,2.86,0.11,358532.0,141368799.0,5.19,4.01,3.81,3.86,3.85,5.88,2.88,-25.89,3.47,4927025668.0,4924416424.0,0.0,0.0,0.25,8.79
332,301232,飞沃科技,28.84,2.85,0.8,17207.0,50248702.8,7.24,30.15,28.12,28.19,28.04,9.09,3.85,-203.29,1.58,2167682087.0,1288203923.0,0.07,0.21,-4.28,16.76
333,600223,福瑞达,8.36,2.83,0.23,165457.0,136538907.0,3.57,8.38,8.09,8.13,8.13,5.26,1.63,41.9,2.05,8498514959.0,8498514959.0,0.36,0.24,16.6,10.58
334,601566,九牧王,9.46,2.83,0.26,47430.0,44920140.0,4.24,9.6,9.21,9.21,9.2,9.63,0.83,7.09,1.37,5436067439.0,5436067439.0,0.11,0.21,13.16,12.49
335,832876,慧为智能,32.4,2.82,0.89,13111.0,42348625.99,3.33,32.67,31.62,31.98,31.51,5.62,3.39,241.12,8.26,2079453352.0,1252088734.0,0.31,0.0,-10.92,98.65
336,688553,汇宇制药-W,16.84,2.81,0.46,25782.0,43073700.0,3.3,16.86,16.32,16.48,16.38,3.26,0.75,-69.59,1.8,7133424000.0,5785208969.0,0.36,0.0,1.81,10.79
337,688163,赛伦生物,19.42,2.81,0.53,23670.0,46686425.0,3.97,20.03,19.28,19.88,18.89,14.64,5.33,139.84,1.95,2101632400.0,861704240.0,0.47,0.47,8.55,10.59
338,300740,水羊股份,18.29,2.81,0.5,219585.0,391800970.99,4.5,18.3,17.5,17.83,17.79,3.79,6.14,42.4,3.48,7102858838.0,6536083380.0,1.44,1.72,49.43,38.35
339,603217,元利科技,17.97,2.8,0.49,17554.0,31349051.0,4.63,18.16,17.35,17.35,17.48,6.67,0.84,20.06,1.12,3739334172.0,3739334172.0,-0.11,-0.44,6.02,10.38
340,688168,安博通,62.33,2.8,1.7,1865.0,11478377.0,3.3,62.34,60.34,61.24,60.63,1.93,0.24,-24.6,4.43,4790379879.0,4790379879.0,0.87,1.68,3.13,59.41
341,300843,胜蓝股份,27.22,2.79,0.74,9958.0,26897657.56,2.87,27.27,26.51,26.6,26.48,4.92,0.63,36.96,2.88,4456046371.0,4275995761.0,0.26,0.29,-18.5,-22.25
342,833751,惠同新材,18.06,2.79,0.49,4916.0,8751829.02,3.24,18.08,17.51,17.6,17.57,2.53,0.59,36.5,4.0,1567246800.0,1500192278.0,0.56,1.06,12.52,48.64
343,300563,神宇股份,34.59,2.79,0.94,21302.0,73214155.0,2.88,34.77,33.8,34.0,33.65,4.96,1.72,127.44,5.75,6176546954.0,4284847492.0,-0.06,0.41,-23.18,-37.29
344,002126,银轮股份,25.41,2.79,0.69,52677.0,132974060.8,2.79,25.46,24.77,24.77,24.72,2.53,0.67,24.97,3.36,21212196445.0,19926347611.0,0.47,0.51,-25.4,35.74
345,920002,万达轴承,197.7,2.78,5.35,1991.0,39057404.64,2.91,198.08,192.48,192.48,192.35,2.57,3.46,86.69,9.21,6425669124.0,1136775000.0,0.0,0.13,-30.37,194.07
346,688710,益诺思,34.52,2.77,0.93,10765.0,36902117.0,5.15,35.03,33.3,33.5,33.59,6.58,3.82,220.47,2.03,4866616310.0,973323296.0,0.03,0.03,-9.89,-2.79
347,603124,江南新材,42.07,2.76,1.13,8257.0,34544006.0,3.27,42.15,40.81,40.94,40.94,5.82,2.88,41.95,3.56,6131500522.0,1204779877.0,0.14,-0.12,299.15,299.15
348,430300,辰光医疗,21.27,2.75,0.57,50197.0,108238465.06,4.3,21.99,21.1,21.47,20.7,4.29,7.54,-53.19,8.32,1825968370.0,1415128323.0,-0.05,0.19,24.02,83.36
349,300673,佩蒂股份,17.53,2.75,0.47,32601.0,56431571.05,2.87,17.53,17.04,17.2,17.06,3.44,2.01,49.06,2.48,4361956453.0,2839689275.0,0.29,0.52,9.84,0.86
350,603979,金诚信,39.89,2.73,1.06,21674.0,84995940.0,4.35,40.1,38.41,38.98,38.83,2.84,0.35,14.74,2.67,24882431661.0,24882431661.0,0.53,0.81,4.95,9.89
351,000820,*ST节能,3.02,2.72,0.08,80567.0,24665755.74,3.06,3.09,3.0,3.02,2.94,3.7,2.71,-266.29,12.46,1952596641.0,896839969.0,0.0,0.33,5.23,-13.47
352,603709,中源家居,12.82,2.72,0.34,13621.0,17290233.0,4.09,12.89,12.38,12.43,12.48,4.46,1.09,174.07,3.03,1614068768.0,1599936000.0,-0.31,0.23,14.26,17.94
353,300810,中科海讯,32.87,2.72,0.87,31239.0,101372906.0,4.78,33.05,31.52,31.74,32.0,4.11,2.74,-38.45,4.89,3880303500.0,3746742829.0,0.09,0.34,48.06,70.93
354,688521,芯原股份,86.79,2.71,2.29,18275.0,156442168.0,4.2,87.25,83.7,84.55,84.5,2.33,0.37,-49.32,22.62,43469017289.0,43307281173.0,0.22,0.15,-13.04,65.53
355,300283,温州宏丰,5.69,2.71,0.15,47324.0,26877138.0,5.23,5.82,5.53,5.53,5.54,6.44,1.54,-41.39,3.35,2488136873.0,1749804066.0,-1.39,1.07,-9.54,3.64
356,832225,利通科技,21.3,2.7,0.56,19094.0,40312012.74,2.56,21.38,20.85,20.98,20.74,3.0,2.31,18.96,3.95,2703372442.0,1763259880.0,0.33,0.42,55.36,113.0
357,600439,瑞贝卡,3.81,2.7,0.1,228842.0,86558831.0,4.04,3.84,3.69,3.71,3.71,2.14,2.02,169.51,1.63,4312864526.0,4312864526.0,0.0,0.0,-3.54,13.06
358,600126,杭钢股份,9.12,2.7,0.24,503400.0,458286513.0,3.83,9.24,8.9,8.95,8.88,4.89,1.49,-220.03,1.59,30799964437.0,30799964437.0,-0.44,-0.87,-26.27,90.79
359,600671,天目药业,13.7,2.7,0.36,12113.0,16367933.0,3.82,13.72,13.21,13.34,13.34,3.09,1.0,81.87,29.03,1668370725.0,1667571302.0,-0.07,0.07,35.51,56.04
360,300833,浩洋股份,34.22,2.7,0.9,5003.0,17033700.0,2.64,34.24,33.36,33.36,33.32,3.88,0.62,20.32,1.87,4328504910.0,2780719732.0,0.12,0.26,-15.32,-22.49
361,603881,数据港,29.4,2.69,0.77,87864.0,257500956.0,3.42,29.58,28.6,28.87,28.63,6.36,1.47,99.87,5.38,17600236471.0,17600236471.0,-0.2,-0.24,-20.07,29.8
362,301306,西测测试,37.44,2.69,0.98,9533.0,35680931.0,3.78,37.83,36.45,36.46,36.46,6.37,2.43,-39.59,3.16,3159936000.0,1470643200.0,-0.16,-0.16,-16.3,0.19
363,301259,艾布鲁,49.33,2.69,1.29,11454.0,56115169.4,3.81,49.83,48.0,48.16,48.04,2.7,1.41,226.07,9.13,7695480000.0,4013971642.0,-0.36,-0.14,1.9,2.77
364,605376,博迁新材,32.87,2.69,0.86,8364.0,27252104.0,3.69,32.92,31.74,32.32,32.01,3.65,0.32,44.91,5.43,8598792000.0,8598792000.0,0.03,0.06,-21.59,13.54
365,002211,ST宏达,3.06,2.68,0.08,36195.0,11003466.0,3.69,3.09,2.98,2.98,2.98,2.15,0.84,-100.89,63.19,1323375884.0,1323375884.0,0.0,0.0,-23.31,-13.56
366,002593,日上集团,4.98,2.68,0.13,64756.0,31969801.0,3.3,5.01,4.85,4.88,4.85,2.49,1.14,70.2,1.69,4003212984.0,2840800209.0,0.81,1.01,-10.75,-0.8
367,688076,诺泰生物,50.17,2.68,1.31,20753.0,102801094.0,3.58,50.17,48.42,48.86,48.86,3.92,0.92,18.48,3.81,11281773806.0,11281773806.0,0.66,0.34,-8.32,-3.37
368,603103,横店影视,16.2,2.66,0.42,31428.0,50605410.0,3.36,16.35,15.82,15.92,15.78,6.9,0.5,7.49,6.8,10274040000.0,10274040000.0,-0.12,-0.31,18.68,12.58
369,603557,ST起步,3.09,2.66,0.08,49140.0,14996560.0,3.99,3.11,2.99,3.01,3.01,3.05,0.79,-243.45,12.18,1926419984.0,1926419984.0,-0.32,0.0,40.45,23.6
370,603577,汇金通,12.01,2.65,0.31,257934.0,303550742.0,7.78,12.29,11.38,11.68,11.7,4.04,7.61,68.09,2.17,4073060591.0,4073060591.0,0.76,3.71,46.29,52.03
371,002026,山东威达,12.03,2.65,0.31,44113.0,52527337.0,3.16,12.07,11.7,11.7,11.72,2.13,1.03,22.62,1.45,5361811168.0,5150826742.0,1.01,1.52,5.8,22.26
372,603261,*ST立航,20.14,2.65,0.52,13793.0,27738066.0,3.41,20.52,19.85,19.85,19.62,6.06,1.78,-79.58,2.19,1569059507.0,1560951143.0,0.25,0.85,-23.86,-27.55
373,300159,*ST新研,2.33,2.64,0.06,932174.0,222035190.55,9.69,2.5,2.28,2.4,2.27,15.51,6.33,-18.31,-10.96,3499580601.0,3429385343.0,-0.43,0.43,-12.73,-15.58
374,600530,交大昂立,8.58,2.63,0.22,385058.0,339991584.0,8.13,9.18,8.5,8.94,8.36,5.21,4.97,-241.44,21.47,6648813600.0,6648813600.0,0.0,-0.69,71.6,77.64
375,300876,蒙泰高新,23.86,2.62,0.61,5883.0,13989787.0,4.13,24.3,23.34,23.45,23.25,6.16,0.86,-51.69,3.15,2290614449.0,1631720549.0,-0.13,-0.67,-11.2,-12.92
376,002495,佳隆股份,2.74,2.62,0.07,234333.0,64623846.6,7.49,2.87,2.67,2.68,2.67,6.97,3.44,273.91,2.31,2563614144.0,1866556308.0,0.37,1.11,17.6,7.87
377,002281,光迅科技,41.87,2.6,1.06,48591.0,202066092.08,2.08,41.95,41.1,41.15,40.81,4.14,0.63,56.23,3.5,33782882856.0,32373257374.0,0.17,0.1,-20.35,-19.74
378,688299,长阳科技,18.18,2.6,0.46,22123.0,40084729.0,3.5,18.37,17.75,17.8,17.72,2.47,0.77,92.23,2.49,5224802813.0,5224802813.0,-0.66,-0.6,7.07,23.67
379,001389,广合科技,48.24,2.59,1.22,7748.0,37332273.85,3.49,48.8,47.16,47.18,47.02,4.58,0.52,21.33,6.56,20513336400.0,7247702059.0,0.23,0.08,-15.81,-3.17
380,832522,纳科诺尔,40.11,2.58,1.01,7889.0,31391267.68,3.17,40.2,38.96,39.01,39.1,2.63,0.62,50.7,6.02,6287271379.0,5145183250.0,-0.17,0.63,-10.87,11.82
381,000426,兴业银锡,14.04,2.56,0.35,189644.0,263901146.31,2.99,14.08,13.67,13.76,13.69,4.77,1.07,16.65,3.01,24929925776.0,24923884715.0,0.21,0.29,7.67,26.26
382,300892,品渥食品,34.9,2.56,0.87,26666.0,92567502.0,4.7,35.3,33.7,33.7,34.03,3.19,4.13,147.77,3.34,3490000000.0,2253231250.0,-0.31,-0.29,23.32,9.06
383,603167,渤海轮渡,9.66,2.55,0.24,72713.0,70210088.0,3.93,9.77,9.4,9.47,9.42,6.57,1.55,18.28,1.23,4531935899.0,4531935899.0,-0.51,0.0,19.26,12.06
384,301162,国能日新,48.35,2.55,1.2,6740.0,32514927.4,3.18,48.7,47.2,47.7,47.15,3.62,0.79,87.5,5.15,5812717068.0,4120655294.0,0.23,0.0,15.31,28.86
385,002360,同德化工,5.25,2.54,0.13,39391.0,20553508.0,4.1,5.32,5.11,5.11,5.12,4.18,1.2,51.16,1.05,2109314802.0,1718172288.0,0.38,0.0,4.17,6.71
386,002167,东方锆业,9.31,2.53,0.23,164187.0,152408951.38,3.63,9.42,9.09,9.09,9.08,3.62,2.17,95.66,4.17,7212208423.0,7054967644.0,-0.32,0.32,-3.82,26.84
387,002558,巨人网络,15.83,2.53,0.39,425809.0,675145523.0,6.15,16.24,15.29,15.29,15.44,11.32,2.2,22.01,2.4,30627102172.0,30627102172.0,0.0,-0.44,5.11,26.14
388,002691,冀凯股份,8.09,2.53,0.2,58683.0,47824791.0,5.58,8.35,7.91,8.04,7.89,9.9,1.75,-41.95,3.13,2750600000.0,2718080667.0,-0.25,-1.1,-19.18,59.88
389,301096,百诚医药,44.01,2.52,1.08,108533.0,491038453.81,11.81,48.85,43.78,45.03,42.93,14.14,15.63,-45.87,1.88,4807136779.0,3055628383.0,-1.03,-0.47,18.4,16.0
390,870357,雅葆轩,24.41,2.52,0.6,4256.0,10272999.19,3.07,24.41,23.68,24.07,23.81,1.96,0.96,40.49,5.59,1954752800.0,1086601386.0,0.54,1.45,-0.49,33.75
391,301026,浩通科技,23.65,2.51,0.58,14892.0,34887576.6,3.08,23.78,23.07,23.08,23.07,2.95,1.33,37.81,2.53,3743179793.0,2638882751.0,0.08,0.13,17.84,22.29
392,301191,菲菱科思,76.78,2.51,1.88,5344.0,40737576.0,2.12,76.88,75.29,75.3,74.9,3.96,1.18,124.19,3.08,5324078760.0,3477999174.0,0.26,0.26,-19.82,-14.16
393,002190,成飞集成,36.11,2.5,0.88,275655.0,975160912.98,7.32,36.46,33.88,34.01,35.23,3.86,7.68,6687.48,3.81,12953716576.0,12953716576.0,-0.39,0.31,110.55,86.71
394,301238,瑞泰新材,17.19,2.5,0.42,19502.0,33225709.0,2.74,17.23,16.77,16.77,16.77,3.0,0.91,119.94,1.78,12605999427.0,3667199427.0,0.29,1.24,-18.14,10.48
395,688702,盛科通信-U,63.12,2.5,1.54,7049.0,44233499.0,3.12,63.5,61.58,62.21,61.58,5.2,0.35,-425.71,11.11,25879200000.0,12718161343.0,0.27,0.03,-13.02,-24.86
396,000032,深桑达Ａ,20.11,2.5,0.49,88175.0,177659004.0,2.09,20.34,19.93,19.99,19.62,6.56,1.37,-167.99,3.62,22884360196.0,12966200239.0,-0.3,-0.59,-21.11,14.78
397,002384,东山精密,29.16,2.5,0.71,139598.0,405100619.0,2.43,29.29,28.6,28.6,28.45,3.09,1.01,27.28,2.59,49744443784.0,40425141443.0,0.1,0.0,-5.66,0.1
398,002956,西麦食品,22.65,2.49,0.55,13257.0,29711204.8,2.71,22.75,22.15,22.5,22.1,2.12,0.59,23.18,3.22,5056541945.0,5056030418.0,-0.04,-0.18,44.27,35.87
399,603986,兆易创新,115.69,2.49,2.81,52391.0,603342058.0,3.53,116.86,112.87,113.26,112.88,4.47,0.79,81.86,4.57,76825007691.0,76785306238.0,-0.2,-0.52,-14.86,8.32
400,002867,周大生,16.09,2.48,0.39,71016.0,112145358.0,4.39,16.18,15.49,15.55,15.7,2.78,0.65,17.49,2.99,17633453604.0,17530846242.0,-0.37,0.5,19.9,10.74
401,603050,科林电气,16.09,2.48,0.39,7836.0,12523387.0,3.25,16.23,15.72,15.72,15.7,3.13,0.19,22.31,3.85,6489405815.0,6489405815.0,-0.43,-0.19,6.7,16.51
402,300516,久之洋,33.52,2.48,0.81,15345.0,51425873.5,2.9,33.8,32.85,33.1,32.71,9.48,0.85,-255.34,4.75,6033600000.0,6033600000.0,-0.03,0.06,-2.59,-0.92
403,688353,华盛锂电,21.53,2.48,0.52,4012.0,8704856.0,5.81,22.33,21.11,21.11,21.01,6.91,0.64,-19.93,1.01,3434035000.0,1345934881.0,-0.51,-0.09,-12.27,-7.91
404,002940,昂利康,16.98,2.47,0.41,166495.0,288457232.5,7.18,18.0,16.81,18.0,16.57,21.3,8.99,53.84,2.21,3425344598.0,3145977430.0,-0.06,-0.24,28.73,28.83
405,002227,奥 特 迅,12.03,2.47,0.29,26783.0,32366288.0,6.56,12.55,11.78,11.78,11.74,3.27,1.09,-41.73,3.02,2981108225.0,2958619295.0,-0.08,0.08,-13.33,-2.27
406,300779,惠城环保,167.32,2.47,4.03,8596.0,142125599.0,4.48,168.18,160.87,162.55,163.29,3.06,0.55,-987.65,25.4,32802549572.0,26193072924.0,0.08,0.49,28.44,71.43
407,300762,上海瀚讯,22.11,2.46,0.53,136338.0,302609199.12,3.1,22.48,21.81,21.87,21.58,5.06,2.17,262.32,5.86,13884323219.0,13884323219.0,0.05,0.41,-7.3,5.14
408,002335,科华数据,38.76,2.46,0.93,53008.0,204343590.88,3.12,38.97,37.79,38.0,37.83,3.09,1.17,72.44,3.31,19977448229.0,17623111681.0,-0.08,-0.46,-17.88,34.49
409,002057,中钢天源,8.35,2.45,0.2,79561.0,65859961.19,2.45,8.35,8.15,8.18,8.15,5.25,1.06,24.0,2.0,6333331180.0,6294181453.0,0.24,0.12,0.6,15.65
410,000603,盛达资源,14.23,2.45,0.34,71964.0,101003353.8,3.53,14.3,13.81,13.82,13.89,5.15,1.08,296.3,3.24,9818263794.0,9487373789.0,0.14,-0.28,4.79,18.68
411,603039,泛微网络,59.86,2.45,1.43,4862.0,28836167.0,2.67,59.86,58.3,59.32,58.43,3.33,0.19,149.33,7.19,15599699950.0,15599699950.0,0.17,0.4,-11.27,22.16
412,603699,纽威股份,32.58,2.45,0.78,17624.0,57384711.0,3.55,32.95,31.82,31.98,31.8,3.38,0.23,23.83,5.44,25040129875.0,24587796714.0,-0.18,-0.06,28.12,46.96
413,300487,蓝晓科技,45.84,2.44,1.09,12405.0,56736449.0,3.28,46.22,44.75,44.88,44.75,5.52,0.4,30.12,5.9,23271385603.0,14055772695.0,0.07,-0.04,-3.72,-4.24
414,301273,瑞晨环保,23.9,2.44,0.57,2776.0,6571622.0,2.87,23.96,23.29,23.33,23.33,3.03,0.8,-19.18,1.82,1712238829.0,827606619.0,-0.13,-0.13,8.54,30.67
415,600577,精达股份,7.56,2.44,0.18,240244.0,180551222.0,2.71,7.62,7.42,7.44,7.38,1.84,1.12,32.43,2.83,16247633467.0,16247633467.0,0.13,0.4,11.67,4.42
416,603009,北特科技,48.43,2.43,1.15,34713.0,167258835.0,3.74,48.78,47.01,47.01,47.28,2.03,1.03,177.74,9.78,16394822316.0,16389146417.0,-0.31,-0.45,-10.22,24.18
417,000609,*ST中迪,3.37,2.43,0.08,42095.0,14073604.17,3.34,3.4,3.29,3.29,3.29,1.7,1.45,-8.69,8.93,1008524809.0,980866377.0,0.0,-0.3,31.13,34.26
418,300224,正海磁材,12.7,2.42,0.3,100056.0,127294345.22,3.95,12.9,12.41,12.41,12.4,10.26,1.2,38.28,2.96,10638973553.0,10573363804.0,0.16,0.16,-12.59,4.87
419,002229,鸿博股份,16.94,2.42,0.4,462682.0,779917825.89,5.44,17.21,16.31,16.69,16.54,2.63,9.38,24.84,6.29,8405483807.0,8354203259.0,-0.41,-1.11,31.32,41.28
420,920068,天工股份,21.58,2.42,0.51,27882.0,59859623.55,4.51,21.89,20.94,21.1,21.07,2.59,4.45,80.93,11.32,13953628324.0,1353157952.0,-0.09,-0.55,447.72,447.72
421,920060,万源通,30.2,2.41,0.71,7612.0,22775850.55,3.05,30.35,29.45,29.76,29.49,3.43,1.09,40.39,4.69,4591748823.0,2117058475.0,0.13,0.73,-19.47,0.03
422,600732,爱旭股份,11.04,2.41,0.26,154107.0,171405317.0,3.99,11.29,10.86,10.88,10.78,6.78,0.96,-16.79,6.21,20176899033.0,17646857563.0,0.18,0.27,-17.55,0.18
423,300757,罗博特科,135.53,2.41,3.19,13585.0,180757137.57,3.3,135.55,131.18,132.34,132.34,4.09,0.92,-213.13,16.34,22310968387.0,20081630538.0,1.31,1.93,-22.99,-39.85
424,835305,*ST云创,11.92,2.41,0.28,13297.0,15866360.14,3.09,12.1,11.74,11.75,11.64,3.31,1.64,-51.97,2.53,1577923410.0,966722430.0,0.08,-0.25,-70.92,-41.31
425,003006,百亚股份,32.02,2.4,0.75,7322.0,23118452.8,3.68,32.1,30.95,31.27,31.27,1.31,0.17,26.34,10.19,13758538996.0,13722906339.0,0.5,0.72,35.28,36.6
426,301275,汉朔科技,54.26,2.4,1.27,7838.0,42448491.0,3.13,54.87,53.21,53.21,52.99,4.09,2.47,38.26,5.89,22919424000.0,1723338512.0,-0.2,-0.99,97.31,97.31
427,002240,盛新锂能,11.53,2.4,0.27,65720.0,75779202.85,3.64,11.67,11.26,11.26,11.26,7.39,0.76,-17.05,0.92,10553338344.0,9992475134.0,-0.09,-0.26,-13.37,-16.33
428,601212,白银有色,3.0,2.39,0.07,461585.0,137285288.0,3.75,3.01,2.9,2.92,2.93,7.38,0.62,-125.98,1.48,22214323533.0,22214323533.0,0.67,0.67,7.53,7.91
429,300918,南山智尚,20.23,2.38,0.47,57969.0,116934154.0,4.15,20.45,19.63,19.63,19.76,3.8,1.33,58.94,3.22,8794099467.0,8794099467.0,0.25,-0.05,9.65,99.11
430,600362,江西铜业,21.96,2.38,0.51,117871.0,257883684.0,3.08,22.13,21.47,21.47,21.45,10.09,0.57,9.74,0.95,76041537734.0,45572433014.0,-0.18,-0.41,4.22,6.4
431,300620,光库科技,41.29,2.38,0.96,17763.0,73190037.0,1.71,41.53,40.84,41.5,40.33,5.46,0.72,237.18,5.33,10288664703.0,10192580437.0,0.17,0.36,-14.07,-14.87
432,603322,超讯通信,38.94,2.37,0.9,31440.0,120974302.0,3.0,39.02,37.88,37.88,38.04,2.58,2.0,30.64,22.05,6136429836.0,6136429836.0,0.36,0.57,-18.96,2.47
433,603316,诚邦股份,6.92,2.37,0.16,22499.0,15526785.0,3.11,6.99,6.78,6.78,6.76,3.66,0.85,154.46,2.8,1828706880.0,1828706880.0,0.14,0.0,16.69,47.23
434,000737,北方铜业,9.08,2.37,0.21,225851.0,203654311.53,2.82,9.12,8.87,8.87,8.87,5.5,1.27,11.65,2.61,17294825230.0,16092204263.0,0.0,0.11,-0.11,16.41
435,301231,荣信文化,23.83,2.36,0.55,6377.0,14981712.73,2.75,23.85,23.21,23.36,23.28,2.26,1.18,1929.03,2.32,2011252000.0,1284437000.0,1.49,1.75,33.73,32.54
436,300295,三六五网,17.02,2.35,0.39,17715.0,30065592.0,3.01,17.1,16.6,16.72,16.63,2.04,1.06,-397.27,2.86,3227225412.0,2851677580.0,-0.12,-0.29,11.61,2.47
437,001282,三联锻造,27.87,2.35,0.64,12441.0,34270708.98,3.71,28.0,26.99,27.2,27.23,3.37,2.23,36.88,2.81,4423080480.0,1556037840.0,0.11,0.61,-0.32,32.71
438,688416,恒烁股份,38.39,2.35,0.88,3641.0,13909859.0,2.67,38.58,37.58,37.66,37.51,2.52,0.76,-30.23,2.38,3183660165.0,1846321404.0,-0.08,0.37,-17.28,-1.56
439,601609,金田股份,6.52,2.35,0.15,27492.0,17768359.0,2.35,6.53,6.38,6.39,6.37,4.62,0.19,16.06,1.18,9685447795.0,9685447795.0,0.31,0.62,5.5,10.51
440,000807,云铝股份,14.83,2.35,0.34,150204.0,222432395.24,2.55,14.93,14.56,14.56,14.49,4.05,0.43,13.2,1.75,51429808316.0,51429244717.0,-0.13,-0.34,-17.52,9.61
441,300657,弘信电子,25.75,2.34,0.59,57079.0,146235148.75,2.58,25.92,25.27,25.31,25.16,3.42,1.25,462.28,9.7,12575271442.0,11757558742.0,-0.54,-0.23,-35.11,13.64
442,873703,广厦环能,26.22,2.34,0.6,5149.0,13431301.6,2.77,26.36,25.65,25.85,25.62,1.9,0.95,46.75,2.68,2822845200.0,1428337253.0,-0.04,0.27,-0.91,26.42
443,301093,华兰股份,30.6,2.34,0.7,10448.0,31327780.0,4.18,30.86,29.61,29.86,29.9,1.46,0.83,52.57,1.71,3865053625.0,3858781390.0,1.19,1.83,22.45,28.57
444,002094,青岛金王,10.11,2.33,0.23,1214857.0,1236931939.2,11.64,10.66,9.51,9.51,9.88,4.02,17.6,199.89,4.69,6984974220.0,6980485380.0,0.1,-0.79,69.06,83.82
445,605016,百龙创园,28.07,2.33,0.64,22166.0,61843907.0,2.7,28.19,27.45,27.6,27.43,2.17,0.69,27.85,5.29,9069035248.0,9069035248.0,-0.11,0.25,55.6,66.09
446,301085,亚康股份,56.15,2.33,1.28,6077.0,33974077.95,3.83,56.98,54.88,54.88,54.87,4.09,1.03,71.16,4.44,4872454151.0,3307894313.0,-0.5,-0.88,-29.09,-18.11
447,688313,仕佳光子,29.15,2.32,0.66,94749.0,275145577.0,2.56,29.28,28.55,28.99,28.49,4.31,2.07,35.88,10.35,13374087861.0,13374087861.0,0.03,-0.14,55.72,77.85
448,600200,*ST苏吴,2.65,2.32,0.06,144809.0,38358805.0,3.86,2.68,2.58,2.58,2.59,2.4,2.04,-6.71,1.08,1887202355.0,1883830622.0,-0.38,0.38,-58.98,-71.57
449,002991,甘源食品,65.63,2.32,1.49,4444.0,29025995.94,3.18,66.14,64.1,64.57,64.14,3.78,0.89,28.99,3.46,6117754989.0,3260861400.0,-0.3,-0.12,-5.24,-29.82
450,000963,华东医药,45.56,2.31,1.03,45877.0,205434636.66,3.64,45.57,43.95,44.2,44.53,2.52,0.26,21.84,3.47,79915750307.0,79818442348.0,0.44,1.11,32.56,31.68
451,688598,金博股份,23.95,2.31,0.54,9518.0,22649538.0,3.08,24.07,23.35,23.4,23.41,2.71,0.47,-14.3,0.96,4889582088.0,4889582088.0,0.08,0.13,-14.71,13.72
452,688345,博力威,22.7,2.3,0.51,1648.0,3719670.0,2.03,22.75,22.3,22.3,22.19,1.96,0.16,45.43,2.12,2296093650.0,2270000000.0,-0.04,0.35,15.88,24.93
453,002474,榕基软件,6.67,2.3,0.15,228631.0,154444142.91,4.91,6.96,6.64,6.76,6.52,17.29,4.31,-94.34,2.99,4150074000.0,3538745622.0,-0.15,-0.6,-14.49,11.35
454,601208,东材科技,9.34,2.3,0.21,42069.0,39269643.0,3.5,9.42,9.1,9.15,9.13,4.77,0.47,22.79,1.9,8375968379.0,8375968379.0,0.11,0.11,1.74,23.87
455,600987,航民股份,7.57,2.3,0.17,50055.0,37407418.0,2.84,7.57,7.36,7.39,7.4,4.05,0.49,14.2,1.25,7727598869.0,7727598869.0,1.2,1.34,16.64,14.01
456,688103,国力股份,59.07,2.29,1.32,8135.0,47856891.0,3.38,59.7,57.75,57.75,57.75,3.14,0.85,119.35,4.99,5630288712.0,5630288712.0,0.17,-0.19,10.1,45.24
457,837821,则成电子,36.67,2.29,0.82,6778.0,24728479.93,3.35,37.1,35.9,36.09,35.85,3.7,1.33,195.05,7.03,3624093460.0,1865694280.0,-0.46,-0.84,-10.01,14.27
458,300973,立高食品,54.05,2.29,1.21,10601.0,56457552.18,3.65,54.28,52.35,52.93,52.84,2.58,0.93,25.89,3.85,9152852458.0,6151565409.0,-0.18,0.19,27.93,38.48
459,600419,天润乳业,10.76,2.28,0.24,41970.0,44466372.0,3.23,10.76,10.42,10.42,10.52,3.37,1.31,-11.75,1.49,3445247047.0,3445247047.0,0.94,1.03,11.85,15.57
460,002427,尤夫股份,9.85,2.28,0.22,312286.0,301743891.45,5.09,9.85,9.36,9.63,9.63,1.86,3.17,460.12,10.39,9706512853.0,9699855081.0,0.51,1.55,156.51,183.05
461,603955,大千生态,35.4,2.28,0.79,41711.0,149231955.0,7.02,36.51,34.08,34.08,34.61,3.89,3.07,488.56,3.08,4804488000.0,4804488000.0,-0.51,-0.81,84.66,95.58
462,605319,无锡振华,30.94,2.28,0.69,14868.0,46222941.0,4.5,31.66,30.3,30.31,30.25,4.04,0.7,20.46,3.18,7736905378.0,6611308178.0,0.06,-0.16,-10.24,49.76
463,603379,三美股份,49.08,2.27,1.09,19115.0,93148063.0,3.06,49.3,47.83,48.08,47.99,4.14,0.31,18.7,4.36,29962311136.0,29962311136.0,0.0,-0.2,20.15,27.88
464,002364,中恒电气,15.34,2.27,0.34,77166.0,117970670.0,2.13,15.45,15.13,15.2,15.0,1.83,1.38,106.51,3.53,8645086486.0,8561311678.0,-0.39,-0.58,-12.69,42.17
465,002916,深南电路,88.15,2.27,1.96,25674.0,224482553.1,2.67,88.49,86.19,86.38,86.19,3.23,0.39,29.9,4.1,58773201079.0,58621568623.0,-0.17,0.34,-7.41,-7.21
466,300765,新诺威,53.21,2.27,1.18,29820.0,157296151.11,5.38,53.98,51.18,52.1,52.03,2.81,0.24,-694.55,20.32,74738390550.0,66356724213.0,-0.17,0.47,42.46,100.26
467,605028,世茂能源,17.57,2.27,0.39,8928.0,15614784.0,3.03,17.65,17.13,17.18,17.18,4.97,0.56,21.03,2.2,2811200000.0,2811200000.0,0.34,0.23,4.83,8.93
468,688379,华光新材,29.32,2.27,0.65,4159.0,12121856.0,2.13,29.33,28.72,28.8,28.67,1.88,0.46,6.92,2.47,2641307446.0,2641307446.0,0.27,0.62,13.64,43.58
469,000688,国城矿业,12.61,2.27,0.28,24852.0,31023841.0,2.35,12.61,12.32,12.34,12.33,3.83,0.22,5.8,4.07,14191255439.0,14191200963.0,0.24,0.64,-3.22,6.06
470,835985,海泰新能,10.4,2.26,0.23,13731.0,14218698.94,2.75,10.43,10.15,10.15,10.17,4.35,0.65,-31.47,2.3,3218552480.0,2191507334.0,0.19,0.29,-19.25,4.0
471,688148,芳源股份,4.52,2.26,0.1,22561.0,10131064.0,2.26,4.54,4.44,4.45,4.42,3.75,0.44,-11.61,6.61,2305982200.0,2305982200.0,-0.22,0.89,-14.72,-8.69
472,301011,华立科技,30.83,2.26,0.68,42986.0,131883054.2,4.81,31.48,30.03,30.21,30.15,3.1,3.11,98.92,5.94,4522514360.0,4264019855.0,0.13,0.1,13.89,20.01
473,301538,骏鼎达,54.55,2.25,1.2,5368.0,29043536.6,4.54,55.43,53.01,53.4,53.35,2.08,1.72,22.71,3.33,4276720000.0,1703033053.0,-0.05,-0.78,7.38,-0.13
474,000070,ST特信,6.81,2.25,0.15,37056.0,25079145.6,2.55,6.85,6.68,6.68,6.66,4.02,0.42,-101.81,4.13,6131347816.0,6051329744.0,-0.29,-0.15,3.18,18.43
475,000595,*ST宝实,4.99,2.25,0.11,50492.0,25048476.0,3.48,5.02,4.85,4.85,4.88,2.43,0.44,-58.67,19.41,5681895266.0,5681895266.0,0.4,-0.2,-17.38,-22.03
476,600397,安源煤业,5.45,2.25,0.12,109460.0,59463660.0,3.38,5.49,5.31,5.33,5.33,3.51,1.11,-11.21,45.97,5395281357.0,5395281357.0,-0.18,-0.18,5.62,29.15
477,600531,豫光金铅,7.31,2.24,0.16,147952.0,106929646.0,2.52,7.32,7.14,7.14,7.15,5.0,1.36,8.71,1.4,7969770775.0,7969770775.0,0.41,0.55,6.56,13.86
478,301127,武汉天源,15.08,2.24,0.33,25735.0,38494517.82,2.31,15.15,14.81,14.85,14.75,2.13,0.57,49.97,3.05,10040959671.0,6832011809.0,0.87,0.6,-15.19,0.27
479,832735,德源药业,40.59,2.24,0.89,19750.0,78598973.61,4.06,40.69,39.08,39.43,39.7,4.32,1.9,25.63,4.27,4761856034.0,4211506006.0,1.12,1.0,71.27,97.04
480,688676,金盘科技,31.54,2.24,0.69,24433.0,76865698.0,2.92,31.78,30.88,30.88,30.85,3.99,0.53,33.77,3.33,14485882711.0,14485882711.0,-0.13,-0.44,-20.17,-22.92
481,603351,威尔药业,28.72,2.24,0.63,8103.0,23168256.0,3.52,29.1,28.11,28.19,28.09,4.97,0.6,26.58,2.24,3889811871.0,3889811871.0,-0.55,-0.14,9.37,16.94
482,300806,斯迪克,15.99,2.24,0.35,17449.0,27680754.8,2.56,16.0,15.6,15.6,15.64,2.93,0.55,187.96,3.25,7248275043.0,5059566497.0,0.38,0.57,-20.45,23.47
483,837174,宏裕包材,16.96,2.23,0.37,3961.0,6708748.69,2.17,17.07,16.71,16.79,16.59,1.85,0.49,49.93,2.83,1379413345.0,1379413345.0,-0.59,-0.12,11.29,47.99
484,835508,殷图网联,33.93,2.23,0.74,3661.0,12329432.74,2.38,34.08,33.29,33.79,33.19,3.89,1.41,-154.09,8.47,1696500000.0,883452375.0,-0.09,0.15,-21.28,17.57
485,688213,思特威-W,90.46,2.23,1.97,10121.0,90438343.0,2.63,90.5,88.17,88.65,88.49,2.18,0.31,47.47,8.16,36350588603.0,29222584936.0,0.86,0.7,-16.69,16.39
486,300658,延江股份,6.46,2.22,0.14,19769.0,12601011.0,2.69,6.46,6.29,6.32,6.32,3.1,0.88,48.39,1.61,2149656118.0,1456103606.0,0.47,0.78,9.12,24.71
487,873152,天宏锂电,17.92,2.22,0.39,6456.0,11430832.44,2.68,17.92,17.45,17.45,17.53,2.36,0.95,152.37,7.07,1839499917.0,1222703803.0,0.84,0.5,-18.69,20.11
488,301517,陕西华达,50.6,2.22,1.1,13631.0,68922054.0,3.76,51.2,49.34,49.68,49.5,6.2,3.21,-74.09,4.08,5466151020.0,2149321020.0,0.04,0.38,-2.15,-6.31
489,603887,城地香江,17.48,2.22,0.38,70667.0,122920309.0,2.87,17.6,17.11,17.19,17.1,4.77,1.19,146.02,2.98,10644348479.0,10405484279.0,-0.29,-0.06,-14.52,9.8
490,002086,东方海洋,2.76,2.22,0.06,334303.0,92597954.0,5.93,2.85,2.69,2.71,2.7,4.69,2.2,-61.16,3.84,5406692340.0,4186978763.0,-0.36,0.0,13.58,-4.5
491,300783,三只松鼠,28.97,2.22,0.63,45305.0,130520993.0,3.99,29.19,28.06,28.24,28.34,3.53,1.62,12.15,3.84,11616970000.0,8099896120.0,-0.45,-0.65,5.65,-20.89
492,688525,佰维存储,59.2,2.21,1.28,26317.0,154886851.0,2.45,59.44,58.02,58.02,57.92,3.97,0.83,-34.57,6.56,27306925059.0,18784417046.0,0.0,-0.08,-19.42,-4.47
493,603367,辰欣药业,14.78,2.21,0.32,57519.0,85156654.0,4.08,15.02,14.43,14.46,14.46,7.56,1.27,11.65,1.1,6691706027.0,6691706027.0,-0.14,0.07,11.13,7.57
494,002733,雄韬股份,15.33,2.2,0.33,33469.0,50937955.09,2.67,15.37,14.97,15.01,15.0,3.71,0.91,70.13,2.2,5890014616.0,5654666095.0,-0.07,0.2,-14.74,10.77
495,688178,万德斯,25.71,2.19,0.55,6402.0,16487790.0,4.69,26.36,25.18,25.18,25.16,2.0,0.75,-104.28,2.13,2188812263.0,2185294569.0,-0.08,0.43,65.76,105.84
496,688567,孚能科技,13.08,2.19,0.28,24319.0,31622105.0,2.27,13.11,12.82,12.91,12.8,3.36,0.2,-26.21,1.64,15985118816.0,15985118816.0,0.08,0.54,-10.96,12.76
497,688363,华熙生物,55.12,2.19,1.18,18920.0,103290561.0,2.24,55.21,54.0,54.0,53.94,4.39,0.39,65.14,3.83,26550104699.0,26550104699.0,0.92,1.14,14.74,7.99
498,603186,华正新材,25.69,2.19,0.55,8662.0,22106192.0,2.31,25.75,25.17,25.17,25.14,2.38,0.61,49.57,2.56,3648288974.0,3648288974.0,0.0,-0.16,-6.75,6.64
499,002316,ST亚联,4.22,2.18,0.09,80897.0,34075932.0,4.36,4.29,4.11,4.13,4.13,8.37,2.37,121.43,22.47,1658966400.0,1437954450.0,-0.24,-0.24,19.89,29.85
500,600696,*ST岩石,7.55,2.17,0.16,34741.0,25898168.0,4.19,7.6,7.29,7.3,7.39,2.29,1.04,-32.67,6.65,2525244204.0,2525244204.0,-0.13,0.53,-34.12,-38.62
501,301167,建研设计,15.06,2.17,0.32,9794.0,14665613.4,2.37,15.12,14.77,14.83,14.74,4.89,1.41,39.01,1.8,1686720000.0,1047127131.0,-0.2,0.13,11.47,19.24
502,000504,*ST生物,7.06,2.17,0.15,11461.0,8030084.47,2.6,7.08,6.9,6.91,6.91,3.24,0.37,-262.54,9.92,2329963072.0,2193321029.0,0.0,0.43,-29.68,-15.45
503,688221,前沿生物-U,9.89,2.17,0.21,28264.0,27722231.0,2.79,9.89,9.62,9.75,9.68,5.97,0.75,-20.99,3.38,3704582878.0,3704582878.0,0.2,0.3,-1.2,1.33
504,688768,容知日新,48.9,2.17,1.04,1036.0,5007044.0,2.88,48.92,47.54,47.54,47.86,1.84,0.12,-167.21,4.23,4275197562.0,4239737042.0,0.64,0.56,-10.24,34.56
505,002484,江海股份,19.41,2.16,0.41,82644.0,159763241.08,2.89,19.55,19.0,19.19,19.0,3.38,1.01,27.15,2.85,16508669695.0,15925366664.0,-0.36,-0.56,-2.12,12.07
506,300326,ST凯利,4.72,2.16,0.1,63327.0,29896148.0,3.25,4.77,4.62,4.62,4.62,4.63,0.88,38.89,1.23,3384364292.0,3382298725.0,0.0,-0.21,-37.73,-27.38
507,002231,*ST奥维,3.31,2.16,0.07,70508.0,23244934.0,3.4,3.34,3.23,3.24,3.24,2.08,2.39,-45.28,4.36,1148073556.0,975850119.0,-0.3,0.0,-45.02,-40.25
508,002861,瀛通通讯,15.16,2.16,0.32,76110.0,115236122.04,1.95,15.26,14.97,15.09,14.84,3.26,5.07,-40.47,2.51,2824064864.0,2276552186.0,-0.13,-0.26,3.98,8.36
509,605259,绿田机械,19.42,2.16,0.41,7371.0,14172067.0,2.47,19.48,19.01,19.17,19.01,3.15,0.43,14.58,1.91,3349561600.0,3349561600.0,0.05,0.41,19.88,28.18
510,301316,慧博云通,42.56,2.16,0.9,110798.0,468201171.54,3.36,42.9,41.5,42.0,41.66,2.16,4.56,1032.63,17.54,17194240000.0,10334695968.0,0.31,-0.09,58.33,66.97
511,300096,ST易联众,4.25,2.16,0.09,21488.0,9065879.0,2.4,4.26,4.16,4.16,4.16,2.98,0.5,-17.4,6.42,1827500000.0,1827500000.0,0.24,0.24,15.8,34.07
512,300418,昆仑万维,34.22,2.15,0.72,241113.0,829739843.06,5.19,35.12,33.38,33.38,33.5,3.51,1.92,-13.97,3.09,42958314932.0,42928671857.0,0.06,-0.15,-8.82,-11.07
513,300129,泰胜风能,7.12,2.15,0.15,230479.0,165084765.61,3.59,7.25,7.0,7.0,6.97,7.93,3.47,36.9,1.49,6656482532.0,4731363012.0,0.28,0.0,1.86,0.99
514,688408,中信博,42.88,2.14,0.9,14464.0,62216947.0,3.1,43.46,42.16,42.16,41.98,3.2,0.66,21.32,2.08,9393545192.0,9390222849.0,-0.16,-0.37,-23.46,-40.44
515,300584,海辰药业,30.12,2.14,0.63,78231.0,233530087.56,6.41,30.85,28.96,29.2,29.49,3.25,9.53,60.09,3.52,3614400000.0,2473307445.0,0.5,1.76,56.22,49.4
516,688071,华依科技,39.54,2.14,0.83,5066.0,19916765.0,2.14,39.66,38.83,38.83,38.71,2.45,0.6,283.44,3.09,3352585687.0,3352585687.0,0.15,0.64,-0.35,46.72
517,601138,工业富联,19.19,2.13,0.4,270344.0,518253070.0,2.13,19.35,18.95,18.95,18.79,3.27,0.14,18.21,2.42,381091577266.0,381066908425.0,0.47,0.52,-8.79,-10.74
518,300434,金石亚药,10.6,2.12,0.22,223689.0,235890827.2,8.67,11.01,10.11,10.32,10.38,4.63,6.54,16.94,1.7,4258485043.0,3626483512.0,0.66,0.47,23.11,28.48
519,688316,青云科技-U,50.16,2.12,1.04,4703.0,23428290.0,3.22,50.59,49.01,49.12,49.12,3.12,1.31,-26.17,37.39,2397632350.0,1802962075.0,0.1,0.54,-36.42,49.73
520,600360,*ST华微,7.27,2.11,0.15,103395.0,75099073.0,2.81,7.34,7.14,7.16,7.12,4.85,1.08,31.78,2.05,6981346860.0,6981346860.0,-0.27,-0.27,19.38,58.73
521,300136,信维通信,21.76,2.11,0.45,43813.0,94789110.0,2.58,21.92,21.37,21.4,21.31,2.53,0.53,67.92,2.85,21054293563.0,17942598070.0,-0.18,0.97,-15.5,-14.47
522,002667,威领股份,12.61,2.11,0.26,25302.0,31748895.0,2.43,12.65,12.35,12.35,12.35,4.2,1.07,-30.57,8.97,3056298310.0,2971748260.0,-0.16,-0.16,23.87,18.96
523,600250,南京商旅,9.69,2.11,0.2,289515.0,282118150.0,5.06,10.0,9.52,10.0,9.49,19.44,9.32,214.13,4.96,3009654688.0,3009654688.0,0.52,0.31,14.13,5.21
524,603399,永杉锂业,8.7,2.11,0.18,28414.0,24576111.0,2.35,8.7,8.5,8.5,8.52,4.91,0.55,-37.77,2.57,4456928646.0,4456928646.0,0.35,0.69,-11.22,-3.33
525,300301,*ST长方,1.94,2.11,0.04,46602.0,8969307.0,2.63,1.95,1.9,1.9,1.9,4.35,0.59,-16.8,128.92,1609945412.0,1532360835.0,0.52,0.0,8.38,11.49
526,300991,创益通,23.36,2.1,0.48,16099.0,37694330.0,3.89,23.68,22.79,22.79,22.88,5.16,1.79,134.14,5.2,3363840000.0,2099877120.0,0.09,0.21,10.82,12.9
527,300695,兆丰股份,81.02,2.1,1.67,5568.0,45177978.0,3.14,82.52,80.03,80.41,79.35,2.59,0.79,45.66,2.23,5746738229.0,5746738229.0,0.32,-0.15,45.88,81.66
528,001338,永顺泰,12.14,2.1,0.25,87508.0,106510658.0,4.21,12.33,11.83,11.83,11.89,7.54,3.71,21.44,1.65,6091012325.0,2864487399.0,-0.57,-0.25,9.76,11.58
529,603983,丸美生物,48.79,2.09,1.0,10166.0,48716582.0,3.31,48.8,47.22,47.66,47.79,1.86,0.25,36.22,5.9,19564790000.0,19564790000.0,0.62,1.12,53.52,51.24
530,300173,福能东方,5.4,2.08,0.11,48276.0,25909656.0,2.27,5.41,5.29,5.31,5.29,3.32,0.66,174.97,4.0,3967518769.0,3967518769.0,0.0,0.56,-25.72,-4.42
531,300739,明阳电路,13.27,2.08,0.27,23046.0,30375231.0,2.08,13.3,13.03,13.03,13.0,5.13,0.68,94.93,1.94,4564398817.0,4520511277.0,-0.08,-0.08,-10.09,-11.59
532,002075,沙钢股份,5.89,2.08,0.12,91444.0,53518761.0,2.08,5.9,5.78,5.78,5.77,2.87,0.42,47.05,2.0,12921631871.0,12921611109.0,0.17,0.34,-5.76,-5.91
533,301139,元道通信,26.45,2.08,0.54,14556.0,38324391.0,2.7,26.6,25.9,25.9,25.91,3.13,2.15,75.59,1.65,3215812160.0,1794856664.0,-0.15,-0.15,-28.55,16.26
534,603861,白云电器,9.34,2.08,0.19,29156.0,27105020.0,1.86,9.35,9.18,9.18,9.15,2.46,0.61,31.39,1.32,4600509896.0,4488976500.0,0.21,0.21,-6.13,3.78
535,300256,星星科技,3.95,2.07,0.08,117181.0,45999430.0,2.07,3.96,3.88,3.88,3.87,2.57,0.71,-307.69,9.72,8960153875.0,6491403875.0,0.77,0.51,-22.4,-9.82
536,000878,云南铜业,11.86,2.07,0.24,100638.0,118820170.06,2.58,11.92,11.62,11.62,11.62,3.77,0.5,10.61,1.64,23763031757.0,23762565137.0,0.0,-0.42,-5.95,-0.75
537,002902,铭普光磁,18.24,2.07,0.37,21221.0,38528651.0,2.29,18.29,17.88,17.88,17.87,4.23,1.19,-22.86,4.73,4295101611.0,3240012167.0,-0.16,-0.05,-10.89,-21.98
538,603703,盛洋科技,10.35,2.07,0.21,18962.0,19495750.0,2.86,10.39,10.1,10.2,10.14,2.58,0.46,171.48,5.31,4295064942.0,4295064942.0,0.0,0.19,-20.02,-5.99
539,603527,众源新材,9.92,2.06,0.2,18303.0,18042139.0,2.78,9.93,9.66,9.66,9.72,2.76,0.58,10.91,1.51,3144354304.0,3144354304.0,0.1,0.4,-2.94,3.44
540,000929,*ST兰黄,8.41,2.06,0.17,10581.0,8903432.0,3.03,8.5,8.25,8.25,8.24,1.88,0.57,54.0,3.16,1562292060.0,1562193015.0,-0.12,-0.47,28.59,20.66
541,301080,百普赛斯,53.7,2.05,1.08,4824.0,25581357.0,2.66,53.7,52.3,52.87,52.62,2.49,0.53,39.7,2.46,6444000000.0,4864477759.0,0.54,1.05,-5.72,22.49
542,300004,南风股份,8.45,2.05,0.17,105836.0,89196134.0,3.02,8.53,8.28,8.35,8.28,2.21,2.2,62.44,2.3,4055945903.0,4055945903.0,0.0,-0.24,27.45,37.4
543,300328,宜安科技,10.48,2.04,0.21,73248.0,76316832.0,3.7,10.53,10.15,10.24,10.27,2.03,1.07,-296.5,6.66,7235639328.0,7193136378.0,0.19,0.1,-20.24,42.39
544,839792,东和新材,13.03,2.04,0.26,5191.0,6703979.74,1.96,13.03,12.78,12.98,12.77,1.35,0.52,27.74,2.15,2156986200.0,1307675659.0,0.77,0.7,9.04,46.9
545,688063,派能科技,42.96,2.04,0.86,6514.0,27788630.0,2.21,43.11,42.18,42.21,42.1,2.26,0.27,-69.03,1.17,10540633337.0,10540633337.0,0.33,0.3,-1.06,7.27
546,000751,锌业股份,3.01,2.03,0.06,71771.0,21484439.4,2.37,3.02,2.95,2.96,2.95,6.42,0.51,42.69,1.36,4863048091.0,4243705025.0,0.33,0.67,5.99,7.12
547,000488,ST晨鸣,2.01,2.03,0.04,129155.0,25872627.0,3.05,2.03,1.97,1.97,1.97,4.73,0.77,-1.02,0.77,5912326962.0,3368407305.0,0.0,0.5,-2.9,-34.1
548,688328,深科达,19.62,2.03,0.39,7122.0,13863880.0,2.24,19.63,19.2,19.37,19.23,2.6,0.75,32.39,2.24,1853232508.0,1853232508.0,0.41,0.62,16.72,30.97
549,600107,ST尔雅,4.02,2.03,0.08,12036.0,4796351.0,3.3,4.03,3.9,3.93,3.94,1.7,0.33,-43.77,2.99,1447200000.0,1447200000.0,0.5,0.25,-8.84,-12.04
550,300268,*ST佳沃,10.55,2.03,0.21,8313.0,8724673.0,3.29,10.64,10.3,10.3,10.34,4.02,0.62,-2.54,-1.0,1837810000.0,1410614125.0,-0.47,0.29,46.94,55.6
551,002824,和胜股份,15.13,2.02,0.3,14546.0,21933216.0,2.29,15.18,14.84,14.92,14.83,4.52,0.77,87.86,2.46,4222996046.0,2861930023.0,0.0,-0.26,-26.27,-3.63
552,000833,粤桂股份,11.59,2.02,0.23,63904.0,73713657.7,1.85,11.64,11.43,11.52,11.36,3.67,1.41,19.89,2.53,9296132941.0,5258406481.0,-0.26,0.09,-13.31,1.93
553,300990,同飞股份,45.45,2.02,0.9,8333.0,37916264.0,2.83,45.93,44.67,44.87,44.55,4.64,1.08,31.09,4.11,7699179096.0,3517096892.0,-0.59,-0.81,-4.26,11.4
554,300710,万隆光电,20.72,2.02,0.41,25593.0,53998214.5,6.94,21.62,20.21,20.21,20.31,7.11,3.18,-137.56,4.38,2061439016.0,1667808454.0,-0.58,-0.48,16.34,16.01
555,600682,南京新百,7.1,2.01,0.14,180717.0,127899703.0,3.3,7.19,6.96,7.03,6.96,10.56,1.55,18.59,0.54,9557538769.0,8271927953.0,0.28,0.28,12.7,3.8
556,688158,优刻得-W,19.84,2.01,0.39,46579.0,91913385.0,2.93,19.96,19.39,19.6,19.45,3.63,1.16,-50.24,3.81,8989406407.0,7980915935.0,-0.3,0.1,-33.02,41.92
557,688565,力源科技,8.14,2.01,0.16,8687.0,7006949.0,3.63,8.28,7.99,8.19,7.98,2.35,0.58,107.09,2.52,1236767994.0,1218802200.0,0.87,0.99,20.59,41.32
558,300615,欣天科技,12.26,2.0,0.24,5807.0,7088618.0,1.66,12.27,12.07,12.07,12.02,1.68,0.44,-156.89,4.61,2371932392.0,1616480657.0,0.08,0.0,-8.37,7.17
559,301439,泓淋电力,14.8,2.0,0.29,15082.0,22239369.1,2.89,14.93,14.51,14.52,14.51,3.21,0.82,28.54,2.02,5758706773.0,2712054475.0,-0.13,-0.2,-10.25,9.23
560,688426,康为世纪,20.94,2.0,0.41,2139.0,4412802.0,3.07,20.94,20.31,20.72,20.53,1.06,0.56,-25.89,1.64,2355618413.0,795580372.0,1.06,1.55,-10.7,-26.81
561,688171,纬德信息,31.12,2.0,0.61,8648.0,26715716.0,6.65,32.0,29.97,30.94,30.51,1.64,1.68,-678.28,3.18,2607028208.0,1597964978.0,-0.64,-1.02,58.53,86.01
562,301251,威尔高,32.66,2.0,0.64,7812.0,25376650.0,2.47,32.79,32.0,32.07,32.02,3.08,1.45,49.26,2.93,4396746682.0,1761230998.0,0.18,0.21,-14.3,-6.04
563,688190,云路股份,84.25,1.99,1.64,1284.0,10768648.0,2.91,84.76,82.36,82.58,82.61,2.72,0.11,32.03,4.03,10110000000.0,10110000000.0,0.04,0.32,-2.09,-7.79
564,300817,双飞集团,24.08,1.99,0.47,12932.0,30933480.0,1.44,24.09,23.75,24.0,23.61,2.11,1.04,101.35,5.24,5256621619.0,2990944051.0,0.25,0.67,2.64,73.61
565,605277,新亚电子,15.35,1.99,0.3,17167.0,26147003.0,2.79,15.38,14.96,15.05,15.05,4.52,0.55,26.33,3.27,4977962956.0,4819629364.0,0.13,0.39,-5.89,8.79
566,002843,泰嘉股份,21.57,1.99,0.42,23497.0,50472448.0,2.32,21.7,21.21,21.21,21.15,2.49,0.94,90.68,3.89,5429979212.0,5409595562.0,0.0,-0.51,-21.22,1.17
567,300585,奥联电子,14.4,1.98,0.28,18659.0,26711953.0,3.4,14.54,14.06,14.22,14.12,3.65,1.09,-337.17,3.49,2463999998.0,2463999998.0,0.07,-0.35,-12.73,0.28
568,600831,ST广网,3.09,1.98,0.06,38236.0,11746282.0,2.97,3.11,3.02,3.04,3.03,6.19,0.54,-3.71,1.14,2196826205.0,2196826205.0,0.0,0.0,14.44,21.18
569,300500,启迪设计,11.86,1.98,0.23,13093.0,15479432.0,2.32,11.92,11.65,11.67,11.63,2.8,0.78,31.47,1.89,2063341946.0,1987711746.0,-0.17,-0.25,7.62,13.38
570,688013,天臣医疗,26.21,1.98,0.51,6894.0,17982209.0,2.92,26.4,25.65,25.69,25.7,3.48,0.85,40.33,4.0,2127088276.0,2127088276.0,-0.53,0.08,36.72,53.1
571,603188,亚邦股份,4.12,1.98,0.08,32167.0,13159172.0,1.98,4.12,4.04,4.07,4.04,2.47,0.56,184.4,3.13,2349100400.0,2349100400.0,0.24,0.24,16.38,18.73
572,603655,朗博科技,28.0,1.97,0.54,24578.0,68335788.0,2.15,28.09,27.5,27.88,27.46,5.71,2.32,72.06,5.47,2968000000.0,2968000000.0,0.36,0.5,21.42,15.27
573,002552,宝鼎科技,13.95,1.97,0.27,27023.0,37567991.0,2.49,13.99,13.65,13.77,13.68,5.56,0.84,79.31,3.28,5699161444.0,4467261454.0,0.0,0.29,-6.0,6.33
574,300689,澄天伟业,37.83,1.97,0.73,4773.0,18111445.8,3.77,38.38,36.98,37.1,37.1,5.16,0.47,206.33,6.41,4373148000.0,3827381172.0,0.08,0.03,9.3,48.24
575,300494,盛天网络,12.92,1.97,0.25,98443.0,127285992.13,3.71,13.08,12.61,12.61,12.67,2.77,2.47,62.3,4.33,6337390182.0,5146657039.0,-0.08,-0.39,-0.15,14.95
576,300846,首都在线,18.11,1.97,0.35,103548.0,187096850.0,2.53,18.25,17.8,17.8,17.76,4.3,2.64,-57.19,10.03,9089557792.0,7093756162.0,-0.33,-0.11,-37.14,30.19
577,002287,奇正藏药,25.0,1.96,0.48,9940.0,24770550.68,3.47,25.27,24.42,24.54,24.52,5.39,0.19,43.86,3.41,13277153200.0,13248943000.0,0.04,0.16,12.61,18.04
578,002885,京泉华,13.5,1.96,0.26,12222.0,16364632.05,2.19,13.5,13.21,13.27,13.24,2.7,0.53,50.45,2.59,3670740653.0,3138659145.0,0.15,0.22,-0.44,-5.13
579,001277,速达股份,45.22,1.96,0.87,7915.0,35346229.0,4.37,45.85,43.91,43.95,44.35,2.74,4.17,77.98,2.32,3436720000.0,859180000.0,0.4,0.65,19.19,14.25
580,830879,基康仪器,17.65,1.96,0.34,6465.0,11410677.89,2.31,17.85,17.45,17.5,17.31,1.41,0.48,37.66,5.07,2946955742.0,2379961265.0,-0.06,0.17,35.25,83.85
581,300994,久祺股份,16.24,1.95,0.31,21164.0,34104127.02,3.01,16.41,15.93,16.16,15.93,2.05,1.81,23.17,3.14,3785349120.0,1894623360.0,0.19,1.0,36.36,43.97
582,603499,翔港科技,21.4,1.95,0.41,8560.0,18208703.0,2.19,21.42,20.96,21.11,20.99,2.93,0.4,28.08,5.64,4625371390.0,4625371390.0,0.05,0.14,-15.75,-17.21
583,002029,七 匹 狼,6.82,1.94,0.13,44133.0,29938917.0,2.84,6.86,6.67,6.69,6.69,6.76,0.66,8.04,0.72,4808260522.0,4538068640.0,-0.15,-0.44,11.07,4.28
584,000056,皇庭国际,3.15,1.94,0.06,116949.0,36714057.0,1.94,3.16,3.1,3.11,3.09,3.14,1.29,-11.35,13.51,3724963893.0,2846745666.0,0.32,0.0,-14.17,15.38
585,300619,金银河,24.31,1.93,0.46,4689.0,11341368.2,3.06,24.48,23.75,24.0,23.85,2.62,0.43,-12.31,2.17,3253793610.0,2673609619.0,-0.57,0.37,-18.91,1.08
586,300943,春晖智控,14.26,1.93,0.27,13140.0,18663493.0,1.93,14.3,14.03,14.14,13.99,1.77,0.98,57.44,3.03,2906473200.0,1915692493.0,-0.21,0.28,5.01,11.67
587,002174,游族网络,13.22,1.93,0.25,262749.0,348591134.08,4.63,13.44,12.84,12.98,12.97,2.52,2.87,122.54,2.85,12108494591.0,12101198142.0,0.3,0.08,29.35,41.39
588,601825,沪农商行,10.05,1.93,0.19,521936.0,527143336.0,4.56,10.28,9.83,9.9,9.86,10.47,0.56,6.8,0.78,96926666672.0,93631665270.0,-0.3,-0.5,22.71,18.1
589,001283,豪鹏科技,52.03,1.92,0.98,3748.0,19378250.0,2.68,52.27,50.9,50.98,51.05,1.96,0.65,32.96,1.97,4194138872.0,3010233164.0,0.21,0.27,-18.45,-10.12
590,603045,福达合金,16.48,1.92,0.31,28945.0,47946122.0,5.32,16.97,16.11,16.11,16.17,5.96,2.14,-108.95,2.31,2232136154.0,2232136154.0,0.73,0.67,11.88,29.36
591,837592,华信永道,59.0,1.92,1.11,6057.0,35405266.66,3.82,59.48,57.27,57.5,57.89,3.61,1.59,-119.14,9.6,3666850000.0,2252691744.0,-0.03,-0.03,-11.05,-4.87
592,000887,中鼎股份,17.5,1.92,0.33,76523.0,133154055.0,2.21,17.55,17.17,17.18,17.17,2.29,0.58,14.31,1.72,23038570573.0,23001485640.0,0.0,0.11,-17.61,33.38
593,603808,歌力思,7.98,1.92,0.15,28814.0,23184080.0,4.98,8.26,7.87,7.87,7.83,5.92,0.78,17.98,1.16,2945361166.0,2945361166.0,-0.13,-0.25,11.76,14.16
594,002639,雪人股份,11.76,1.91,0.22,1348772.0,1591407765.18,5.2,12.1,11.5,11.77,11.54,3.74,20.73,228.05,3.66,9085801613.0,7650842039.0,0.43,-0.59,54.13,71.68
595,300133,华策影视,6.95,1.91,0.13,197652.0,137427287.42,2.79,7.02,6.83,6.88,6.82,5.05,1.22,35.86,1.83,13212462222.0,11285702081.0,0.14,0.0,-9.97,-3.34
596,688390,固德威,40.61,1.91,0.76,12079.0,48946547.0,1.61,40.85,40.21,40.21,39.85,3.74,0.5,-87.87,3.61,9851433866.0,9851433866.0,0.22,-0.37,4.21,-0.71
597,002405,四维图新,8.59,1.9,0.16,341294.0,295682007.78,2.73,8.79,8.56,8.74,8.43,8.09,1.45,-33.4,2.36,20373910727.0,20236761971.0,0.23,0.12,-11.63,-10.89
598,839680,*ST广道,6.43,1.9,0.12,7512.0,4829796.17,3.01,6.51,6.32,6.32,6.31,2.17,1.6,-17.68,6.58,430809357.0,301524202.0,-0.62,-0.77,-70.45,-56.5
599,688458,美芯晟,39.61,1.9,0.74,4115.0,16201226.0,2.11,39.78,38.96,39.36,38.87,2.17,0.48,300.86,2.37,4417965875.0,3369564909.0,0.48,0.76,5.12,20.95
600,603236,XD移远通,72.56,1.9,1.35,11018.0,79497778.0,1.59,72.63,71.5,71.64,71.21,2.38,0.42,22.4,4.59,18985879374.0,18985879374.0,0.14,0.3,-10.39,6.67
601,002805,丰元股份,11.77,1.9,0.22,10356.0,12096010.0,1.73,11.79,11.59,11.62,11.55,3.04,0.37,-9.17,2.03,3296335719.0,3281656293.0,0.51,0.77,-9.6,-1.09
602,300220,金运激光,17.29,1.89,0.32,35048.0,59611753.0,3.71,17.39,16.76,16.88,16.97,1.54,2.32,235.95,40.42,2614248000.0,2611124527.0,1.29,1.17,3.66,25.47
603,688607,康众医疗,18.85,1.89,0.35,6177.0,11578522.0,1.89,18.87,18.52,18.52,18.5,5.26,0.7,-126.57,1.93,1661232159.0,1661232159.0,0.05,0.21,16.36,42.26
604,300758,七彩化学,15.62,1.89,0.29,40368.0,62510962.0,2.15,15.63,15.3,15.3,15.33,1.47,1.14,51.5,3.63,6342322870.0,5523966515.0,0.0,0.77,19.24,30.38
605,300611,美力科技,22.13,1.89,0.41,20646.0,45387256.44,2.72,22.2,21.61,21.61,21.72,2.62,1.39,34.36,4.23,4671082668.0,3281944947.0,0.0,0.18,7.17,111.77
606,301152,天力锂能,23.78,1.89,0.44,7393.0,17482034.0,2.61,23.93,23.32,23.32,23.34,2.54,1.06,-17.41,2.02,2823637366.0,1666294491.0,0.13,0.89,-18.67,-27.61
607,839493,并行科技,141.68,1.89,2.63,3978.0,55994027.72,2.48,142.45,139.0,139.0,139.05,2.64,0.98,579.96,21.32,8337620060.0,5737072042.0,-0.28,0.01,-37.45,100.08
608,600071,凤凰光学,21.14,1.88,0.39,10708.0,22503970.0,2.31,21.2,20.72,20.75,20.75,2.85,0.38,396.61,12.45,5952472013.0,5952472013.0,0.38,0.09,-1.72,1.39
609,603551,奥普科技,10.85,1.88,0.2,9563.0,10288340.0,2.25,10.86,10.62,10.68,10.65,4.1,0.25,20.86,3.4,4234407800.0,4230183353.0,0.0,0.0,-1.63,1.59
610,300234,开尔新材,4.87,1.88,0.09,24915.0,12036588.0,1.88,4.87,4.78,4.78,4.78,2.69,0.72,47.03,2.14,2450443208.0,1675216904.0,0.41,0.62,3.84,4.28
611,603777,来伊份,14.74,1.87,0.27,56502.0,82461249.0,3.32,14.78,14.3,14.47,14.47,1.6,1.69,99.1,2.84,4929412207.0,4929412207.0,0.68,0.41,-9.46,-4.41
612,603726,朗迪集团,15.77,1.87,0.29,8227.0,12932147.0,2.58,15.9,15.5,15.61,15.48,3.87,0.45,19.57,2.2,2927719424.0,2901698924.0,-0.19,-0.13,-6.41,-0.25
613,600241,时代万恒,7.62,1.87,0.14,16942.0,12968697.0,4.28,7.82,7.5,7.51,7.48,6.43,0.58,144.48,1.92,2242582116.0,2242582116.0,-0.13,-0.26,1.87,13.9
614,002051,中工国际,8.19,1.87,0.15,34418.0,27949529.16,2.36,8.2,8.01,8.01,8.04,6.06,0.28,19.31,0.88,10134379194.0,10133390006.0,0.61,0.74,-7.77,0.37
615,688707,振华新材,11.97,1.87,0.22,9909.0,11796518.0,1.79,11.98,11.77,11.78,11.75,2.59,0.19,-15.58,1.41,6089620254.0,6089620254.0,0.34,0.5,-0.58,9.32
616,688679,通源环境,16.33,1.87,0.3,7988.0,12843447.0,4.37,16.4,15.7,15.92,16.03,1.77,0.61,-208.68,1.9,2150492393.0,2150492393.0,0.49,0.06,50.37,56.27
617,688518,联赢激光,16.33,1.87,0.3,20432.0,33226253.0,2.25,16.36,16.0,16.0,16.03,5.12,0.6,29.7,1.77,5573838801.0,5573838801.0,0.25,0.12,-5.77,4.08
618,603991,至正股份,58.2,1.87,1.07,7707.0,44471323.0,3.24,58.75,56.9,57.3,57.13,1.95,1.03,-76.2,20.32,4337936884.0,4337936884.0,0.0,-0.38,-9.87,11.49
619,300957,贝泰妮,50.27,1.86,0.92,52012.0,257481188.0,2.65,50.33,49.02,49.03,49.35,6.1,1.23,187.84,3.66,21294372000.0,21294372000.0,1.47,1.82,20.0,19.43
620,002938,鹏鼎控股,28.49,1.86,0.52,35913.0,102061482.54,2.25,28.68,28.05,28.05,27.97,2.77,0.16,33.83,2.02,66055797648.0,65683524430.0,-0.18,-0.07,-27.69,-21.9
621,300789,唐源电气,22.95,1.86,0.42,9929.0,22689383.0,2.09,23.0,22.53,22.76,22.53,4.21,1.0,111.68,3.16,3298375744.0,2267958704.0,0.26,0.35,24.86,53.61
622,603200,上海洗霸,35.56,1.86,0.65,15249.0,53820969.0,2.35,35.65,34.83,34.92,34.91,2.11,0.87,158.72,6.43,6240072463.0,6240072463.0,0.25,0.65,-9.79,46.52
623,000988,华工科技,42.89,1.85,0.78,54308.0,231977077.75,1.88,43.05,42.26,42.37,42.11,3.47,0.54,26.3,4.07,43126011103.0,43103834829.0,-0.12,0.02,-2.43,-0.95
624,300127,银河磁体,24.73,1.85,0.45,47952.0,118654408.34,4.41,25.16,24.09,24.12,24.28,7.85,2.08,50.67,5.81,7991409483.0,5708083142.0,0.0,0.28,-5.07,0.61
625,002594,比亚迪,362.58,1.85,6.58,63602.0,2301814581.86,1.73,364.32,358.15,359.5,356.0,3.02,0.55,30.09,5.05,1101904497706.0,421468046728.0,-0.05,-0.13,2.44,28.27
626,301183,东田微,44.61,1.85,0.81,4003.0,17769374.0,2.17,44.78,43.83,43.96,43.8,2.9,0.68,44.39,4.06,3568800000.0,2615349399.0,0.16,0.22,-16.9,-17.08
627,603208,江山欧派,15.43,1.85,0.28,7078.0,10911911.0,2.64,15.58,15.18,15.26,15.15,2.24,0.4,197.48,2.13,2733774360.0,2733774360.0,-0.06,0.0,-6.09,-16.14
628,300510,金冠股份,4.42,1.84,0.08,82491.0,36408150.0,2.07,4.44,4.35,4.36,4.34,1.68,1.0,-163.93,1.6,3645132894.0,3645132894.0,0.0,0.23,7.02,4.25
629,300411,金盾股份,12.72,1.84,0.23,68854.0,88216577.0,4.0,13.05,12.55,12.57,12.49,2.39,2.25,123.79,5.37,5170934489.0,3897411498.0,0.08,-0.31,-10.36,-3.56
630,688343,云天励飞-U,48.03,1.84,0.87,18512.0,88527596.0,2.5,48.28,47.1,47.52,47.16,3.56,0.71,-49.79,4.4,17057072572.0,12494393558.0,-0.15,-0.1,-33.95,-3.17
631,301257,普蕊斯,32.66,1.84,0.59,18436.0,59357330.5,3.24,32.79,31.75,32.08,32.07,4.91,2.44,87.35,2.2,2596552956.0,2469181994.0,0.9,2.13,7.86,21.14
632,300474,景嘉微,67.58,1.84,1.22,33912.0,228970147.5,2.11,68.0,66.6,66.69,66.36,4.4,0.83,-160.98,5.05,35318607090.0,27468665399.0,-0.03,-0.06,-25.36,-27.67
633,000586,汇源通信,10.54,1.84,0.19,13668.0,14420335.67,3.29,10.67,10.33,10.41,10.35,3.27,0.71,198.24,6.25,2038857600.0,2038857600.0,-0.09,-0.09,-1.31,10.95
634,002436,兴森科技,11.6,1.84,0.21,70628.0,81402715.61,2.02,11.62,11.39,11.39,11.39,2.16,0.47,522.79,3.97,19599369292.0,17404924130.0,0.26,0.09,-14.96,4.69
635,301128,强瑞技术,46.05,1.84,0.83,4619.0,21190185.4,2.1,46.18,45.23,45.23,45.22,2.24,0.45,99.56,5.67,4763470484.0,4763470484.0,-0.24,0.26,-25.58,14.3
636,300153,科泰电源,26.74,1.83,0.48,58712.0,156771653.56,2.02,26.95,26.42,26.6,26.26,2.95,1.84,154.37,9.67,8556800000.0,8512147355.0,0.0,-0.63,-20.04,68.92
637,831167,鑫汇科,27.75,1.83,0.5,2742.0,7550876.16,2.09,27.8,27.23,27.23,27.25,2.67,0.95,60.97,5.06,1387026613.0,804359724.0,0.4,0.95,-18.38,38.89
638,688175,高凌信息,18.4,1.83,0.33,7989.0,14588715.0,4.43,18.69,17.89,17.99,18.07,3.45,1.09,-47.04,1.35,2379432800.0,1349032800.0,0.33,0.22,1.38,7.41
639,002074,国轩高科,25.01,1.83,0.45,156233.0,388444708.52,2.73,25.19,24.52,24.65,24.56,2.08,0.91,112.08,1.74,45116373634.0,43168259099.0,-0.24,-0.16,7.25,17.86
640,688314,康拓医疗,30.75,1.82,0.55,5379.0,16447389.0,2.32,30.88,30.18,30.3,30.2,3.46,0.66,25.97,3.87,2498104539.0,2498104539.0,-0.06,0.2,-1.06,7.44
641,600996,贵广网络,8.41,1.82,0.15,58248.0,48804548.0,2.91,8.46,8.22,8.22,8.26,3.83,0.47,-9.8,3.63,10485586772.0,10485586772.0,0.24,0.24,-13.48,-1.64
642,003011,海象新材,17.93,1.82,0.32,3860.0,6854938.1,1.99,17.95,17.6,17.64,17.61,2.11,0.49,18.65,1.31,1840980680.0,1400131574.0,0.11,0.34,20.42,20.34
643,300895,铜牛信息,41.42,1.82,0.74,16604.0,68522236.51,2.53,41.65,40.62,40.99,40.68,3.56,1.2,-68.18,7.12,5831963213.0,5723094761.0,-0.19,-0.17,-11.83,17.3
644,002469,三维化学,8.39,1.82,0.15,50392.0,42030794.0,2.18,8.42,8.24,8.24,8.24,2.27,0.8,26.41,2.11,5443957466.0,5276428303.0,-0.12,0.36,9.96,19.86
645,002830,名雕股份,14.65,1.81,0.26,5629.0,8182047.0,2.15,14.7,14.39,14.39,14.39,2.72,0.84,167.35,3.05,1953431000.0,979389125.0,-0.07,-0.2,9.98,17.29
646,603516,淳中科技,34.29,1.81,0.61,16235.0,55576686.0,1.66,34.55,33.99,34.15,33.68,2.54,0.8,-119.2,4.83,6921154602.0,6921154602.0,0.03,0.0,-30.87,-37.97
647,605299,舒华体育,9.0,1.81,0.16,29778.0,26665927.0,3.05,9.09,8.82,8.86,8.84,6.48,0.72,118.88,3.06,3698365041.0,3698365041.0,0.22,0.11,-2.39,17.04
648,600416,湘电股份,11.29,1.8,0.2,55630.0,62529164.0,2.52,11.34,11.06,11.06,11.09,3.27,0.42,71.28,1.99,14963838764.0,14963838764.0,0.18,0.0,1.62,0.0
649,603131,上海沪工,17.49,1.8,0.31,47681.0,84049925.0,3.67,17.88,17.25,17.25,17.18,5.5,1.5,164.83,4.6,5561663587.0,5561663587.0,0.23,-0.11,-12.11,3.06
650,300600,国瑞科技,9.06,1.8,0.16,57161.0,51791159.8,3.6,9.18,8.86,8.86,8.9,5.68,2.32,-146.15,2.67,2665764389.0,2231268134.0,0.11,0.22,16.3,19.05
651,300414,中光防雷,8.48,1.8,0.15,17344.0,14630637.0,2.76,8.53,8.3,8.33,8.33,4.35,0.55,245.92,2.81,2764645072.0,2658817758.0,-0.12,-0.35,0.12,6.53
652,600353,旭光电子,10.72,1.8,0.19,160818.0,172580246.0,3.23,10.95,10.61,10.67,10.53,1.78,1.94,73.8,4.95,8897345282.0,8884855624.0,0.56,-0.09,28.69,49.72
653,300091,金通灵,2.83,1.8,0.05,133202.0,37569642.0,3.24,2.86,2.77,2.79,2.78,2.64,0.94,-14.46,6.92,4214334726.0,3999614235.0,0.35,0.71,28.05,38.05
654,002808,*ST恒久,4.56,1.79,0.08,57018.0,25767278.0,4.02,4.61,4.43,4.45,4.48,2.83,3.05,-64.72,4.36,1225728000.0,852086415.0,-0.22,-0.22,56.16,48.53
655,002815,崇达技术,10.22,1.79,0.18,24505.0,24910379.16,1.79,10.23,10.05,10.05,10.04,3.09,0.38,23.97,1.58,11050392527.0,6547424655.0,0.2,0.2,-12.05,1.39
656,688357,建龙微纳,26.16,1.79,0.46,8858.0,23129611.0,2.49,26.43,25.79,25.79,25.7,4.6,0.89,25.75,1.54,2617529863.0,2617529863.0,0.0,-0.04,6.21,19.29
657,300684,中石科技,22.3,1.78,0.39,15872.0,35157330.0,1.83,22.31,21.91,22.04,21.91,2.12,0.78,27.05,3.51,6679055673.0,4532362809.0,0.31,0.13,-13.9,2.39
658,300811,铂科新材,41.81,1.78,0.73,6824.0,28459327.21,2.22,41.94,41.03,41.07,41.08,3.0,0.3,40.88,4.48,12060833534.0,9598723452.0,0.1,-0.07,-16.61,-22.44
659,300832,新产业,60.72,1.78,1.06,9530.0,57388541.0,2.77,60.8,59.15,59.5,59.66,1.8,0.14,27.26,5.98,47708844625.0,41302200979.0,0.28,0.25,2.21,-12.7
660,002896,中大力德,75.69,1.77,1.32,13946.0,104714112.88,2.03,75.89,74.38,74.38,74.37,2.1,0.92,164.42,9.6,11442154562.0,11442154562.0,0.25,0.79,-24.01,97.06
661,603611,诺力股份,20.73,1.77,0.36,32315.0,66587013.0,2.31,20.83,20.36,20.37,20.37,1.2,1.25,10.88,1.87,5340064397.0,5340064397.0,-0.1,-0.19,10.15,21.58
662,002116,中国海诚,10.36,1.77,0.18,52293.0,54472012.0,4.13,10.57,10.15,10.15,10.18,11.09,1.14,26.5,1.86,4828342833.0,4736314632.0,-0.19,-0.48,1.07,3.81
663,002734,利民股份,17.83,1.77,0.31,176815.0,315883721.71,4.22,18.12,17.38,17.38,17.52,2.41,4.67,17.37,2.43,7510701551.0,6757710429.0,-0.06,-0.06,102.15,130.96
664,002811,郑中设计,10.93,1.77,0.19,68354.0,74364490.38,1.96,10.96,10.75,10.85,10.74,1.3,2.41,34.37,2.74,3366112155.0,3094466078.0,-0.18,0.18,5.0,30.43
665,600207,安彩高科,4.61,1.77,0.08,93230.0,42589067.0,3.09,4.64,4.5,4.5,4.53,2.04,0.86,-11.71,1.93,5021730874.0,5021730874.0,0.0,0.88,3.83,3.36
666,002692,远程股份,5.19,1.76,0.09,67414.0,35066311.0,3.92,5.31,5.11,5.12,5.1,1.95,0.94,43.05,3.15,3727177740.0,3725719220.0,-0.38,0.0,-3.89,33.08
667,601137,博威合金,17.34,1.76,0.3,25488.0,44024301.0,1.76,17.35,17.05,17.12,17.04,3.3,0.31,11.1,1.7,14064741088.0,14035609888.0,0.06,0.12,-17.11,-12.42
668,688265,南模生物,27.69,1.76,0.48,3080.0,8444759.0,2.57,27.69,26.99,27.44,27.21,5.15,0.62,-558.22,1.28,2158809675.0,1367567925.0,0.25,0.33,-5.11,19.77
669,300019,硅宝科技,17.32,1.76,0.3,17631.0,30405163.0,1.59,17.35,17.08,17.08,17.02,1.86,0.51,24.01,2.71,6808781244.0,5980471487.0,0.06,0.0,0.99,20.78
670,688068,热景生物,134.31,1.75,2.31,16713.0,229227460.0,7.57,140.0,130.01,130.13,132.0,3.53,1.8,-129.66,4.17,12451603421.0,12451603421.0,-1.22,-0.88,86.98,117.19
671,300647,超频三,5.8,1.75,0.1,28166.0,16228912.0,2.11,5.81,5.69,5.75,5.7,1.8,0.62,130.47,4.61,2652461939.0,2648524429.0,0.35,0.35,-9.38,-5.69
672,002883,中设股份,11.06,1.75,0.19,11687.0,12875780.0,1.84,11.09,10.89,10.94,10.87,3.5,0.89,793.99,2.55,1727098256.0,1453555578.0,-0.18,-0.09,-1.95,8.54
673,688125,安达智能,33.63,1.75,0.58,1205.0,4015498.0,1.91,33.68,33.05,33.05,33.05,2.52,0.54,-33.97,1.46,2742048281.0,743867351.0,-0.06,0.3,-25.97,-13.92
674,002638,勤上股份,2.33,1.75,0.04,86032.0,20121763.0,2.18,2.36,2.31,2.31,2.29,4.41,0.64,-118.96,1.5,3347264833.0,3138643413.0,-0.43,0.0,9.91,3.56
675,603308,应流股份,21.03,1.74,0.36,19980.0,41719359.0,2.9,21.1,20.5,20.6,20.67,1.62,0.29,38.79,3.05,14280136354.0,14280136354.0,0.1,0.0,11.39,49.15
676,300433,蓝思科技,20.46,1.74,0.35,90491.0,184962151.5,1.44,20.55,20.26,20.27,20.11,2.38,0.18,59.43,2.08,101947518619.0,101598147116.0,-0.1,-0.15,-26.98,-6.58
677,300068,南都电源,14.59,1.74,0.25,65943.0,95874091.41,1.88,14.64,14.37,14.37,14.34,1.91,0.77,-12.3,3.47,13102401528.0,12436376505.0,-0.21,-0.14,-24.09,-9.6
678,605123,派克新材,60.84,1.74,1.04,8571.0,52076427.0,2.71,61.22,59.6,60.21,59.8,2.13,0.71,24.05,1.65,7372037069.0,7372037069.0,-0.03,0.07,16.17,13.17
679,600355,*ST精伦,2.92,1.74,0.05,100609.0,29329403.0,2.79,2.95,2.87,2.87,2.87,1.72,2.04,-36.72,11.71,1436900464.0,1436900464.0,0.0,0.0,-26.45,-14.37
680,000831,中国稀土,35.17,1.74,0.6,199207.0,700453849.39,4.14,35.78,34.35,34.38,34.57,7.37,1.88,128.49,7.91,37323135782.0,37323135782.0,-0.23,0.4,18.78,25.38
681,600860,京城股份,11.78,1.73,0.2,20587.0,24193886.0,2.16,11.88,11.63,11.66,11.58,1.8,0.47,-135.42,6.0,6451505339.0,5127026316.0,0.17,0.26,-9.38,16.87
682,000572,海马汽车,4.12,1.73,0.07,205765.0,85163855.1,2.72,4.2,4.09,4.11,4.05,3.9,1.25,-56.46,3.92,6775902075.0,6766082636.0,0.0,-0.48,-3.51,-1.44
683,603086,先达股份,9.41,1.73,0.16,89100.0,82907831.0,2.7,9.45,9.2,9.39,9.25,1.29,2.05,47.15,2.06,4091591676.0,4091591676.0,0.97,0.97,51.53,119.86
684,300037,新宙邦,31.14,1.73,0.53,11725.0,36367487.7,2.42,31.31,30.57,30.69,30.61,2.29,0.22,25.32,2.47,23285840894.0,16818236904.0,-0.19,0.55,-10.47,-15.93
685,300014,亿纬锂能,45.79,1.73,0.78,34867.0,158942667.71,1.64,45.84,45.1,45.1,45.01,2.4,0.19,21.27,2.51,93673587348.0,85235092440.0,-0.04,0.18,-7.03,-0.97
686,300147,ST香雪,8.81,1.73,0.15,76617.0,67669829.0,4.04,8.98,8.63,8.68,8.66,2.81,1.17,-16.6,6.02,5825868386.0,5792214160.0,0.0,-0.56,-7.26,-9.83
687,603920,XD世运电,26.01,1.72,0.44,62684.0,162565210.0,1.76,26.05,25.6,25.67,25.57,2.67,0.87,26.05,3.01,18741424011.0,18741424011.0,0.12,0.12,-16.93,-9.69
688,600444,国机通用,16.57,1.72,0.28,14438.0,23771552.0,2.09,16.63,16.29,16.34,16.29,1.35,0.99,50.53,3.37,2426211413.0,2426211413.0,-0.06,-0.24,10.1,8.94
689,300403,汉宇集团,14.85,1.71,0.25,41992.0,61954151.0,1.99,14.89,14.6,14.6,14.6,1.77,0.99,40.28,4.41,8954550000.0,6280651783.0,0.2,0.27,-19.9,50.0
690,688556,高测股份,9.54,1.71,0.16,29136.0,27817450.0,2.13,9.62,9.42,9.44,9.38,3.81,0.53,-17.59,1.5,5216176317.0,5216176317.0,-0.1,-0.1,-8.36,-14.67
691,300211,*ST亿通,6.56,1.71,0.11,26772.0,17555039.0,2.33,6.62,6.47,6.48,6.45,2.44,0.9,-37.37,4.25,1993778983.0,1958040765.0,-0.3,-0.3,-48.75,-26.29
692,688258,卓易信息,44.7,1.71,0.75,6621.0,29430787.0,2.46,44.82,43.74,43.87,43.95,2.38,0.55,72.01,6.29,5415057994.0,5415057994.0,0.63,0.49,-4.36,29.19
693,603330,天洋新材,6.56,1.71,0.11,16471.0,10688991.0,2.17,6.56,6.42,6.5,6.45,2.54,0.4,-279.6,1.85,2838339137.0,2668038789.0,0.61,1.08,-15.25,3.47
694,832978,开特股份,23.8,1.71,0.4,4080.0,9653341.0,2.31,23.87,23.33,23.53,23.4,1.52,0.41,26.58,5.95,4266422938.0,2386650862.0,0.29,0.25,-6.99,76.3
695,603629,利通电子,22.63,1.71,0.38,16942.0,38160108.0,2.25,22.74,22.24,22.3,22.25,2.28,0.66,49.93,3.47,5882215900.0,5802603560.0,0.04,-0.04,-11.22,13.66
696,688449,联芸科技,37.68,1.7,0.63,6832.0,25590540.0,1.94,37.72,37.0,37.0,37.05,2.29,0.98,-174.76,10.21,17332800000.0,2637600000.0,0.13,0.32,-29.37,-7.71
697,600857,宁波中百,10.19,1.7,0.17,15312.0,15572506.0,2.59,10.34,10.08,10.14,10.02,2.96,0.68,115.68,2.75,2285819975.0,2285819975.0,0.0,0.0,17.53,9.57
698,603912,佳力图,8.99,1.7,0.15,40925.0,36497928.0,2.38,9.01,8.8,8.85,8.84,2.04,0.76,-94.9,2.73,4870942651.0,4870942651.0,0.67,0.22,-11.17,8.57
699,835185,贝特瑞,22.73,1.7,0.38,11903.0,26803804.45,2.42,22.73,22.19,22.36,22.35,2.13,0.11,36.3,2.14,25624407492.0,25211502222.0,0.58,0.53,-7.34,18.32
700,603298,杭叉集团,19.17,1.7,0.32,11761.0,22537814.0,2.33,19.3,18.86,18.86,18.85,1.38,0.09,14.39,2.53,25109096979.0,25109096979.0,0.05,-0.21,-11.7,10.24
701,300057,万顺新材,4.78,1.7,0.08,57553.0,27436961.25,2.13,4.8,4.7,4.7,4.7,4.06,0.8,-160.0,0.81,4251562382.0,3426556011.0,0.0,0.42,-12.13,-0.62
702,600249,两面针,6.62,1.69,0.11,186584.0,122013554.0,3.23,6.63,6.42,6.53,6.51,2.6,3.39,-64.24,1.68,3641000000.0,3641000000.0,1.38,1.07,22.59,30.06
703,301123,奕东电子,20.62,1.68,0.34,5183.0,10649582.0,1.78,20.68,20.32,20.32,20.28,2.18,0.56,-232.68,1.69,4816832000.0,1900108318.0,0.0,-0.05,-15.07,0.83
704,300780,德恩精工,15.14,1.68,0.25,8458.0,12730108.0,1.88,15.18,14.9,14.92,14.89,2.29,0.81,-39.59,2.13,2220583800.0,1587784018.0,-0.13,0.33,-7.06,5.43
705,002789,*ST建艺,8.5,1.67,0.14,8091.0,6874031.0,2.75,8.58,8.35,8.35,8.36,1.44,0.62,-10.79,-1.62,1356799869.0,1117578181.0,-0.12,0.0,14.4,-7.1
706,000559,万向钱潮,7.91,1.67,0.13,168172.0,131957303.6,2.19,7.93,7.76,7.78,7.78,1.67,0.51,22.28,2.95,26132989531.0,26132890221.0,0.89,0.76,19.85,28.62
707,832149,利尔达,15.24,1.67,0.25,17289.0,26116624.08,1.73,15.24,14.98,15.1,14.99,1.76,1.5,540.6,9.19,6425641200.0,1758859464.0,0.73,0.59,-16.17,71.82
708,300427,红相股份,6.08,1.67,0.1,62292.0,37837945.76,3.01,6.15,5.97,6.02,5.98,2.45,1.26,49.93,2.51,3091803412.0,3008426134.0,-0.33,-0.49,4.11,3.05
709,920445,龙竹科技,10.4,1.66,0.17,7214.0,7456026.75,2.44,10.46,10.21,10.21,10.23,2.16,0.69,52.88,4.68,1528072260.0,1094733026.0,0.68,0.68,12.31,42.08
710,832110,雷特科技,39.78,1.66,0.65,2140.0,8488987.63,1.58,39.9,39.28,39.28,39.13,5.18,1.32,36.65,4.63,1551420000.0,645987420.0,-0.25,0.43,7.95,21.65
711,301383,天键股份,41.02,1.66,0.67,15110.0,62033573.0,3.59,41.55,40.1,40.1,40.35,2.61,2.15,480.02,3.23,6680927400.0,2881952395.0,-0.15,-0.29,-19.43,-22.09
712,603360,百傲化学,20.15,1.66,0.33,24721.0,49420021.0,2.37,20.2,19.73,19.83,19.82,3.19,0.35,70.92,9.25,14230406628.0,14230406628.0,-0.1,-0.15,-13.41,30.34
713,300735,光弘科技,26.36,1.66,0.43,69389.0,183641157.72,3.05,26.88,26.09,26.09,25.93,6.84,0.92,142.71,4.24,20230263762.0,19957407105.0,0.04,-0.42,-23.1,-4.97
714,000712,锦龙股份,12.27,1.66,0.2,107203.0,131467049.94,3.73,12.45,12.0,12.0,12.07,5.49,1.2,-28.71,4.86,10993920000.0,10990657714.0,-0.24,-0.24,-8.3,-18.85
715,002724,海洋王,6.77,1.65,0.11,62164.0,42022448.0,1.8,6.81,6.69,6.71,6.66,1.71,1.09,118.97,1.99,5223041419.0,3870853220.0,0.0,0.15,39.01,28.46
716,600595,中孚实业,3.7,1.65,0.06,81308.0,30003601.0,1.92,3.71,3.64,3.65,3.64,2.86,0.2,16.1,0.94,14834891422.0,14829248922.0,0.0,0.0,-11.27,30.74
717,300249,依米康,12.96,1.65,0.21,38053.0,49104942.0,2.43,13.02,12.71,12.82,12.75,2.87,1.02,202.75,17.69,5708724402.0,4841816148.0,0.0,-0.38,-28.75,1.41
718,000933,神火股份,16.61,1.65,0.27,76492.0,126590610.2,1.77,16.65,16.36,16.39,16.34,2.87,0.34,13.19,1.75,37361712951.0,37259368941.0,0.0,-0.12,-9.92,1.28
719,600234,科新发展,7.4,1.65,0.12,17407.0,12816185.0,3.85,7.48,7.2,7.33,7.28,3.13,0.66,288.79,4.13,1942655200.0,1942655200.0,-0.27,-0.13,34.79,33.33
720,603110,东方材料,16.14,1.64,0.26,20084.0,32267793.0,2.39,16.27,15.89,15.98,15.88,2.56,1.0,275.21,4.6,3247799454.0,3247799454.0,0.06,0.0,-15.81,12.08
721,688121,卓然股份,12.39,1.64,0.2,15658.0,19188748.0,2.63,12.44,12.12,12.21,12.19,1.21,1.11,-86.9,1.14,2894477497.0,1754159684.0,0.73,0.98,7.09,15.04
722,002602,ST华通,9.3,1.64,0.15,289027.0,266907571.58,2.73,9.35,9.1,9.23,9.15,2.26,0.42,12.84,2.58,69308779802.0,63971986939.0,-0.11,-0.32,36.97,80.93
723,002897,意华股份,37.88,1.64,0.61,8774.0,33098302.0,1.42,37.95,37.42,37.64,37.27,2.94,0.49,28.44,2.97,7350602484.0,6810954042.0,0.05,0.08,-20.4,-8.17
724,603810,丰山集团,15.53,1.64,0.25,4650.0,7184914.0,2.29,15.62,15.27,15.28,15.28,1.57,0.28,39.18,1.7,2566270318.0,2566270318.0,0.0,-0.19,12.21,71.79
725,600884,杉杉股份,8.06,1.64,0.13,224768.0,180507949.0,1.77,8.09,7.95,8.06,7.93,4.73,1.28,136.76,0.84,18130267676.0,14163326126.0,0.12,0.88,0.75,8.19
726,300528,幸福蓝海,9.37,1.63,0.15,46752.0,43651240.4,2.93,9.43,9.16,9.2,9.22,2.8,1.25,12.38,5.79,3491337466.0,3491337466.0,0.32,0.11,13.71,7.7
727,688167,炬光科技,69.16,1.63,1.11,4570.0,31391442.0,1.54,69.24,68.19,68.2,68.05,1.47,0.51,-48.89,2.97,6249528871.0,6249528871.0,0.2,0.8,-3.54,8.57
728,002613,北玻股份,3.73,1.63,0.06,105898.0,39418446.8,3.54,3.78,3.65,3.65,3.67,3.98,1.37,45.58,1.84,4105121221.0,2880516887.0,-0.27,-0.27,-12.44,-7.67
729,300573,兴齐眼药,55.01,1.63,0.88,25818.0,141323790.2,3.4,55.45,53.61,53.86,54.13,2.82,1.37,23.13,8.61,13496645464.0,10366675978.0,-0.09,0.57,12.49,11.97
730,300432,富临精工,12.49,1.63,0.2,79923.0,99332576.1,1.38,12.5,12.33,12.4,12.29,3.04,0.47,43.14,4.87,21354905423.0,21116811026.0,0.08,0.16,-9.43,14.48
731,831195,三祥科技,17.5,1.63,0.28,6438.0,11194384.64,2.26,17.5,17.11,17.28,17.22,3.57,0.91,18.11,2.26,1715525000.0,1238282238.0,0.46,0.34,16.82,59.38
732,688629,华丰科技,50.18,1.62,0.8,18296.0,91611432.0,3.24,50.61,49.01,49.01,49.38,2.76,1.03,181.8,15.49,23132620260.0,8948378658.0,-0.24,-0.22,-20.48,49.84
733,836961,西磁科技,36.97,1.62,0.59,13344.0,49562684.52,4.48,37.79,36.16,36.59,36.38,7.92,3.57,612.6,9.51,2617106300.0,1381546718.0,-0.24,-0.75,-6.12,33.47
734,600345,长江通信,23.84,1.62,0.38,19105.0,45787571.0,3.96,24.33,23.4,23.44,23.46,5.54,0.9,-142.53,2.23,7857953227.0,5043573640.0,0.13,0.25,-4.14,3.11
735,002738,中矿资源,30.1,1.62,0.48,28978.0,87291648.0,2.6,30.43,29.66,29.66,29.62,3.53,0.41,40.28,1.76,21716905498.0,21407963583.0,-0.03,0.1,-13.88,-15.21
736,002996,顺博合金,6.89,1.62,0.11,26743.0,18316446.5,2.21,6.91,6.76,6.77,6.78,4.03,0.64,9.89,1.47,4612418043.0,2869435747.0,-0.14,0.0,5.03,4.55
737,300680,隆盛科技,40.74,1.62,0.65,17269.0,70035433.0,1.75,40.9,40.2,40.6,40.09,1.65,1.0,40.11,4.82,9411929086.0,7029220079.0,0.02,0.25,-3.41,70.03
738,000536,华映科技,4.4,1.62,0.07,183341.0,80827559.0,2.77,4.45,4.33,4.35,4.33,4.24,0.66,-13.06,11.45,12170544333.0,12157563070.0,0.23,-0.23,-23.21,-2.44
739,300359,全通教育,5.65,1.62,0.09,39505.0,22134928.0,2.52,5.67,5.53,5.56,5.56,3.47,0.62,-46.94,6.22,3578333834.0,3578154588.0,-0.18,0.0,-14.26,7.41
740,002774,快意电梯,8.76,1.62,0.14,27788.0,24366038.0,4.06,8.91,8.56,8.6,8.62,3.08,0.99,65.66,2.55,2949386004.0,2468322151.0,-0.11,-0.23,11.03,33.33
741,300342,天银机电,16.41,1.61,0.26,72836.0,120194982.28,3.22,16.68,16.16,16.17,16.15,4.73,1.74,199.03,4.49,6974826204.0,6855252639.0,0.06,-0.12,-13.45,1.48
742,300409,道氏技术,13.86,1.61,0.22,62624.0,86355954.6,1.91,13.89,13.63,13.73,13.64,3.36,0.91,61.98,1.4,10841970489.0,9528606438.0,-0.14,0.14,-19.98,3.2
743,002600,领益智造,8.2,1.61,0.13,187803.0,153351999.8,1.86,8.22,8.07,8.07,8.07,2.37,0.27,25.42,2.84,57467058116.0,56577408283.0,0.12,0.0,-16.92,2.76
744,833523,德瑞锂电,25.88,1.61,0.41,2417.0,6206206.15,2.0,25.92,25.41,25.41,25.47,1.95,0.3,19.1,4.38,2621679430.0,2097302596.0,0.39,0.39,-7.37,31.44
745,002169,智光电气,6.31,1.61,0.1,20304.0,12715459.0,1.45,6.31,6.22,6.22,6.21,1.76,0.27,-33.34,1.84,4938862833.0,4787232732.0,0.32,0.64,0.32,2.6
746,601388,怡球资源,2.53,1.61,0.04,215998.0,54606481.0,2.81,2.56,2.49,2.49,2.49,6.95,0.98,64.93,1.31,5569093218.0,5569093218.0,0.0,0.0,4.12,2.85
747,688127,蓝特光学,22.71,1.61,0.36,7185.0,16239416.0,1.88,22.78,22.36,22.57,22.35,1.75,0.18,50.25,5.1,9156499404.0,9156499404.0,0.04,0.09,-19.21,-16.2
748,600343,航天动力,12.02,1.61,0.19,98591.0,119395471.0,5.24,12.39,11.77,11.79,11.83,4.58,1.54,-73.27,5.33,7671240303.0,7671240303.0,0.17,0.17,5.07,14.48
749,603320,迪贝电气,17.68,1.61,0.28,37520.0,66906352.0,4.48,18.15,17.37,17.6,17.4,9.98,2.52,30.43,2.35,2636904869.0,2636904869.0,-0.45,-0.39,-8.35,26.47
750,603985,恒润股份,15.83,1.6,0.25,33616.0,53084015.0,2.12,15.96,15.63,15.63,15.58,3.05,0.76,58.36,2.16,6978782187.0,6978782187.0,-0.06,-0.75,9.93,35.53
751,300808,久量股份,28.61,1.6,0.45,6508.0,18696607.0,2.7,29.06,28.3,28.33,28.16,3.41,0.62,-94.57,4.58,4577600000.0,3009755921.0,-0.35,-0.42,-4.79,24.55
752,605183,确成股份,16.54,1.6,0.26,6585.0,10823934.0,1.9,16.54,16.23,16.23,16.28,1.81,0.16,12.49,1.98,6878707218.0,6878707218.0,0.3,0.12,-5.65,-1.84
753,002782,可立克,12.06,1.6,0.19,15744.0,18867336.0,1.85,12.08,11.86,11.87,11.87,3.17,0.32,21.22,3.01,5943281521.0,5922407916.0,0.08,0.25,-7.23,-3.52
754,301386,未来电器,21.61,1.6,0.34,4346.0,9340020.0,1.69,21.65,21.29,21.35,21.27,3.11,1.01,38.12,2.11,3025400000.0,927522896.0,0.09,0.23,0.32,2.47
755,301526,国际复材,3.8,1.6,0.06,144391.0,54345659.0,3.21,3.82,3.7,3.73,3.74,5.09,1.03,68.01,1.79,14329336582.0,5336693107.0,-0.52,0.0,9.51,2.7
756,002090,金智科技,9.59,1.59,0.15,31625.0,30160957.0,2.22,9.64,9.43,9.48,9.44,1.89,0.8,62.78,2.53,3841534111.0,3797807940.0,-0.21,-0.1,-5.8,8.0
757,002742,*ST三圣,4.47,1.59,0.07,19807.0,8770626.0,2.73,4.48,4.36,4.38,4.4,2.32,0.46,-5.86,-3.93,1931040000.0,1930405627.0,0.0,0.9,17.94,8.76
758,003038,鑫铂股份,19.75,1.59,0.31,6010.0,11844342.0,2.52,19.89,19.4,19.4,19.44,2.19,0.36,34.52,1.61,4812991359.0,3268583762.0,-0.15,0.15,-2.32,20.57
759,002543,万和电气,11.52,1.59,0.18,8512.0,9774978.0,2.03,11.57,11.34,11.34,11.34,2.59,0.13,11.94,1.74,8566272000.0,7621758755.0,0.0,0.0,0.26,12.5
760,301063,海锅股份,24.94,1.59,0.39,11164.0,27854432.0,2.24,25.15,24.6,24.71,24.55,3.53,1.31,31.67,1.68,2602756457.0,2126050902.0,0.04,-0.2,40.98,57.05
761,001300,三柏硕,14.7,1.59,0.23,13133.0,19167117.0,2.42,14.76,14.41,14.42,14.47,3.01,1.98,137.28,3.41,3583505936.0,973420579.0,0.14,0.14,20.59,27.72
762,300912,凯龙高科,14.02,1.59,0.22,4333.0,6055692.0,1.67,14.07,13.84,13.85,13.8,2.09,0.5,-68.78,3.09,1612047640.0,1203420370.0,0.14,0.29,6.21,21.91
763,000815,美利云,12.12,1.59,0.19,75960.0,91859835.1,2.01,12.18,11.94,11.94,11.93,3.17,1.09,192.28,6.34,8426587984.0,8426587984.0,-0.25,-0.25,-0.82,5.85
764,002491,通鼎互联,5.15,1.58,0.08,48401.0,24813324.0,1.97,5.17,5.07,5.08,5.07,2.49,0.41,12.03,2.37,6334471675.0,6058814686.0,0.0,0.19,0.39,0.19
765,002532,天山铝业,7.73,1.58,0.12,92381.0,71346502.0,1.84,7.77,7.63,7.64,7.61,2.69,0.22,8.5,1.33,35959074258.0,31924942144.0,-0.13,-0.13,-16.07,0.78
766,301141,中科磁业,38.64,1.58,0.6,11165.0,43012171.0,2.79,38.86,37.8,38.19,38.04,7.25,2.51,89.16,3.77,4792619857.0,1719967057.0,0.05,0.13,-2.94,6.45
767,002578,闽发铝业,3.22,1.58,0.05,31564.0,10080170.0,2.52,3.23,3.15,3.17,3.17,1.75,0.37,366.47,1.98,3022389189.0,2772943446.0,0.31,0.63,-0.31,7.69
768,301312,智立方,31.46,1.58,0.49,3519.0,11010858.28,2.26,31.52,30.82,30.96,30.97,2.36,0.97,38.55,3.25,3840438162.0,1137100056.0,0.16,0.16,-4.55,-8.63
769,688335,复洁环保,12.89,1.58,0.2,3047.0,3889519.0,2.05,12.9,12.64,12.64,12.69,1.6,0.21,-453.59,1.67,1908165891.0,1908165891.0,0.16,0.47,46.98,56.62
770,600114,东睦股份,19.33,1.58,0.3,26492.0,50832865.0,2.0,19.34,18.96,19.03,19.03,2.09,0.43,26.67,4.36,11914692610.0,11914692610.0,0.26,0.31,-20.84,21.8
771,300286,安科瑞,21.88,1.58,0.34,8133.0,17765226.0,2.18,22.0,21.53,21.59,21.54,3.08,0.46,26.29,2.56,5487168251.0,3845648470.0,-0.32,0.05,-7.68,8.05
772,002518,科士达,21.92,1.58,0.34,15860.0,34691188.0,1.9,22.04,21.63,21.73,21.58,3.2,0.28,28.73,2.95,12762374060.0,12389138275.0,-0.14,-0.14,-22.02,-1.7
773,600382,广东明珠,5.18,1.57,0.08,37035.0,19227495.0,3.53,5.26,5.08,5.14,5.1,3.45,0.53,16.69,1.31,3597033901.0,3597033901.0,0.0,-0.19,14.86,17.73
774,003017,大洋生物,24.64,1.57,0.38,6778.0,16573283.6,1.85,24.71,24.26,24.28,24.26,2.61,0.98,17.63,1.96,2069760000.0,1704064528.0,0.08,0.12,18.35,34.5
775,603032,德新科技,13.58,1.57,0.21,4692.0,6334405.0,1.72,13.59,13.36,13.49,13.37,1.94,0.2,-737.72,2.89,3171129354.0,3125002440.0,0.15,0.59,-14.97,0.97
776,300317,珈伟新能,3.89,1.57,0.06,60602.0,23516944.04,2.09,3.91,3.83,3.85,3.83,3.06,0.73,321.37,2.01,3229432895.0,3224473145.0,-0.51,-0.26,4.85,5.99
777,000977,浪潮信息,49.78,1.57,0.77,76219.0,378717494.64,1.63,49.95,49.15,49.16,49.01,2.83,0.52,39.6,3.64,73282886373.0,73197551854.0,-0.16,-0.22,-16.88,-3.75
778,301001,凯淳股份,31.06,1.57,0.48,4971.0,15342764.0,2.65,31.35,30.54,31.24,30.58,1.4,0.99,395.22,3.14,2484800000.0,1562318000.0,0.23,0.58,-6.33,-11.26
779,000546,金圆股份,4.52,1.57,0.07,38084.0,17116845.0,1.57,4.52,4.45,4.45,4.45,1.45,0.55,54.35,0.84,3514970144.0,3149107531.0,0.22,0.44,-7.57,-8.32
780,603216,梦天家居,13.56,1.57,0.21,4274.0,5749864.0,1.65,13.57,13.35,13.38,13.35,1.58,0.75,80.88,1.73,3019676400.0,768716400.0,0.07,0.0,14.92,27.2
781,832175,东方碳素,12.33,1.57,0.19,4894.0,5984909.63,1.89,12.33,12.1,12.18,12.14,1.11,0.81,-20.27,1.92,1467270000.0,745882377.0,0.08,0.49,-7.99,20.06
782,002354,天娱数科,6.48,1.57,0.1,234608.0,151273882.0,3.29,6.52,6.31,6.36,6.38,2.4,1.45,511.37,8.74,10721716114.0,10506067714.0,0.0,-0.15,-10.62,20.67
783,000630,铜陵有色,3.23,1.57,0.05,584788.0,187806238.8,1.57,3.23,3.18,3.19,3.18,5.89,0.56,9.15,1.19,41325049022.0,34004395382.0,0.31,0.0,-1.22,0.0
784,601601,中国太保,35.04,1.57,0.54,94913.0,331991028.0,2.93,35.38,34.37,34.5,34.5,3.38,0.14,8.75,1.28,337096764583.0,239850252583.0,0.06,-0.03,13.8,2.82
785,600714,金瑞矿业,10.38,1.57,0.16,11446.0,11804305.0,1.86,10.39,10.2,10.28,10.22,2.56,0.4,48.93,3.94,2991269714.0,2991269714.0,0.19,0.19,-2.44,6.79
786,002979,雷赛智能,44.96,1.56,0.69,17847.0,79727122.0,1.63,45.0,44.28,44.29,44.27,2.5,0.82,61.95,9.54,13831532481.0,9785517249.0,0.11,0.27,-10.04,47.55
787,002575,群兴玩具,8.49,1.56,0.13,70525.0,59525210.0,2.63,8.55,8.33,8.36,8.36,2.73,1.22,-86.95,6.35,5234085000.0,4909754265.0,-0.59,-0.24,-26.94,3.03
788,300438,鹏辉能源,25.4,1.56,0.39,42864.0,108105112.87,2.48,25.55,24.93,25.01,25.01,1.94,1.06,-71.05,2.53,12784921344.0,10265814901.0,0.12,0.4,-16.06,-9.64
789,301379,天山电子,28.08,1.56,0.43,6486.0,18120495.2,2.03,28.11,27.55,27.63,27.65,2.98,0.71,27.71,2.99,3983878080.0,2561619060.0,0.04,0.04,11.21,39.01
790,603773,沃格光电,21.48,1.56,0.33,6351.0,13546992.0,1.7,21.49,21.13,21.13,21.15,1.99,0.31,-49.8,3.87,4800290965.0,4383683121.0,0.42,0.42,-11.46,-15.1
791,300484,蓝海华腾,20.12,1.56,0.31,15343.0,30780395.0,2.02,20.2,19.8,19.8,19.81,1.65,0.92,37.31,6.06,4177573948.0,3347014815.0,-0.4,-0.3,-15.28,-2.61
792,832089,禾昌聚合,16.96,1.56,0.26,6819.0,11518195.63,1.68,16.99,16.71,16.75,16.7,1.59,0.73,18.88,2.21,2555329280.0,1585773890.0,0.06,-0.18,4.37,50.49
793,301202,朗威股份,39.59,1.56,0.61,5847.0,23064328.0,1.51,39.7,39.11,39.18,38.98,1.91,1.57,66.2,4.51,5400076000.0,1471956200.0,-0.13,0.18,-17.38,-14.66
794,002226,江南化工,5.22,1.56,0.08,49560.0,25701889.0,2.14,5.23,5.12,5.12,5.14,3.47,0.19,23.69,1.43,13827377303.0,13827162223.0,-0.19,0.38,-10.31,-3.69
795,688622,禾信仪器,79.55,1.56,1.22,809.0,6407351.0,2.54,80.0,78.01,78.88,78.33,1.3,0.12,-196.93,14.81,5568309557.0,5568309557.0,-0.25,0.21,1.44,31.25
796,300616,尚品宅配,13.01,1.56,0.2,17531.0,22812104.2,2.65,13.15,12.81,12.81,12.81,3.06,1.12,-18.79,0.92,2920952900.0,2029120808.0,-0.31,-0.38,6.29,13.92
797,300871,回盛生物,22.84,1.56,0.35,33263.0,75558230.82,2.27,22.99,22.48,22.99,22.49,1.37,1.64,25.96,2.38,4621275602.0,4621275602.0,-0.17,0.09,102.48,129.55
798,600273,嘉化能源,8.45,1.56,0.13,96176.0,81507328.0,2.88,8.54,8.3,8.3,8.32,7.29,0.69,10.66,1.17,11754331999.0,11754331999.0,0.0,-0.47,8.06,8.61
799,835179,凯德石英,33.87,1.56,0.52,5037.0,16928711.3,2.07,33.95,33.26,33.35,33.35,1.92,0.85,63.65,3.42,2540250000.0,2007162280.0,0.21,0.65,-0.82,33.14
800,300652,雷迪克,81.97,1.56,1.26,9378.0,76495629.0,2.97,82.9,80.5,81.5,80.71,1.97,1.02,60.18,5.96,8410788662.0,7548675827.0,0.69,0.63,84.2,175.81
801,002046,国机精工,15.77,1.55,0.24,32508.0,51021206.0,2.0,15.82,15.51,15.6,15.53,1.83,0.62,23.89,1.97,8456927988.0,8315240310.0,0.19,0.06,-2.95,12.64
802,000736,*ST中地,4.59,1.55,0.07,32734.0,14980830.22,2.43,4.62,4.51,4.51,4.52,2.01,0.45,-1.74,-0.84,3429181661.0,3310611147.0,0.44,0.0,-30.14,-46.63
803,002981,朝阳科技,23.58,1.55,0.36,13401.0,31530411.8,4.35,23.95,22.94,23.19,23.22,2.36,1.12,37.67,3.03,3189268452.0,2816072508.0,-0.08,0.26,0.94,1.11
804,300410,正业科技,5.91,1.55,0.09,20836.0,12274368.32,1.2,5.92,5.85,5.85,5.82,2.51,0.57,57.05,9.55,2169648450.0,2168481408.0,0.0,0.17,4.05,9.85
805,002913,奥士康,25.57,1.55,0.39,7717.0,19648021.0,1.43,25.62,25.26,25.31,25.18,3.5,0.29,18.07,1.81,8114908087.0,6782925108.0,-0.12,0.12,-9.36,6.06
806,603950,长源东谷,23.75,1.54,0.36,7250.0,17188153.0,2.44,23.97,23.4,23.4,23.39,2.02,0.22,24.78,2.86,7698106500.0,7698106500.0,-0.34,-0.5,-3.53,36.57
807,300419,ST浩丰,5.26,1.54,0.08,50873.0,26820037.0,1.54,5.32,5.24,5.25,5.18,4.07,1.38,-96.1,4.38,1934384830.0,1934384830.0,-0.19,-0.19,-0.57,21.2
808,834058,华洋赛车,36.31,1.54,0.55,2266.0,8210100.12,2.46,36.48,35.6,35.67,35.76,3.45,0.82,44.21,6.3,2036520786.0,1000628184.0,-0.3,-0.14,12.73,41.56
809,688369,致远互联,26.36,1.54,0.4,3548.0,9305929.0,1.58,26.39,25.98,26.39,25.96,1.71,0.31,-11.34,3.09,3037148352.0,3037148352.0,0.11,0.38,-12.86,31.34
810,301448,开创电气,25.07,1.54,0.38,3047.0,7560724.0,2.35,25.14,24.56,24.9,24.69,1.91,0.64,284.34,3.79,2607280000.0,1199348800.0,-0.2,0.52,7.74,23.19
811,920029,开发科技,97.48,1.54,1.48,3945.0,38148421.81,2.15,97.68,95.62,96.12,96.0,2.2,1.24,16.68,4.4,13538672299.0,3099214198.0,0.29,-0.19,237.53,237.53
812,688232,新点软件,31.05,1.54,0.47,3185.0,9859171.0,1.9,31.19,30.61,30.8,30.58,2.61,0.1,-63.36,1.91,10246500000.0,10246500000.0,0.23,0.23,-18.29,7.11
813,002820,桂发祥,11.24,1.54,0.17,37739.0,42439763.0,3.52,11.45,11.06,11.06,11.07,3.79,1.88,84.95,2.44,2257759636.0,2251771897.0,-0.18,-0.35,-6.95,-9.5
814,002261,拓维信息,29.7,1.54,0.45,191712.0,568473846.32,2.5,29.88,29.15,29.24,29.25,2.88,1.68,142.72,14.71,37305343568.0,33859330322.0,-0.13,-0.44,-21.88,62.21
815,600338,西藏珠峰,9.96,1.53,0.15,32370.0,32219231.0,2.14,10.01,9.8,9.81,9.81,3.42,0.35,18.07,2.38,9105533273.0,9105533273.0,-0.1,-0.1,-0.6,-6.65
816,300955,嘉亨家化,18.57,1.53,0.28,7431.0,13651166.0,1.91,18.58,18.23,18.4,18.29,1.07,1.26,-23.49,2.04,1871856000.0,1092776552.0,0.7,1.03,16.06,17.53
817,002112,三变科技,12.61,1.53,0.19,23014.0,28901729.0,2.33,12.65,12.36,12.65,12.42,3.47,0.88,44.03,5.03,3304828800.0,3304828800.0,-0.08,-0.32,-18.01,13.3
818,300635,中达安,10.64,1.53,0.16,8972.0,9499533.0,1.91,10.68,10.48,10.51,10.48,3.23,0.75,-140.14,4.0,1491025760.0,1274246740.0,0.0,0.09,5.56,8.68
819,301169,零点有数,37.24,1.53,0.56,4391.0,16383027.0,2.75,37.7,36.69,37.35,36.68,3.86,0.61,-30.52,5.72,2682789561.0,2681951661.0,-0.13,-0.19,-11.29,-6.99
820,300141,和顺电气,8.6,1.53,0.13,8008.0,6863752.0,1.77,8.61,8.46,8.46,8.47,2.58,0.32,-41.29,3.4,2183407560.0,2172960203.0,0.0,0.12,-4.34,-19.17
821,002881,美格智能,43.68,1.53,0.66,12793.0,55685500.0,1.74,43.87,43.12,43.27,43.02,2.5,0.71,61.74,7.22,11435504546.0,7908690055.0,-0.16,-0.18,-18.7,46.43
822,600819,耀皮玻璃,5.98,1.53,0.09,28645.0,17066378.0,1.7,5.99,5.89,5.89,5.89,1.87,0.38,32.76,1.6,5590798093.0,4469548081.0,0.17,0.17,12.83,11.36
823,002605,姚记科技,28.61,1.53,0.43,42402.0,120809951.0,3.16,28.79,27.9,27.96,28.18,3.12,1.26,21.16,3.52,11911449291.0,9610942709.0,0.32,0.07,4.04,7.31
824,603067,振华股份,22.61,1.53,0.34,15069.0,33857965.0,2.33,22.75,22.23,22.29,22.27,2.07,0.3,24.51,3.52,11509028163.0,11509028163.0,-0.13,0.18,32.69,79.02
825,300933,中辰股份,7.35,1.52,0.11,26391.0,19346841.0,2.07,7.39,7.24,7.25,7.24,1.69,0.56,57.9,2.16,3451999199.0,3451999199.0,0.0,0.14,-7.08,-12.08
826,834639,晨光电缆,9.37,1.52,0.14,17792.0,16671801.75,2.6,9.47,9.23,9.4,9.23,1.1,1.52,168.49,2.26,1888992000.0,1098312824.0,0.21,-0.11,26.28,58.01
827,300971,博亚精工,25.44,1.52,0.38,25174.0,63843788.0,4.03,25.77,24.76,24.85,25.06,4.62,3.83,324.67,2.17,2136960000.0,1672907103.0,-0.2,0.24,15.74,25.32
828,300337,银邦股份,10.04,1.52,0.15,31246.0,31287069.0,2.02,10.08,9.88,9.95,9.89,2.79,0.44,141.2,4.89,8252076800.0,7142294697.0,-0.1,0.0,-27.25,-9.71
829,301165,锐捷网络,48.88,1.52,0.73,18732.0,90948031.38,3.84,49.06,47.21,48.4,48.15,7.34,1.96,90.61,8.94,38881818160.0,4665818160.0,0.08,-0.12,-11.47,-4.42
830,833914,远航精密,19.41,1.52,0.29,4939.0,9548918.4,2.46,19.5,19.03,19.25,19.12,2.84,0.49,29.66,2.09,1941000000.0,1941000000.0,0.1,0.21,3.03,21.16
831,870299,灿能电力,20.72,1.52,0.31,6867.0,14177500.08,2.16,20.85,20.41,20.69,20.41,1.23,1.52,103.79,6.94,1867064199.0,934067628.0,0.0,0.44,15.5,115.83
832,300565,科信技术,11.34,1.52,0.17,20074.0,22669417.0,1.61,11.36,11.18,11.18,11.17,2.76,0.88,-33.21,4.62,2831650300.0,2581074845.0,-0.09,0.09,-6.97,-5.42
833,002400,省广集团,7.41,1.51,0.11,199979.0,148139465.0,1.37,7.45,7.35,7.39,7.3,4.3,1.16,125.71,2.6,12918128118.0,12790879819.0,0.0,-0.13,-14.34,-7.26
834,688583,思看科技,105.47,1.51,1.57,1937.0,20321947.0,2.31,105.88,103.48,103.98,103.9,4.41,1.52,66.47,6.25,7171960000.0,1347943198.0,-0.04,-0.23,-0.73,215.21
835,002910,庄园牧场,9.4,1.51,0.14,19069.0,17823546.0,2.05,9.46,9.27,9.3,9.26,1.84,1.11,-17.71,1.72,1838069862.0,1607982330.0,0.21,-0.32,0.75,24.83
836,301321,翰博高新,14.77,1.51,0.22,6087.0,8928837.3,2.54,14.79,14.42,14.6,14.55,2.43,0.41,-19.12,2.73,2753644950.0,2179854289.0,0.07,0.14,-11.02,2.57
837,002346,柘中股份,14.13,1.51,0.21,7118.0,10012446.0,2.8,14.19,13.8,13.94,13.92,2.76,0.18,10.6,2.18,6239460628.0,5558741350.0,-0.07,-0.14,22.13,43.31
838,836942,恒立钻具,20.18,1.51,0.3,2256.0,4526618.43,1.56,20.19,19.88,19.99,19.88,1.86,0.55,24.53,2.48,1237580878.0,832475733.0,0.15,0.35,14.79,46.34
839,688531,日联科技,68.7,1.51,1.02,3496.0,23925353.0,1.65,68.8,67.68,67.7,67.68,1.87,0.47,55.67,2.4,7866453242.0,5088599313.0,0.2,0.45,19.02,44.24
840,002644,佛慈制药,9.4,1.51,0.14,277448.0,263075889.26,4.75,9.7,9.26,9.63,9.26,14.86,5.43,61.92,2.65,4800175800.0,4800175800.0,-0.74,-0.32,22.88,21.76
841,301345,涛涛车业,72.39,1.51,1.08,3367.0,24253955.6,3.46,73.28,70.81,71.02,71.31,1.68,1.17,22.8,2.58,7863851731.0,2076416011.0,0.0,-1.03,20.45,12.92
842,002989,中天精装,36.32,1.51,0.54,15510.0,56094866.55,1.98,36.49,35.78,35.89,35.78,1.92,0.85,472.18,4.76,7175202249.0,6642959889.0,-0.38,0.06,25.41,64.49
843,601827,三峰环境,8.79,1.5,0.13,18424.0,16077285.0,1.73,8.8,8.65,8.69,8.66,2.78,0.11,8.98,1.27,14696293707.0,14696293707.0,0.11,0.46,7.06,2.45
844,002466,天齐锂业,29.76,1.5,0.44,79249.0,236332098.08,3.0,30.2,29.32,29.35,29.32,4.44,0.54,117.1,1.17,48842754310.0,43921166068.0,-0.13,0.03,-9.32,-9.82
845,688066,航天宏图,18.22,1.5,0.27,21627.0,39377913.0,3.84,18.48,17.79,17.9,17.95,3.85,0.83,-10.37,5.83,4760474356.0,4760474356.0,-0.16,-0.11,-7.04,-10.69
846,300618,寒锐钴业,32.45,1.5,0.48,24711.0,80621296.6,3.0,32.92,31.96,31.96,31.97,6.48,0.91,58.36,1.82,10005145958.0,8804358597.0,-0.06,-0.09,-14.58,-3.91
847,002192,融捷股份,28.5,1.5,0.42,12770.0,36253968.16,1.64,28.56,28.1,28.1,28.08,4.54,0.49,92.35,2.19,7400173286.0,7384926498.0,-0.04,0.11,-8.97,-10.66
848,301219,腾远钴业,44.8,1.5,0.66,8954.0,40026661.0,1.86,44.95,44.13,44.13,44.14,4.35,0.52,26.74,1.5,13203329754.0,7702433805.0,-0.04,-0.2,-15.3,0.2
849,688539,高华科技,25.72,1.5,0.38,7020.0,18147670.0,2.33,26.08,25.49,25.6,25.34,4.65,0.67,315.32,2.77,4781862400.0,2693398400.0,-0.16,-0.16,-4.49,1.22
850,002042,华孚时尚,4.74,1.5,0.07,67391.0,31674175.0,1.93,4.75,4.66,4.67,4.67,2.34,0.4,223.62,1.41,8061229623.0,8061229623.0,-0.21,0.42,-17.28,5.33
851,002263,大东南,2.71,1.5,0.04,67344.0,18185396.0,1.87,2.72,2.67,2.67,2.67,1.61,0.36,273.16,1.84,5090355871.0,5090315221.0,-0.37,0.37,7.11,9.27
852,688733,壹石通,16.98,1.49,0.25,2943.0,4968833.0,1.85,17.01,16.7,16.74,16.73,1.67,0.15,-50.48,1.55,3392182726.0,3392182726.0,-0.06,0.18,-13.98,-10.16
853,600602,云赛智联,20.37,1.49,0.3,94180.0,191588237.0,2.59,20.53,20.01,20.1,20.07,4.58,0.88,165.35,5.81,27859508278.0,21883551906.0,-0.44,-0.39,-14.38,28.76
854,300850,新强联,32.01,1.49,0.47,19453.0,61968298.23,2.47,32.08,31.3,31.54,31.54,2.77,0.73,17.88,2.19,12189129641.0,8562424138.0,-0.03,0.03,19.84,68.3
855,300686,智动力,8.86,1.49,0.13,9371.0,8265885.0,1.15,8.87,8.77,8.82,8.73,2.32,0.48,-24.23,2.33,2309130589.0,1715923882.0,0.0,0.8,-2.74,1.49
856,002062,宏润建设,4.77,1.49,0.07,27583.0,13125297.0,2.34,4.79,4.68,4.7,4.7,3.15,0.28,16.1,1.2,5901782141.0,4721934079.0,-0.21,0.0,-10.51,-6.65
857,688217,睿昂基因,23.84,1.49,0.35,3099.0,7329580.0,1.45,23.84,23.5,23.51,23.49,3.38,0.55,99.22,1.46,1331604561.0,1331604561.0,0.25,0.59,3.88,29.28
858,301052,果麦文化,36.89,1.49,0.54,18176.0,67197507.0,2.67,37.28,36.31,36.56,36.35,2.14,2.27,-463.55,5.16,3650610016.0,2958427489.0,0.11,-0.05,30.26,45.29
859,600988,赤峰黄金,27.85,1.49,0.41,130271.0,359732778.0,2.19,27.9,27.3,27.31,27.44,2.67,0.78,27.37,4.86,52926451307.0,46339931877.0,0.29,0.22,44.53,78.41
860,002472,双环传动,32.08,1.49,0.47,19751.0,63047641.0,1.8,32.12,31.55,31.7,31.61,2.01,0.26,24.63,2.99,27190557019.0,24142701983.0,0.16,0.09,-14.27,4.77
861,688235,百济神州-U,237.89,1.48,3.48,5831.0,137544946.0,2.7,238.58,232.26,235.26,234.41,2.19,0.51,-968.72,14.53,366187498334.0,27370495801.0,0.37,0.38,1.46,47.74
862,603315,福鞍股份,12.36,1.48,0.18,10562.0,12978908.0,1.48,12.38,12.2,12.24,12.18,1.72,0.34,37.46,2.33,3960468623.0,3877656623.0,-0.16,0.32,1.9,15.3
863,300207,欣旺达,18.54,1.48,0.27,36146.0,66828904.04,1.26,18.58,18.35,18.35,18.27,2.17,0.21,22.15,1.43,34221249655.0,31734643534.0,-0.11,-0.05,-21.71,-16.34
864,601020,华钰矿业,17.15,1.48,0.25,103265.0,176088456.0,2.84,17.26,16.78,16.8,16.9,4.12,1.26,77.0,4.17,14062394571.0,14062394571.0,0.06,0.12,-9.78,35.9
865,603538,美诺华,15.75,1.48,0.23,59752.0,94068147.0,2.19,15.95,15.61,15.86,15.52,3.75,2.8,40.79,1.6,3462295205.0,3359710730.0,0.32,0.0,18.07,23.92
866,605399,晨光新材,12.31,1.48,0.18,22351.0,27476193.0,4.12,12.45,11.95,12.1,12.13,5.66,0.72,-203.87,1.75,3857429102.0,3843395702.0,0.08,-0.32,7.42,5.39
867,002498,汉缆股份,3.43,1.48,0.05,99635.0,34063785.0,2.07,3.44,3.37,3.38,3.38,2.56,0.3,19.95,1.36,11410910280.0,11410910280.0,0.29,0.29,-1.44,1.18
868,835207,众诚科技,25.53,1.47,0.37,5013.0,12742226.54,1.79,25.65,25.2,25.25,25.16,2.27,0.89,-91.91,8.26,2399692350.0,1437708368.0,-0.31,0.12,-27.53,42.79
869,301210,金杨股份,47.0,1.47,0.68,15618.0,73491416.82,4.38,48.01,45.98,46.5,46.32,3.94,3.59,144.18,2.97,5386873698.0,2042804146.0,0.04,0.17,-8.47,113.64
870,600315,上海家化,24.78,1.47,0.36,11737.0,28774557.0,2.25,24.81,24.26,24.41,24.42,1.17,0.17,19.18,2.43,16657759784.0,16657759784.0,0.28,0.61,31.39,46.54
871,301325,曼恩斯特,53.04,1.47,0.77,6174.0,32627589.0,1.43,53.15,52.4,52.48,52.27,2.11,1.07,340.72,2.65,7632066686.0,3070734888.0,0.09,0.45,-32.96,-2.12
872,300170,汉得信息,17.29,1.47,0.25,104717.0,180250975.0,2.35,17.34,16.94,17.05,17.04,3.15,1.11,120.73,3.32,17027982343.0,16384195348.0,0.0,-0.12,-8.42,40.0
873,002953,日丰股份,10.37,1.47,0.15,10320.0,10661599.6,1.86,10.4,10.21,10.21,10.22,1.5,0.38,25.56,2.56,4737937364.0,2816881196.0,0.1,0.19,-8.23,4.12
874,300946,恒而达,69.3,1.46,1.0,12283.0,85051223.63,2.46,69.88,68.2,68.88,68.3,1.69,2.17,103.85,6.93,8316415800.0,3916212300.0,-0.59,-0.37,115.02,155.15
875,002379,宏创控股,10.43,1.46,0.15,40778.0,41998929.0,2.63,10.46,10.19,10.33,10.28,1.48,0.36,-53.01,6.22,11852378244.0,11852378244.0,-0.29,0.97,-11.98,16.28
876,603656,XD泰禾智,18.72,1.46,0.27,4626.0,8628987.0,2.44,18.86,18.41,18.63,18.45,2.23,0.25,410.67,2.67,3432786702.0,3432786702.0,0.11,-0.32,-8.41,-0.79
877,831689,克莱特,43.76,1.46,0.63,9937.0,43696594.21,1.65,44.38,43.67,43.78,43.13,1.86,2.62,72.53,6.73,3211984000.0,1659843800.0,-0.14,-0.21,71.61,126.74
878,000959,首钢股份,3.48,1.46,0.05,71540.0,24835007.59,1.75,3.49,3.43,3.44,3.43,2.93,0.11,20.63,0.54,27053453950.0,22645277492.0,0.29,0.0,-0.29,14.1
879,002759,天际股份,7.67,1.46,0.11,16162.0,12361726.0,2.65,7.74,7.54,7.54,7.56,2.46,0.32,-43.96,1.22,3845604580.0,3843222953.0,0.0,0.13,-12.94,-12.54
880,688199,久日新材,18.79,1.46,0.27,5252.0,9817371.0,2.16,18.83,18.43,18.47,18.52,1.3,0.33,-71.96,1.19,3029460046.0,3029460046.0,0.43,0.27,3.87,24.85
881,603799,华友钴业,34.01,1.46,0.49,54006.0,183446918.0,1.64,34.11,33.56,33.7,33.52,3.42,0.32,11.55,1.6,57869646052.0,57352919878.0,0.09,-0.03,-1.08,16.23
882,688058,宝兰德,27.12,1.46,0.39,2131.0,5749363.0,2.13,27.17,26.6,26.99,26.73,2.35,0.27,-17.35,3.03,2108063011.0,2108063011.0,0.26,0.33,-19.86,-1.38
883,300694,蠡湖股份,12.49,1.46,0.18,13366.0,16581530.0,2.44,12.52,12.22,12.39,12.31,1.89,0.62,96.64,1.96,2689309043.0,2689309043.0,0.16,0.64,-23.93,-21.3
884,300936,中英科技,35.77,1.45,0.51,1703.0,6055355.0,1.67,35.77,35.18,35.18,35.26,2.11,0.36,4694.63,2.67,2689904000.0,1697654037.0,0.17,0.39,-8.7,-5.12
885,300856,科思股份,15.4,1.45,0.22,17985.0,27336156.0,2.37,15.4,15.04,15.2,15.18,2.84,0.39,38.14,2.78,7325580601.0,7030927226.0,1.12,0.98,-8.88,-14.87
886,301382,蜂助手,36.27,1.45,0.52,13200.0,47580743.0,2.04,36.33,35.6,35.88,35.75,2.07,0.97,56.07,4.45,7993381722.0,4953742999.0,-0.11,-0.03,-40.74,36.76
887,002739,万达电影,11.19,1.45,0.16,46078.0,51220693.0,1.63,11.19,11.01,11.04,11.03,1.84,0.22,7.12,3.07,23630803743.0,23335462962.0,0.27,0.36,-0.09,-7.83
888,603966,法兰泰克,9.8,1.45,0.14,16900.0,16490190.0,1.76,9.83,9.66,9.66,9.66,1.11,0.47,25.77,2.06,3545878561.0,3536170681.0,-0.2,0.0,15.98,26.94
889,000960,锡业股份,14.01,1.45,0.2,66907.0,93437701.0,1.23,14.02,13.85,13.85,13.81,3.99,0.41,11.54,1.24,23057685348.0,23057685348.0,0.07,0.0,0.57,1.97
890,002309,ST中利,2.8,1.45,0.04,123988.0,34735734.94,3.62,2.85,2.75,2.77,2.76,14.23,1.02,-27.34,4.88,8421463078.0,3403740976.0,0.0,0.72,16.67,14.75
891,600875,东方电气,16.12,1.45,0.23,60365.0,97358660.0,2.08,16.24,15.91,15.91,15.89,2.85,0.3,11.84,1.24,54652608455.0,32620094447.0,-0.06,-0.25,7.68,1.45
892,688228,开普云,59.45,1.45,0.85,2120.0,12546542.0,1.38,59.45,58.64,58.95,58.6,1.52,0.31,1370.45,3.11,4013959368.0,4013959368.0,0.44,0.68,-6.07,33.87
893,300839,博汇股份,9.86,1.44,0.14,15966.0,15865489.02,3.81,10.1,9.73,9.82,9.72,4.23,0.67,-12.71,7.19,2420447127.0,2362242038.0,-0.3,-0.1,19.66,36.75
894,300778,新城市,11.97,1.44,0.17,14147.0,16902508.91,1.86,12.03,11.81,11.86,11.8,2.08,0.69,103.86,1.91,2442598990.0,2437325247.0,-0.42,-0.08,16.44,7.26
895,002270,华明装备,15.46,1.44,0.22,12349.0,19099891.0,2.23,15.54,15.2,15.29,15.24,3.44,0.14,20.22,4.14,13855645163.0,13855423127.0,-0.26,-0.39,-5.27,-8.14
896,688118,普元信息,22.5,1.44,0.32,3222.0,7189627.0,1.62,22.5,22.14,22.35,22.18,1.39,0.35,-18.75,2.53,2065896293.0,2065896293.0,0.4,0.4,-10.0,7.76
897,688173,希荻微,13.36,1.44,0.19,13364.0,17714358.0,1.9,13.36,13.11,13.2,13.17,1.1,0.56,-50.26,3.74,5481729629.0,3208098363.0,0.38,0.75,5.2,20.58
898,688129,东来技术,23.34,1.43,0.33,1451.0,3371013.0,2.3,23.41,22.88,23.07,23.01,1.86,0.12,33.07,3.18,2811975192.0,2811975192.0,0.21,0.43,21.94,38.27
899,600580,卧龙电驱,23.39,1.43,0.33,82341.0,191715783.0,1.52,23.44,23.09,23.09,23.06,2.1,0.63,28.41,2.95,30468343222.0,30468343222.0,-0.04,0.39,-10.62,36.07
900,002626,金达威,18.39,1.43,0.26,25806.0,46920581.0,2.43,18.44,18.0,18.15,18.13,2.14,0.42,23.03,2.56,11216700439.0,11215045339.0,0.44,1.1,31.55,21.79
901,603880,南卫股份,5.68,1.43,0.08,9185.0,5182210.0,1.61,5.69,5.6,5.66,5.6,1.28,0.32,-51.84,6.05,1641758560.0,1641758560.0,0.18,0.71,0.71,30.57
902,300341,麦克奥迪,16.26,1.43,0.23,20521.0,33376192.0,2.31,16.45,16.08,16.15,16.03,1.6,0.4,60.3,4.54,8413092063.0,8379227768.0,0.0,-0.06,-16.87,-7.14
903,600302,标准股份,5.67,1.43,0.08,18127.0,10233293.0,1.43,5.68,5.6,5.62,5.59,2.34,0.52,-105.63,3.05,1961875589.0,1961875589.0,0.18,0.53,11.61,17.88
904,300421,力星股份,14.85,1.43,0.21,26976.0,39898039.84,1.5,14.88,14.66,14.7,14.64,2.13,1.17,63.73,3.53,4366352687.0,3420609469.0,0.13,0.0,-0.54,34.15
905,300901,中胤时尚,13.45,1.43,0.19,7601.0,10216191.0,3.54,13.62,13.15,13.16,13.26,2.24,0.32,-305.81,3.29,3228000000.0,3228000000.0,-0.15,-0.3,5.91,13.41
906,600537,亿晶光电,2.83,1.43,0.04,52528.0,14743731.0,1.43,2.83,2.79,2.79,2.79,2.17,0.44,-15.76,8.67,3349913501.0,3349913501.0,0.71,0.71,-3.74,-7.82
907,301313,凡拓数创,22.68,1.43,0.32,4593.0,10385624.0,1.65,22.72,22.35,22.49,22.36,2.41,0.69,-26.24,3.01,2374446312.0,1511960068.0,0.04,0.04,-7.88,-12.36
908,002273,水晶光电,18.46,1.43,0.26,55144.0,101485518.0,1.59,18.54,18.25,18.25,18.2,2.27,0.41,29.06,2.86,25671070800.0,25067081918.0,-0.11,-0.16,-26.04,-16.17
909,603535,嘉诚国际,10.62,1.43,0.15,98578.0,103867847.0,2.96,10.7,10.39,10.51,10.47,4.53,2.06,21.71,2.13,5425895253.0,5073060345.0,1.34,1.43,20.41,32.09
910,001238,浙江正特,37.15,1.42,0.52,3808.0,14053057.5,2.65,37.3,36.33,36.84,36.63,5.03,1.19,25.2,3.7,4086500000.0,1187950194.0,-0.4,-0.4,12.75,37.44
911,603163,圣晖集成,27.91,1.42,0.39,3261.0,9057205.0,1.67,27.99,27.53,27.67,27.52,1.73,0.93,24.1,2.46,2791000000.0,976926753.0,0.07,0.25,7.89,5.04
912,600601,方正科技,4.28,1.42,0.06,131794.0,56269501.0,1.66,4.29,4.22,4.24,4.22,3.36,0.32,56.86,4.26,17848855268.0,17848855268.0,0.0,-0.23,-10.27,-2.51
913,300252,金信诺,10.0,1.42,0.14,62226.0,62038460.0,2.03,10.03,9.83,9.89,9.86,3.43,1.17,517.44,3.05,6621538340.0,5297776870.0,0.0,0.2,-9.91,-7.06
914,300709,精研科技,37.97,1.42,0.53,10097.0,38100390.0,1.92,38.08,37.36,37.81,37.44,1.35,0.68,-100.96,3.33,7065331578.0,5666127775.0,0.11,0.56,-10.99,-5.48
915,600118,中国卫星,27.82,1.42,0.39,77884.0,218093773.0,3.06,28.36,27.52,27.52,27.43,4.17,0.66,-341.12,5.21,32896847736.0,32896847736.0,0.25,0.04,-1.87,1.9
916,603081,大丰实业,10.72,1.42,0.15,21400.0,22812408.0,2.27,10.74,10.5,10.57,10.57,3.19,0.49,35.73,1.47,4679553017.0,4645971545.0,0.09,0.19,-23.37,-5.13
917,002943,宇晶股份,25.66,1.42,0.36,7034.0,17990811.04,1.82,25.77,25.31,25.33,25.3,1.88,0.53,-33.23,6.39,5259528147.0,3386621708.0,0.27,0.2,33.3,29.33
918,002591,恒大高新,5.73,1.42,0.08,19042.0,10848927.0,1.77,5.74,5.64,5.69,5.65,2.15,0.85,203.0,2.59,1720143043.0,1280726407.0,0.17,0.17,5.33,16.46
919,002860,星帅尔,12.11,1.42,0.17,22706.0,27504784.0,1.51,12.2,12.02,12.14,11.94,1.28,0.65,17.09,1.97,4396456519.0,4234171971.0,-0.33,-0.49,11.1,24.72
920,301192,泰祥股份,19.28,1.42,0.27,2037.0,3909249.0,1.79,19.35,19.01,19.01,19.01,1.29,0.43,58.45,3.35,1926072000.0,922909500.0,0.16,0.31,-6.77,12.35
921,002272,川润股份,10.02,1.42,0.14,47778.0,47711755.0,1.82,10.07,9.89,9.92,9.88,1.51,1.24,-43.4,3.27,4858470546.0,3874767547.0,-0.3,-0.2,-7.56,1.73
922,002245,蔚蓝锂芯,12.22,1.41,0.17,40609.0,49338235.0,1.58,12.23,12.04,12.05,12.05,2.04,0.37,24.83,2.01,14078008682.0,13286332499.0,0.25,0.41,-20.85,14.96
923,600222,太龙药业,5.75,1.41,0.08,79130.0,45233831.0,2.29,5.8,5.67,5.76,5.67,4.23,1.38,538.99,2.09,3299846127.0,3299846127.0,0.35,0.88,8.49,12.97
924,300568,星源材质,10.05,1.41,0.14,53417.0,53435328.45,1.72,10.06,9.89,9.9,9.91,2.21,0.44,72.24,1.36,13496165884.0,12199446966.0,0.1,0.3,-9.62,3.4
925,603982,泉峰汽车,8.62,1.41,0.12,6579.0,5644278.0,0.94,8.62,8.54,8.55,8.5,1.55,0.24,-6.49,1.43,2347703022.0,2347703022.0,0.35,0.47,3.23,8.29
926,301550,斯菱股份,103.74,1.41,1.44,14288.0,147772819.6,3.75,105.5,101.66,102.38,102.3,1.82,1.47,89.04,9.52,16546530000.0,10110155465.0,0.72,0.63,22.83,107.81
927,688373,盟科药业-U,6.49,1.41,0.09,62626.0,40456479.0,3.28,6.58,6.37,6.4,6.4,3.57,1.71,-17.26,11.07,4254879637.0,2375645939.0,0.0,0.46,12.48,31.38
928,838924,广脉科技,30.19,1.41,0.42,16878.0,50537160.76,4.23,30.59,29.33,29.35,29.77,4.14,2.73,115.16,10.4,3247583585.0,1866154395.0,0.0,-0.17,-15.98,100.46
929,603588,高能环境,5.77,1.41,0.08,156990.0,90557579.0,2.46,5.82,5.68,5.71,5.69,4.45,1.03,9.78,0.96,8789062817.0,8789062817.0,0.0,0.17,13.58,11.61
930,300852,四会富仕,30.31,1.41,0.42,4148.0,12521314.0,1.81,30.39,29.85,29.88,29.89,2.54,0.3,37.62,2.87,4317685354.0,4149014599.0,-0.13,0.26,-20.01,16.22
931,600498,烽火通信,20.23,1.4,0.28,40559.0,81874459.0,1.35,20.28,20.01,20.2,19.95,2.63,0.35,108.53,1.8,23961875357.0,23600068281.0,-0.05,-0.2,-18.59,3.96
932,300903,科翔股份,7.94,1.4,0.11,10867.0,8605625.0,1.66,7.96,7.83,7.83,7.83,1.67,0.33,-24.75,1.81,3292673711.0,2606311630.0,-0.13,-0.13,-7.78,-0.63
933,301261,恒工精密,77.71,1.4,1.07,4630.0,35777873.0,1.83,78.0,76.6,76.9,76.64,1.81,1.24,85.59,4.45,6829947131.0,2912828875.0,-0.01,-0.08,0.82,87.8
934,001339,智微智能,46.4,1.4,0.64,12004.0,55318998.0,2.01,46.42,45.5,45.76,45.76,2.68,1.63,68.97,5.46,11619936688.0,3418498981.0,0.37,0.28,-16.88,27.09
935,300603,立昂技术,10.9,1.4,0.15,36246.0,39359248.0,2.05,10.96,10.74,10.8,10.75,2.4,0.98,-55.59,3.52,5066300718.0,4038123229.0,-0.27,-0.55,-18.78,-2.15
936,688615,合合信息,156.98,1.4,2.17,1375.0,21419590.0,2.07,157.2,154.0,154.36,154.81,1.39,0.49,47.31,8.54,21977200000.0,4395440000.0,-0.01,0.54,-14.89,9.65
937,603909,建发合诚,9.44,1.4,0.13,4175.0,3920245.0,2.47,9.49,9.26,9.36,9.31,2.64,0.16,30.44,2.31,2460754442.0,2460754442.0,-0.53,-0.11,5.71,4.42
938,600206,有研新材,17.36,1.4,0.24,57132.0,98733321.0,1.34,17.38,17.15,17.2,17.12,2.14,0.67,54.52,3.69,14696165844.0,14696165844.0,0.12,-0.12,-11.16,10.78
939,603800,洪田股份,23.22,1.4,0.32,6724.0,15520064.0,1.97,23.34,22.89,22.89,22.9,1.22,0.32,-47.82,6.09,4829760000.0,4829760000.0,0.35,0.78,-25.07,-8.04
940,603028,赛福天,7.23,1.4,0.1,30313.0,21806366.0,1.82,7.25,7.12,7.2,7.13,1.55,1.06,484.49,4.05,2075299200.0,2075299200.0,0.0,0.0,14.58,19.31
941,603663,三祥新材,23.15,1.4,0.32,16185.0,37261976.0,1.8,23.18,22.77,22.87,22.83,1.62,0.38,181.63,7.46,9814260541.0,9788277213.0,0.0,0.35,-7.7,45.14
942,603890,春秋电子,11.71,1.39,0.16,16018.0,18684665.0,1.47,11.73,11.56,11.56,11.55,1.68,0.36,31.9,1.81,5141458843.0,5141458843.0,0.0,0.17,-8.73,-0.34
943,835237,力佳科技,23.34,1.39,0.32,2546.0,5917004.45,2.35,23.44,22.9,23.03,23.02,2.35,0.3,54.82,4.1,2016407952.0,1973113559.0,0.21,0.69,-25.07,37.46
944,688038,中科通达,15.29,1.39,0.21,2895.0,4404148.0,1.72,15.34,15.08,15.08,15.08,1.58,0.25,97.04,2.94,1779349286.0,1779349286.0,0.2,0.26,-6.02,25.84
945,300444,双杰电气,6.55,1.39,0.09,54551.0,35610687.0,1.39,6.56,6.47,6.47,6.46,2.66,0.92,1380.54,3.2,5230994340.0,3879570849.0,0.0,0.15,-10.88,-5.48
946,600797,浙大网新,9.46,1.39,0.13,113624.0,107143698.0,1.5,9.49,9.35,9.35,9.33,2.55,1.11,-79.71,2.93,9720399460.0,9720399460.0,-0.21,-0.21,-12.0,31.75
947,836675,秉扬科技,12.39,1.39,0.17,2936.0,3606433.41,2.05,12.4,12.15,12.19,12.22,1.53,0.37,26.25,3.61,2133111960.0,978473859.0,0.65,0.9,14.94,48.74
948,301227,森鹰窗业,18.24,1.39,0.25,2785.0,5052692.0,1.61,18.3,18.01,18.03,17.99,2.13,0.82,-54.45,1.05,1737004320.0,618973032.0,-0.11,0.11,7.42,12.59
949,603328,依顿电子,8.78,1.39,0.12,20926.0,18303397.0,1.62,8.79,8.65,8.69,8.66,2.39,0.21,18.85,2.11,8766326125.0,8766326125.0,0.0,0.11,-15.82,-10.95
950,600215,派斯林,8.1,1.38,0.11,20360.0,16413566.0,1.5,8.12,8.0,8.05,7.99,1.75,0.45,-70.43,1.89,3750262578.0,3700751328.0,0.12,0.25,-8.47,18.42
951,300458,全志科技,38.2,1.38,0.52,42753.0,162564183.42,1.73,38.34,37.69,37.82,37.68,2.26,0.63,85.88,10.61,31448937073.0,25721944559.0,-0.08,-0.21,-18.93,28.97
952,002248,华东数控,8.82,1.38,0.12,24848.0,21831241.78,1.49,8.84,8.71,8.79,8.7,1.59,0.81,85.14,34.18,2712111192.0,2712111192.0,0.11,0.23,-1.45,13.22
953,300148,天舟文化,5.14,1.38,0.07,629439.0,329827564.0,8.88,5.42,4.97,5.02,5.07,6.76,7.85,44.25,4.45,4293644223.0,4120374782.0,-1.15,-2.28,3.84,41.6
954,300018,中元股份,7.33,1.38,0.1,25904.0,18920626.0,2.35,7.36,7.19,7.19,7.23,2.48,0.67,33.91,2.75,3557509479.0,2826268701.0,0.27,0.55,2.09,9.4
955,688028,沃尔德,21.29,1.38,0.29,4416.0,9358502.0,1.67,21.35,21.0,21.08,21.0,1.69,0.29,38.35,1.65,3236033758.0,3209881207.0,-0.09,-0.05,-11.99,-3.8
956,000718,苏宁环球,2.21,1.38,0.03,234329.0,51805650.9,3.21,2.24,2.17,2.17,2.18,12.87,1.03,35.72,0.71,6706546409.0,5043425800.0,0.0,0.0,-1.34,-6.36
957,301179,泽宇智能,13.25,1.38,0.18,6173.0,8145231.99,1.91,13.29,13.04,13.04,13.07,1.67,0.6,109.82,2.3,5322799235.0,1356067235.0,-0.23,0.23,-18.31,-13.51
958,605580,恒盛能源,11.03,1.38,0.15,6022.0,6611278.0,2.11,11.07,10.84,10.84,10.88,2.04,0.22,17.43,3.38,3088400000.0,3088400000.0,-0.27,0.27,6.57,1.85
959,605598,上海港湾,21.25,1.38,0.29,4042.0,8533951.0,2.43,21.4,20.89,20.95,20.96,3.44,0.17,36.57,2.86,5222417871.0,5164107871.0,0.71,0.71,-2.66,-5.18
960,600847,万里股份,10.3,1.38,0.14,3825.0,3917282.0,1.77,10.34,10.16,10.25,10.16,1.76,0.25,-43.45,2.93,1578860220.0,1578860220.0,-0.19,0.59,3.1,27.16
961,605258,协和电子,28.01,1.38,0.38,3372.0,9404101.0,1.23,28.05,27.71,27.76,27.63,2.54,0.38,51.65,2.02,2464880000.0,2464880000.0,0.11,-0.11,-13.84,-7.71
962,688472,阿特斯,8.88,1.37,0.12,49748.0,44142165.0,1.26,8.91,8.8,8.8,8.76,3.22,0.36,173.26,1.43,32751369837.0,12271364592.0,0.0,0.0,-15.51,-29.3
963,002319,乐通股份,10.35,1.37,0.14,7188.0,7405430.0,1.27,10.35,10.22,10.25,10.21,2.04,0.36,-596.69,12.02,2168040479.0,2070000000.0,0.1,0.29,-0.86,-2.63
964,688685,迈信林,60.1,1.37,0.81,6099.0,36166966.0,2.88,60.1,58.39,58.71,59.29,1.74,0.42,53.96,10.97,8740142687.0,8740142687.0,0.74,1.69,-6.14,81.08
965,605060,联德股份,18.52,1.37,0.25,4326.0,7988833.0,2.08,18.58,18.2,18.28,18.27,2.34,0.18,24.19,1.88,4466727680.0,4455763840.0,-0.11,0.11,-13.62,6.01
966,300863,卡倍亿,32.46,1.37,0.44,4799.0,15502998.6,1.41,32.48,32.03,32.1,32.02,1.9,0.27,28.79,3.99,6117730877.0,5871002352.0,0.12,0.31,5.56,2.11
967,002303,美盈森,3.7,1.37,0.05,76215.0,28116005.0,1.64,3.71,3.65,3.65,3.65,3.41,0.8,17.63,1.3,5665897635.0,3524302744.0,-0.27,0.0,13.15,3.35
968,605589,圣泉集团,27.29,1.37,0.37,25895.0,70699295.0,2.12,27.49,26.92,26.96,26.92,2.86,0.33,27.94,2.41,23099784185.0,21310578157.0,0.04,-0.04,0.11,18.39
969,301516,中远通,15.57,1.37,0.21,6380.0,9922854.0,1.69,15.65,15.39,15.39,15.36,1.92,0.91,-63.62,3.32,4370526325.0,1092631585.0,-0.26,-0.19,-11.28,-19.33
970,603051,鹿山新材,25.08,1.37,0.34,3123.0,7802632.0,1.21,25.08,24.78,24.8,24.74,1.72,0.3,46.18,1.7,2623948677.0,2614889781.0,0.16,0.08,-3.61,4.02
971,300196,长海股份,12.62,1.37,0.17,49141.0,60677718.5,4.1,12.64,12.13,12.24,12.45,6.42,2.0,15.69,1.14,5158002848.0,3108524755.0,0.16,0.72,14.73,18.05
972,688355,明志科技,17.02,1.37,0.23,2310.0,3910604.0,1.31,17.02,16.8,16.89,16.79,3.13,0.19,39.95,1.92,2109732345.0,2109732345.0,0.18,0.47,-12.4,1.61
973,873726,卓兆点胶,29.67,1.37,0.4,3130.0,9258943.38,1.09,29.7,29.38,29.65,29.27,1.38,1.35,131.01,4.2,2435231889.0,690176301.0,0.0,0.24,2.35,42.78
974,300062,中能电气,5.2,1.36,0.07,22886.0,11897435.8,1.56,5.22,5.14,5.16,5.13,2.71,0.59,-54.3,2.43,2899523448.0,2007780024.0,-0.19,0.0,-7.47,-11.56
975,688112,鼎阳科技,35.03,1.36,0.47,2420.0,8433442.0,2.4,35.14,34.31,34.38,34.56,2.51,0.15,34.26,3.73,5576776666.0,5576776666.0,0.37,0.09,12.13,24.97
976,301328,维峰电子,39.63,1.36,0.53,2727.0,10732734.5,1.64,39.65,39.01,39.01,39.1,2.09,0.8,42.79,2.29,4355083130.0,1352724119.0,0.2,0.38,-12.17,-5.58
977,002607,中公教育,2.98,1.36,0.04,508829.0,150815101.42,2.72,3.0,2.92,2.93,2.94,3.08,1.01,114.88,24.04,18378850179.0,14985658059.0,0.0,0.0,-14.12,-12.35
978,002358,森源电气,5.2,1.36,0.07,55093.0,28564360.0,1.75,5.22,5.13,5.13,5.13,1.91,0.59,28.69,1.48,4834736280.0,4834729650.0,0.19,0.58,-11.41,13.04
979,601616,广电电气,3.73,1.36,0.05,62683.0,23296655.0,1.63,3.74,3.68,3.68,3.68,3.35,0.73,1882.75,1.29,3184208940.0,3184208940.0,0.54,0.54,-17.84,-15.03
980,603072,天和磁材,51.33,1.36,0.69,38557.0,198127115.0,3.44,51.86,50.12,50.17,50.64,4.89,5.96,94.51,6.6,13565492400.0,3323392983.0,0.06,-0.43,31.82,322.47
981,000158,常山北明,22.29,1.36,0.3,124662.0,277310802.0,1.64,22.37,22.01,22.06,21.99,2.32,0.79,-89.3,6.76,35633166711.0,35392136828.0,0.04,-0.13,-13.67,10.68
982,300017,网宿科技,10.5,1.35,0.14,92373.0,96509141.08,1.93,10.52,10.32,10.4,10.36,2.42,0.4,33.47,2.7,25680191954.0,24023547650.0,0.19,0.0,-18.86,1.74
983,002718,友邦吊顶,15.06,1.35,0.2,3535.0,5287226.0,1.41,15.06,14.85,14.87,14.86,1.97,0.54,227.92,2.18,1979604305.0,982031817.0,0.33,0.6,10.41,23.14
984,000063,中兴通讯,31.53,1.35,0.42,145005.0,456466771.8,1.29,31.6,31.2,31.2,31.11,3.68,0.36,15.37,2.09,150824854987.0,126983093076.0,0.0,0.03,-13.36,-20.74
985,688400,凌云光,26.37,1.35,0.35,13527.0,35386276.0,1.84,26.43,25.95,26.07,26.02,1.34,0.57,202.8,3.1,12155956449.0,6252125797.0,0.19,0.23,-24.7,20.3
986,603583,捷昌驱动,36.85,1.35,0.49,12799.0,46699800.0,1.84,36.88,36.21,36.41,36.36,1.57,0.33,31.39,3.26,14130374052.0,14085800292.0,0.79,0.88,-19.45,49.13
987,301027,华蓝集团,16.52,1.35,0.22,21050.0,34898948.0,3.25,16.89,16.36,16.4,16.3,2.47,1.78,-67.02,2.62,2442666033.0,1951889939.0,-0.06,-0.24,13.54,2.86
988,002428,云南锗业,18.79,1.35,0.25,71423.0,134479400.0,2.8,19.06,18.54,18.59,18.54,5.61,1.09,300.81,8.36,12272124800.0,12270539394.0,0.16,0.11,-10.4,-0.58
989,603325,博隆技术,90.26,1.35,1.2,749.0,6721429.0,2.13,90.5,88.6,89.16,89.06,3.05,0.27,14.42,2.38,6017634200.0,2526918960.0,-0.27,-0.21,9.45,14.97
990,300457,赢合科技,17.22,1.35,0.23,14876.0,25499506.5,1.47,17.25,17.0,17.0,16.99,2.0,0.23,184.3,1.75,11179102823.0,10979900055.0,-0.06,0.29,-19.91,-10.03
991,300665,飞鹿股份,7.55,1.34,0.1,13432.0,10113883.0,2.15,7.58,7.42,7.42,7.45,2.52,0.96,-23.42,3.83,1430220245.0,1058429985.0,-0.4,-0.13,8.79,21.77
992,600579,中化装备,7.58,1.34,0.1,19355.0,14625994.0,1.47,7.6,7.49,7.51,7.48,1.62,0.39,-38.47,2.25,3749919681.0,3749919681.0,0.13,0.26,-12.37,-37.87
993,301511,德福科技,15.83,1.34,0.21,37647.0,59332557.03,2.18,15.94,15.6,15.63,15.62,2.12,1.01,137.05,2.49,9977997260.0,5929056072.0,-0.38,-0.13,3.19,26.04
994,300012,华测检测,11.37,1.34,0.15,85727.0,97482890.0,1.78,11.44,11.24,11.25,11.22,3.51,0.6,35.12,2.78,19133756793.0,16279221353.0,-0.18,-0.09,-8.38,-7.79
995,603235,天新药业,28.17,1.33,0.37,5260.0,14742095.0,1.83,28.28,27.77,28.0,27.8,4.11,0.36,14.11,2.55,12332262600.0,4142826684.0,-0.18,-0.04,9.19,10.21
996,301015,百洋医药,18.98,1.33,0.25,43614.0,82859550.4,3.95,19.35,18.61,18.71,18.73,7.5,0.83,29.34,5.09,9976256174.0,9974975024.0,0.21,0.53,-16.57,-19.06
997,688627,精智达,80.95,1.33,1.06,4189.0,33804130.0,2.75,81.4,79.2,79.2,79.89,2.71,0.59,-117.33,4.53,7610251486.0,5780766592.0,0.51,0.2,7.5,11.03
998,002792,通宇通讯,14.49,1.33,0.19,16965.0,24549594.0,1.26,14.54,14.36,14.39,14.3,2.18,0.54,169.25,2.73,7570060038.0,4547044274.0,-0.07,0.07,-7.47,-2.62
999,601899,紫金矿业,18.3,1.33,0.24,215740.0,392483068.0,1.72,18.32,18.01,18.06,18.06,1.74,0.1,11.96,3.37,486369603102.0,376759271622.0,0.33,0.27,14.3,21.03
1000,002836,新宏泽,9.12,1.33,0.12,15880.0,14447980.4,1.89,9.2,9.03,9.05,9.0,3.5,0.69,32.82,6.32,2101248000.0,2101248000.0,0.11,0.11,16.03,28.09
1001,688506,百利天恒,296.43,1.33,3.88,2260.0,66450762.0,4.19,298.5,286.23,290.0,292.55,1.99,0.22,-55.92,35.26,118868430000.0,30500014702.0,0.15,0.83,36.01,54.61
1002,301362,民爆光电,38.85,1.33,0.51,1308.0,5055352.0,1.75,38.98,38.31,38.5,38.34,2.6,0.44,16.86,1.69,4066429500.0,1152679500.0,-0.13,0.03,0.67,4.02
1003,836717,瑞星股份,12.2,1.33,0.16,1141.0,1386763.21,1.66,12.21,12.01,12.01,12.04,0.9,0.27,357.64,2.47,1399096000.0,510936000.0,0.0,-0.08,6.36,43.87
1004,300964,本川智能,38.82,1.33,0.51,2700.0,10428909.0,1.57,38.91,38.31,38.31,38.31,1.52,0.5,72.54,3.0,3000719385.0,2098644992.0,0.13,0.36,-12.57,8.13
1005,300351,永贵电器,15.28,1.33,0.2,9367.0,14296378.0,1.19,15.33,15.15,15.2,15.08,2.13,0.36,63.69,2.43,5926717730.0,4001564478.0,0.0,-0.07,-14.87,-13.57
1006,301308,江波龙,71.69,1.33,0.94,9117.0,65081161.32,1.55,71.75,70.65,70.75,70.75,2.94,0.77,-49.48,4.58,30048524191.0,8534932726.0,0.11,0.0,-30.62,-16.64
1007,002857,三晖电气,18.27,1.33,0.24,7269.0,13223708.0,1.77,18.38,18.06,18.38,18.03,0.97,0.57,-40.84,4.59,2359941381.0,2338560000.0,0.27,0.5,29.94,45.46
1008,002681,奋达科技,6.84,1.33,0.09,128868.0,87869667.84,1.19,6.85,6.77,6.79,6.75,2.93,0.84,75.87,5.04,12275421267.0,10483536535.0,0.15,0.0,-17.39,9.62
1009,603969,银龙股份,6.84,1.33,0.09,28007.0,19074256.0,1.19,6.85,6.77,6.78,6.75,1.0,0.33,20.99,2.33,5846585760.0,5792474520.0,0.15,0.15,12.5,1.18
1010,831834,三维股份,12.18,1.33,0.16,3010.0,3641439.42,1.66,12.18,11.98,12.06,12.02,1.43,0.48,48.33,5.32,1461600061.0,764860627.0,0.16,0.58,16.56,66.85
1011,603580,*ST艾艾,13.74,1.33,0.18,7967.0,10834044.0,2.43,13.77,13.44,13.5,13.56,1.72,0.61,82.97,4.23,1795449768.0,1795449768.0,0.29,0.44,-25.93,-21.58
1012,603096,新经典,18.42,1.32,0.24,7014.0,12929377.0,2.15,18.57,18.18,18.18,18.18,3.59,0.45,28.99,1.56,2841001774.0,2841001774.0,0.0,0.11,-2.44,-2.8
1013,300203,聚光科技,21.52,1.32,0.28,95982.0,209862925.0,5.51,22.32,21.15,21.15,21.24,4.85,2.14,-117.6,3.24,9656833152.0,9648890658.0,0.56,-0.05,24.39,43.66
1014,300718,长盛轴承,69.86,1.32,0.91,14867.0,103264457.0,2.1,70.15,68.7,69.18,68.95,1.89,0.77,98.39,13.13,20872703036.0,13541804425.0,0.06,0.74,-35.4,129.35
1015,603803,瑞斯康达,10.01,1.32,0.13,27585.0,27529574.0,1.62,10.05,9.89,9.92,9.88,2.29,0.65,-55.46,2.69,4296622901.0,4253084406.0,0.0,-0.2,-17.07,4.93
1016,300073,当升科技,38.32,1.32,0.5,19479.0,74470270.0,1.24,38.42,37.95,38.0,37.82,2.33,0.38,43.86,1.47,19409109660.0,19388820676.0,-0.18,-0.05,-14.5,-4.39
1017,831039,国义招标,10.78,1.32,0.14,3799.0,4077715.87,1.6,10.79,10.62,10.69,10.64,1.57,0.25,36.72,3.04,1658179600.0,1658178522.0,0.28,0.56,5.58,41.84
1018,301182,凯旺科技,30.75,1.32,0.4,3040.0,9294370.0,1.65,30.85,30.35,30.35,30.35,1.67,0.79,-19.15,3.8,2946517275.0,1176239775.0,0.07,0.42,-30.84,-11.79
1019,605199,ST葫芦娃,9.99,1.32,0.13,23934.0,23829085.0,2.33,10.06,9.83,9.86,9.86,2.29,0.6,41.04,5.51,3997086432.0,3997086432.0,-0.1,0.0,-36.73,-37.29
1020,830809,安达科技,6.19,1.31,0.08,17693.0,10887204.94,1.64,6.21,6.11,6.11,6.11,1.83,0.55,-14.36,2.13,3716788044.0,1984407148.0,0.16,0.32,-4.77,24.3
1021,000779,甘咨询,9.3,1.31,0.12,20784.0,19267824.0,1.85,9.34,9.17,9.17,9.18,2.96,0.45,19.65,1.11,4322913904.0,4322536770.0,-0.21,0.11,2.2,13.0
1022,830896,旺成科技,23.2,1.31,0.3,6121.0,14137420.89,2.36,23.33,22.79,22.79,22.9,1.18,1.38,42.67,5.49,2348402368.0,1030121992.0,-0.39,0.09,1.31,64.54
1023,000880,潍柴重机,31.69,1.31,0.41,37215.0,116805315.0,2.27,31.7,30.99,31.0,31.28,2.44,2.29,82.53,5.02,10499549814.0,5138913780.0,0.06,0.22,15.11,83.5
1024,600491,龙元建设,3.88,1.31,0.05,65872.0,25609283.0,2.35,3.92,3.83,3.83,3.83,3.1,0.43,7.71,0.58,5935460865.0,5935460865.0,0.0,0.0,-0.51,3.74
1025,603231,索宝蛋白,17.05,1.31,0.22,10956.0,18590892.0,2.08,17.1,16.75,16.9,16.83,4.52,1.03,18.35,1.7,3264377740.0,1811834993.0,0.18,0.24,8.74,4.15
1026,600751,海航科技,3.1,1.31,0.04,80409.0,24793207.0,1.63,3.11,3.06,3.06,3.06,1.21,0.31,52.28,1.19,8987947127.0,7976886061.0,0.32,0.65,13.97,17.87
1027,688429,时创能源,13.91,1.31,0.18,2050.0,2833739.0,1.97,13.93,13.66,13.73,13.73,1.71,0.17,-8.47,3.63,5564011128.0,1638976728.0,0.0,0.14,-12.24,-18.42
1028,301323,新莱福,41.1,1.31,0.53,1371.0,5602101.0,1.65,41.1,40.43,40.59,40.57,1.68,0.2,35.39,2.03,4312330779.0,2753994399.0,0.39,0.61,-4.55,3.09
1029,600340,华夏幸福,2.32,1.31,0.03,207025.0,47806262.0,2.18,2.33,2.28,2.29,2.29,1.41,0.53,-0.84,4.47,9079831193.0,9032583744.0,0.0,0.43,-7.94,-13.75
1030,002652,扬子新材,3.1,1.31,0.04,28252.0,8692518.4,1.63,3.1,3.05,3.06,3.06,2.36,0.55,-85.27,6.07,1587398400.0,1587398400.0,0.32,0.65,5.44,9.93
1031,000560,我爱我家,3.1,1.31,0.04,230548.0,71064335.2,1.31,3.1,3.06,3.07,3.06,3.2,1.02,291.12,0.78,7302052638.0,6991344421.0,0.32,0.65,-10.4,1.64
1032,600549,厦门钨业,20.11,1.31,0.26,107248.0,215454910.0,2.12,20.25,19.83,19.9,19.85,5.46,0.76,20.41,1.96,31926350961.0,28516110715.0,-0.15,0.25,3.39,4.36
1033,833509,同惠电子,25.0,1.3,0.32,5873.0,14632173.21,1.58,25.09,24.7,24.72,24.68,1.5,0.71,101.92,13.04,4046392400.0,2061209450.0,0.04,0.28,31.23,78.7
1034,601958,金钼股份,10.88,1.3,0.14,74900.0,81213985.0,2.05,10.91,10.69,10.72,10.74,2.67,0.23,12.95,1.98,35105455872.0,35105455872.0,-0.09,0.09,6.98,8.15
1035,002160,常铝股份,3.91,1.3,0.05,24710.0,9600588.0,1.3,3.91,3.86,3.86,3.86,1.92,0.31,68.88,1.09,4038174363.0,3102703465.0,0.0,0.26,2.09,5.11
1036,300675,建科院,14.81,1.3,0.19,14036.0,20745148.0,1.92,14.91,14.63,14.63,14.62,3.75,0.96,-15.29,3.81,2172133827.0,2172133827.0,-0.34,-0.47,-1.33,-8.13
1037,873679,前进科技,21.89,1.3,0.28,2163.0,4700869.31,2.36,21.93,21.42,21.61,21.61,2.99,0.83,-225.73,2.43,1222556500.0,573063783.0,0.41,0.88,9.12,33.56
1038,300670,大烨智能,6.25,1.3,0.08,7586.0,4728138.0,1.3,6.26,6.18,6.2,6.17,1.38,0.34,-27.62,3.18,1980752994.0,1404338913.0,-0.16,0.32,-0.79,7.94
1039,834014,特瑞斯,13.98,1.3,0.18,1943.0,2698390.22,1.88,13.99,13.73,13.81,13.8,0.82,0.28,135.34,2.13,1739785668.0,958110814.0,0.29,0.36,7.13,23.83
1040,300626,华瑞股份,10.11,1.3,0.13,9106.0,9161634.0,1.3,10.12,9.99,9.99,9.98,2.57,0.51,232.69,3.52,1819800000.0,1792347185.0,0.2,0.5,-4.35,10.86
1041,000922,佳电股份,10.89,1.3,0.14,40914.0,44808083.0,2.7,11.05,10.76,10.77,10.75,2.83,0.7,34.36,1.71,7570909362.0,6395901220.0,-0.18,-0.09,-4.56,-2.59
1042,688578,艾力斯,96.7,1.3,1.24,12940.0,124771503.0,3.02,97.48,94.6,95.48,95.46,2.26,0.29,26.5,7.97,43515000000.0,43515000000.0,-0.14,0.08,22.27,62.52
1043,300299,富春股份,6.24,1.3,0.08,140217.0,87485382.0,4.06,6.33,6.08,6.16,6.16,3.85,2.04,106.66,9.61,4307472530.0,4299207650.0,-0.32,-0.32,-0.16,14.08
1044,002213,大为股份,13.99,1.3,0.18,10206.0,14232951.0,1.3,14.0,13.82,13.89,13.81,1.31,0.49,-439.24,5.9,3320126106.0,2884942870.0,0.07,0.14,-21.49,3.25
1045,001368,通达创智,22.55,1.3,0.29,7247.0,16298148.0,2.43,22.84,22.3,22.3,22.26,3.57,2.26,22.86,1.87,2574637230.0,723541532.0,0.18,0.18,7.64,20.52
1046,301040,中环海陆,23.46,1.3,0.3,6216.0,14501820.0,1.64,23.52,23.14,23.21,23.16,1.56,0.66,-28.13,3.02,2346021278.0,2210689336.0,-0.17,0.56,61.24,89.35
1047,301043,绿岛风,30.49,1.3,0.39,1986.0,6018971.0,1.83,30.56,30.01,30.01,30.1,2.24,0.29,29.78,2.49,2073320000.0,2073320000.0,-0.03,-0.2,7.7,9.87
1048,002485,ST雪发,3.15,1.29,0.04,9817.0,3066608.0,2.25,3.16,3.09,3.09,3.11,2.0,0.18,-49.8,1.4,1713600000.0,1713600000.0,-0.32,0.64,15.38,-2.78
1049,002496,*ST辉丰,1.57,1.29,0.02,51982.0,8105752.05,2.58,1.58,1.54,1.55,1.55,1.6,0.44,37.79,1.76,2366915793.0,1854776898.0,0.0,0.0,3.29,-15.59
1050,603666,亿嘉和,33.89,1.29,0.43,15178.0,51579369.0,2.63,34.53,33.65,33.98,33.46,3.4,0.74,232.76,3.23,6997973754.0,6997973754.0,0.36,0.36,-12.52,38.84
1051,002339,积成电子,7.07,1.29,0.09,14447.0,10194522.0,1.72,7.1,6.98,6.98,6.98,1.35,0.3,-14.52,2.05,3563932377.0,3385070780.0,0.14,0.14,-11.51,2.61
1052,301397,溯联股份,34.62,1.29,0.44,3184.0,10960351.0,1.49,34.64,34.13,34.13,34.18,1.04,0.58,30.98,2.09,4152401249.0,1898743109.0,0.0,0.41,-14.24,34.45
1053,300029,*ST天龙,5.48,1.29,0.07,5139.0,2804198.0,1.66,5.5,5.41,5.42,5.41,1.19,0.26,-43.81,-119.09,1098775620.0,1097974170.0,-0.36,0.0,7.24,9.82
1054,600715,文投控股,2.36,1.29,0.03,108131.0,25466517.0,2.15,2.38,2.33,2.33,2.33,4.03,0.41,161.98,8.47,9581254260.0,6283198489.0,0.0,0.43,16.83,4.89
1055,300285,国瓷材料,16.54,1.29,0.21,29276.0,48201330.0,1.65,16.58,16.31,16.34,16.33,2.74,0.36,30.37,2.46,16491178865.0,13297330469.0,0.0,0.12,-14.26,-2.93
1056,002823,凯中精密,13.35,1.29,0.17,10498.0,13981345.2,1.67,13.37,13.15,13.15,13.18,1.58,0.48,22.34,2.26,4383725469.0,2919611585.0,-0.07,-0.07,-16.09,-4.78
1057,603119,浙江荣泰,41.19,1.28,0.52,24062.0,98976833.0,2.63,41.47,40.4,40.45,40.67,2.44,1.18,62.93,7.94,14982539159.0,8397795905.0,0.02,0.07,22.96,83.97
1058,300155,安居宝,4.74,1.28,0.06,17046.0,8032922.0,1.71,4.74,4.66,4.66,4.68,1.52,0.52,-83.54,2.13,2660219507.0,1567562352.0,0.21,0.0,-5.95,-1.04
1059,603790,雅运股份,17.47,1.28,0.22,5008.0,8713181.0,3.13,17.65,17.11,17.11,17.25,1.85,0.26,30.36,2.75,3343059200.0,3343059200.0,-0.34,-0.29,32.85,58.53
1060,688052,纳芯微,191.9,1.28,2.42,4218.0,80304558.0,3.1,192.93,187.05,189.55,189.48,1.61,0.3,-133.19,4.62,27351206293.0,27351206293.0,0.77,-0.04,8.42,47.28
1061,002553,南方精工,22.16,1.28,0.28,48309.0,106465864.0,1.55,22.21,21.87,21.88,21.88,0.96,1.93,21.07,6.3,7711680000.0,5557728000.0,0.0,0.64,38.41,72.32
1062,002978,安宁股份,30.81,1.28,0.39,3442.0,10567306.0,1.25,30.88,30.5,30.5,30.42,2.67,0.12,15.79,1.79,14542010606.0,9212190000.0,-0.03,0.03,1.18,10.35
1063,603869,ST智知,6.32,1.28,0.08,7809.0,4933834.0,2.24,6.36,6.22,6.22,6.24,4.38,0.15,135.61,0.86,3188443211.0,3188443211.0,0.16,0.16,7.3,10.88
1064,603876,鼎胜新材,8.71,1.28,0.11,21170.0,18371379.0,1.28,8.72,8.61,8.63,8.6,2.93,0.23,23.77,1.16,8108639067.0,8093917425.0,0.23,0.23,-8.7,-1.58
1065,301270,汉仪股份,38.72,1.28,0.49,4144.0,15949154.0,1.73,38.79,38.13,38.25,38.23,1.68,0.56,208.07,3.93,3872000000.0,2867666120.0,0.13,0.23,2.41,8.64
1066,002184,海得控制,11.89,1.28,0.15,15005.0,17719623.15,1.79,11.92,11.71,11.75,11.74,1.92,0.62,-164.84,3.68,4184190519.0,2858017183.0,0.08,0.25,-16.68,1.8
1067,000605,渤海股份,7.15,1.27,0.09,22711.0,16133021.2,1.56,7.16,7.05,7.06,7.06,1.23,0.64,34.96,1.18,2521508990.0,2521508990.0,0.0,0.14,-7.26,-9.95
1068,301170,锡南科技,25.57,1.27,0.32,2916.0,7428254.0,1.58,25.71,25.31,25.31,25.25,2.36,0.87,24.5,1.47,2557000000.0,858523617.0,0.55,0.67,1.95,11.56
1069,300621,维业股份,8.77,1.27,0.11,4861.0,4240500.0,1.39,8.78,8.66,8.66,8.66,1.48,0.25,-142.5,2.16,1824657259.0,1719733716.0,0.23,0.34,-3.31,-7.78
1070,830839,万通液压,31.78,1.27,0.4,1220.0,3858290.7,1.72,31.88,31.34,31.38,31.38,1.27,0.18,28.0,6.78,3788652700.0,2099351048.0,0.38,0.13,19.92,104.24
1071,300371,汇中股份,11.13,1.27,0.14,4699.0,5204870.0,1.27,11.14,11.0,11.0,10.99,2.11,0.35,80.34,2.01,2239548504.0,1495987541.0,0.09,0.54,3.73,16.06
1072,000856,冀东装备,10.36,1.27,0.13,18993.0,19606156.0,1.27,10.39,10.26,10.36,10.23,2.45,0.84,4890.0,5.61,2351720000.0,2351720000.0,-0.1,0.1,-19.5,50.14
1073,300562,乐心医疗,14.39,1.27,0.18,26947.0,38736543.0,1.69,14.49,14.25,14.33,14.21,4.34,1.67,34.1,3.16,3129338445.0,2318535205.0,0.07,-0.07,-10.73,-2.31
1074,002456,欧菲光,11.95,1.27,0.15,218047.0,259416067.17,2.63,11.98,11.67,11.67,11.8,2.13,0.67,-168.75,10.88,39791720526.0,39129642020.0,0.25,0.17,-11.42,-0.25
1075,603958,哈森股份,19.11,1.27,0.24,11435.0,21804789.0,1.7,19.19,18.87,18.87,18.87,2.92,0.52,187.47,5.88,4191969600.0,4191969600.0,-0.16,0.31,14.16,7.42
1076,600366,宁波韵升,7.96,1.27,0.1,47692.0,37884067.0,2.04,7.99,7.83,7.83,7.86,3.61,0.45,58.77,1.47,8748366766.0,8461814607.0,0.0,0.13,-11.75,8.15
1077,002461,珠江啤酒,11.95,1.27,0.15,28263.0,33556701.89,2.12,11.97,11.72,11.8,11.8,1.83,0.13,42.11,2.48,26449275336.0,26449275336.0,0.25,0.17,22.69,20.83
1078,600710,苏美达,9.59,1.27,0.12,21517.0,20540957.0,0.95,9.59,9.5,9.5,9.47,2.71,0.16,10.69,1.71,12531727072.0,12531727072.0,0.21,0.0,-4.0,3.12
1079,300769,德方纳米,28.04,1.26,0.35,13350.0,37382134.8,1.84,28.25,27.74,27.91,27.69,2.67,0.53,-11.75,1.46,7856472361.0,7059158550.0,-0.07,0.18,-22.2,-23.97
1080,301310,鑫宏业,37.63,1.26,0.47,9764.0,36591263.2,1.91,37.79,37.08,37.12,37.16,1.54,1.97,37.14,2.21,5115348445.0,1867492609.0,-0.24,-0.11,-4.97,46.99
1081,001336,楚环科技,20.91,1.26,0.26,3674.0,7624176.0,1.55,20.92,20.6,20.67,20.65,1.5,1.29,107.79,2.14,1680609885.0,597132307.0,0.05,0.14,7.34,18.94
1082,688662,富信科技,35.3,1.26,0.44,1555.0,5456762.0,1.43,35.33,34.83,34.88,34.86,2.18,0.18,110.76,4.41,3114872000.0,3114872000.0,0.11,0.2,-15.51,2.86
1083,301004,嘉益股份,71.59,1.26,0.89,1539.0,10938715.4,1.85,71.8,70.49,70.9,70.7,1.59,0.11,17.14,5.96,10410404462.0,9627066897.0,0.27,0.43,0.0,-11.02
1084,688692,达梦数据,213.24,1.26,2.66,1402.0,29970753.0,1.89,214.99,211.0,211.9,210.58,3.12,0.62,61.5,7.24,24147297600.0,4829459520.0,-0.31,-0.22,-8.22,-12.7
1085,002512,达华智能,4.81,1.26,0.06,156687.0,75173239.0,4.21,4.91,4.71,4.72,4.75,3.64,1.52,-35.68,11.83,5517524699.0,4969320105.0,-0.21,-0.21,-14.11,1.48
1086,688067,爱威科技,20.93,1.26,0.26,2268.0,4729624.0,1.31,20.94,20.67,20.67,20.67,2.22,0.33,56.29,2.83,1423240000.0,1423240000.0,0.05,0.19,8.0,25.18
1087,002212,天融信,7.24,1.26,0.09,75365.0,54577504.92,1.82,7.3,7.17,7.2,7.15,4.05,0.65,-31.22,0.92,8539246084.0,8451808995.0,0.42,0.0,-19.91,12.25
1088,603286,日盈电子,31.4,1.26,0.39,10954.0,34343814.0,2.68,31.75,30.92,31.39,31.01,1.7,0.96,-124.07,4.21,3674331633.0,3589143433.0,0.22,0.19,1.55,60.61
1089,831278,泰德股份,12.9,1.26,0.16,3740.0,4795051.75,1.81,12.94,12.71,12.71,12.74,1.48,0.38,108.11,5.24,2006285400.0,1257890816.0,0.31,0.62,-14.57,47.77
1090,603626,科森科技,8.04,1.26,0.1,32083.0,25708208.0,1.39,8.05,7.94,7.94,7.94,1.5,0.58,-11.94,2.07,4461232708.0,4461232708.0,0.0,0.12,-16.6,3.08
1091,300693,盛弘股份,28.04,1.26,0.35,30055.0,83880044.86,1.66,28.16,27.7,27.71,27.69,2.68,1.12,30.08,5.05,8770794877.0,7500531564.0,0.07,-0.07,-18.32,5.97
1092,300264,佳创视讯,5.61,1.26,0.07,15970.0,8921216.0,1.44,5.63,5.55,5.58,5.54,1.51,0.43,311.46,83.2,2417110676.0,2078012846.0,0.0,0.0,-10.1,4.08
1093,300269,联建光电,4.01,1.26,0.05,18676.0,7426421.0,1.52,4.01,3.95,3.98,3.96,1.45,0.36,-123.08,25.48,2201946438.0,2107957163.0,0.25,0.25,-4.52,0.75
1094,002850,科达利,114.42,1.26,1.42,8077.0,92788923.5,2.3,115.6,113.0,113.0,113.0,2.89,0.41,20.2,2.71,31294407888.0,22521936332.0,-0.07,-0.67,-12.68,19.59
1095,000025,特  力Ａ,18.7,1.25,0.23,67786.0,126090616.39,3.14,18.8,18.22,18.26,18.47,3.0,1.73,58.88,4.69,8060790584.0,7344954584.0,-0.05,-0.21,15.93,13.89
1096,301596,瑞迪智驱,121.58,1.25,1.5,1140.0,13753598.0,2.02,121.94,119.51,119.51,120.08,1.45,0.46,71.18,7.84,6701255194.0,3008931384.0,0.36,0.3,-15.56,21.58
1097,001331,胜通能源,13.73,1.25,0.17,13238.0,18162439.4,2.36,13.84,13.52,13.6,13.56,5.52,2.63,23.4,1.84,2767968000.0,691992000.0,-0.36,-0.36,16.16,24.7
1098,002773,康弘药业,31.6,1.25,0.39,32735.0,102866821.8,2.63,31.79,30.97,31.34,31.21,2.15,0.48,18.19,3.41,29107490086.0,21699077856.0,-0.28,0.54,64.5,61.22
1099,600480,凌云股份,15.42,1.25,0.19,28536.0,43802568.0,1.44,15.45,15.23,15.23,15.23,1.03,0.31,16.85,1.86,14499075812.0,14278628408.0,-0.06,0.13,-8.6,42.65
1100,300265,通光线缆,8.88,1.25,0.11,61933.0,55206854.0,2.62,8.99,8.76,8.79,8.77,1.99,1.35,182.17,1.83,4069659795.0,4066999125.0,-0.22,-0.11,1.02,8.03
1101,002730,电光科技,17.06,1.25,0.21,38451.0,65155656.0,2.79,17.19,16.72,17.0,16.85,1.86,1.11,74.84,3.91,6177082753.0,5903269753.0,-0.06,-0.58,-8.18,26.09
1102,300580,贝斯特,24.36,1.25,0.3,19153.0,46493925.6,1.75,24.42,24.0,24.0,24.06,2.02,0.41,43.92,3.85,12193248551.0,11469018687.0,0.04,-0.04,-31.23,6.14
1103,301282,金禄电子,20.99,1.25,0.26,5529.0,11561358.0,1.54,21.04,20.72,20.79,20.73,2.66,0.77,51.04,1.88,3172427928.0,1514139216.0,0.05,-0.19,-9.49,0.19
1104,838227,美登科技,59.84,1.25,0.74,454.0,2685027.96,1.62,59.84,58.88,59.08,59.1,1.63,0.26,52.64,6.08,2330259360.0,1054602447.0,0.89,0.89,-3.31,23.25
1105,688020,方邦股份,33.08,1.25,0.41,1353.0,4458438.0,1.47,33.14,32.66,32.67,32.67,2.75,0.17,465.13,1.94,2670978374.0,2670978374.0,0.3,0.36,-6.55,-6.42
1106,603429,集友股份,8.09,1.25,0.1,16906.0,13654996.0,2.38,8.14,7.95,8.0,7.99,1.84,0.32,871.18,3.42,4243087412.0,4243087412.0,-0.12,-0.25,8.01,29.23
1107,688659,元琛科技,8.12,1.25,0.1,7531.0,6072162.0,1.87,8.14,7.99,8.1,8.02,2.93,0.47,128.86,2.36,1299200000.0,1299200000.0,0.0,0.5,13.57,20.3
1108,603227,雪峰科技,8.94,1.25,0.11,23236.0,20699995.0,1.59,8.97,8.83,8.83,8.83,2.48,0.24,36.76,2.01,9580932640.0,8708234595.0,-0.22,0.34,1.13,2.88
1109,300069,金利华电,21.06,1.25,0.26,49329.0,104752392.68,5.77,21.75,20.55,20.8,20.8,1.97,4.22,-785.82,8.98,2464020000.0,2464020000.0,-0.24,-0.38,22.73,59.91
1110,002235,安妮股份,5.69,1.25,0.07,98849.0,55709588.99,3.02,5.7,5.53,5.6,5.62,2.75,1.79,607.51,4.41,3297766296.0,3149860538.0,0.0,0.35,1.61,8.59
1111,300716,ST泉为,7.31,1.25,0.09,4608.0,3358224.0,1.66,7.35,7.23,7.31,7.22,1.46,0.29,-17.53,103.16,1169746200.0,1169746200.0,-0.14,0.27,-36.71,-40.86
1112,600615,丰华股份,11.33,1.25,0.14,21856.0,24888299.0,2.77,11.5,11.19,11.2,11.19,3.43,0.97,121.97,3.48,2556326831.0,2550942815.0,0.0,0.18,6.19,22.09
1113,603707,健友股份,11.41,1.24,0.14,36035.0,40817303.0,2.57,11.45,11.16,11.31,11.27,2.4,0.22,54.4,2.9,18434394996.0,18434394996.0,0.0,-0.17,-7.69,-14.02
1114,870976,视声智能,27.03,1.24,0.33,2566.0,6904892.97,1.42,27.04,26.66,26.75,26.7,1.49,0.6,31.49,6.75,1917870402.0,1152213216.0,-0.04,0.3,-4.11,43.32
1115,605088,冠盛股份,34.34,1.24,0.42,7230.0,24843727.0,1.86,34.63,34.0,34.0,33.92,2.26,0.4,18.97,2.53,6373333777.0,6195933337.0,0.32,0.29,-0.23,36.92
1116,002709,天赐材料,17.21,1.24,0.21,60326.0,104472975.0,3.18,17.59,17.05,17.06,17.0,4.83,0.44,55.05,2.58,32945862150.0,23834206703.0,0.0,0.06,-16.86,-12.28
1117,001259,利仁科技,24.48,1.24,0.3,2090.0,5092623.0,1.28,24.49,24.18,24.18,24.18,1.72,0.95,212.56,2.53,1801455978.0,536819178.0,0.08,0.29,7.84,14.18
1118,301222,浙江恒威,26.85,1.24,0.33,1519.0,4057513.0,1.02,26.85,26.58,26.59,26.52,2.16,0.52,32.61,1.95,2720801790.0,787199040.0,0.19,0.6,-2.15,5.5
1119,603205,健尔康,39.27,1.24,0.48,6245.0,24383448.0,1.75,39.37,38.69,39.0,38.79,3.2,2.08,40.9,3.25,4712400000.0,1178100000.0,-0.1,0.49,4.5,2.59
1120,600367,红星发展,13.1,1.24,0.16,12373.0,16158708.0,1.7,13.14,12.92,12.95,12.94,1.85,0.38,38.12,1.85,4468814816.0,4217848684.0,0.08,0.38,-0.61,13.52
1121,002102,能特科技,3.28,1.23,0.04,97355.0,31740700.0,1.85,3.28,3.22,3.24,3.24,1.83,0.42,10.0,2.55,8634864007.0,7641904504.0,0.31,0.31,1.86,25.19
1122,002460,赣锋锂业,30.5,1.23,0.37,44189.0,134810614.01,1.63,30.68,30.19,30.28,30.13,3.34,0.37,-43.23,1.49,61523617260.0,36866014778.0,-0.16,0.07,-17.43,-12.88
1123,688272,富吉瑞,21.44,1.23,0.26,1686.0,3585368.0,2.46,21.48,20.96,21.18,21.18,1.26,0.22,-38.28,3.3,1629440000.0,1629440000.0,0.09,0.28,-30.99,30.97
1124,688275,万润新能,36.9,1.23,0.45,6882.0,25387396.0,2.0,37.12,36.39,36.43,36.45,4.19,0.81,-7.47,0.85,4653771285.0,3121620998.0,0.11,0.11,-29.43,-23.65
1125,603859,能科科技,28.86,1.23,0.35,6937.0,19941593.0,1.96,29.0,28.44,28.68,28.51,2.0,0.28,36.04,2.4,7061975651.0,7061975651.0,-0.35,0.31,-11.12,-3.48
1126,873706,铁拓机械,20.65,1.23,0.25,12440.0,25519309.23,5.2,21.13,20.07,20.32,20.4,3.98,2.94,43.13,3.47,1908168309.0,874462866.0,-1.1,-0.72,-10.84,68.16
1127,300027,华谊兄弟,2.49,1.22,0.03,181174.0,45155323.5,2.44,2.51,2.45,2.46,2.46,3.03,0.73,87.39,17.93,6908519738.0,6187348272.0,-0.4,0.0,-6.39,-4.96
1128,002196,方正电机,9.12,1.22,0.11,60863.0,55133672.0,2.22,9.16,8.96,9.02,9.01,1.87,1.25,-75.19,3.26,4522352002.0,4454302912.0,0.22,0.11,24.93,70.15
1129,301279,金道科技,19.13,1.22,0.23,3722.0,7086615.7,1.16,19.17,18.95,18.96,18.9,1.99,1.0,42.32,1.9,2481906553.0,709990303.0,0.1,0.16,6.99,24.54
1130,300539,横河精密,13.28,1.22,0.16,8522.0,11270278.0,1.37,13.32,13.14,13.14,13.12,1.93,0.5,66.18,5.09,2958786656.0,2284265616.0,0.0,0.15,-14.82,25.05
1131,002722,物产金轮,15.76,1.22,0.19,17053.0,26860698.0,1.8,15.87,15.59,15.59,15.57,1.82,0.97,25.5,1.24,3255838338.0,2765925641.0,-0.06,0.06,-0.76,11.14
1132,300707,威唐工业,13.31,1.22,0.16,6894.0,9143739.0,0.91,13.32,13.2,13.2,13.15,1.34,0.48,-64.25,2.14,2355899562.0,1907071241.0,0.08,0.23,-13.96,-13.4
1133,000062,深圳华强,25.63,1.22,0.31,40075.0,102273864.0,1.54,25.7,25.31,25.33,25.32,1.82,0.38,63.48,3.91,26806655923.0,26781530270.0,-0.16,0.27,14.42,15.35
1134,301588,美新科技,18.18,1.22,0.22,2229.0,4033446.5,1.89,18.28,17.94,17.95,17.96,2.16,0.3,33.45,2.3,2161015768.0,1333669947.0,-0.16,0.28,-7.2,-10.18
1135,301319,唯特偶,24.12,1.22,0.29,4976.0,11923867.91,1.89,24.15,23.7,23.7,23.83,1.94,0.9,34.17,2.71,2974194966.0,1340310580.0,0.29,0.46,11.31,23.31
1136,301317,鑫磊股份,32.48,1.22,0.39,11709.0,37820028.0,1.96,32.64,32.01,32.05,32.09,1.6,2.61,3.24,3.66,5105531200.0,1455104000.0,-0.22,-0.03,69.96,65.71
1137,002806,华锋股份,11.62,1.22,0.14,11723.0,13553675.0,1.39,11.64,11.48,11.57,11.48,1.4,0.74,-185.97,2.35,2280249271.0,1834350897.0,0.26,0.26,-5.07,3.01
1138,002546,新联电子,4.98,1.22,0.06,32230.0,15963165.0,1.02,4.98,4.93,4.93,4.92,1.84,0.4,9.68,1.25,4153564498.0,3990135838.0,0.0,0.81,1.63,18.29
1139,603507,振江股份,25.63,1.22,0.31,21667.0,55574366.0,2.49,26.03,25.4,25.59,25.32,1.85,1.18,164.14,1.9,4723642498.0,4723642498.0,0.12,0.12,4.19,6.61
1140,301010,晶雪节能,16.58,1.22,0.2,3922.0,6483529.0,1.65,16.65,16.38,16.39,16.38,2.17,0.36,147.4,2.12,1790640000.0,1790640000.0,-0.24,-0.36,-3.6,-29.66
1141,002787,华源控股,8.37,1.21,0.1,10653.0,8856172.0,1.45,8.38,8.26,8.3,8.27,2.1,0.42,31.7,1.53,2805428134.0,2099707524.0,0.24,0.12,-1.3,7.58
1142,300929,华骐环保,10.04,1.21,0.12,13549.0,13636402.8,2.82,10.17,9.89,9.89,9.92,4.32,1.07,205.59,1.65,1326614878.0,1272543454.0,-0.3,-0.3,11.06,21.4
1143,002132,恒星科技,3.35,1.21,0.04,132675.0,44274682.0,1.81,3.36,3.3,3.31,3.31,3.12,0.95,207.02,1.33,4695174738.0,4688265223.0,0.0,0.3,11.3,22.26
1144,300766,每日互动,34.39,1.21,0.41,59172.0,202815742.0,2.53,34.61,33.75,34.07,33.98,2.18,1.66,-203.94,8.69,13486821113.0,12231595777.0,0.0,-0.35,-36.2,135.39
1145,300032,金龙机电,5.02,1.21,0.06,56382.0,28262388.0,1.21,5.04,4.98,5.0,4.96,1.48,0.7,61.1,5.95,4031911432.0,4031901392.0,0.2,0.0,7.96,11.31
1146,301361,众智科技,29.19,1.21,0.35,2413.0,7022754.0,2.29,29.3,28.64,29.0,28.84,1.78,0.83,44.59,2.91,3395847840.0,848961960.0,-0.1,-0.03,-7.42,-1.42
1147,300400,劲拓股份,15.87,1.21,0.19,6434.0,10168092.0,1.79,15.88,15.6,15.68,15.68,2.05,0.27,38.88,5.34,3850471446.0,3808446099.0,0.0,-0.06,-8.27,0.32
1148,002296,辉煌科技,10.84,1.21,0.13,18222.0,19645519.0,1.21,10.85,10.72,10.72,10.71,1.45,0.52,11.07,1.81,4223051753.0,3765983413.0,0.0,0.18,-2.78,12.8
1149,002228,合兴包装,3.38,1.2,0.04,26451.0,8907643.8,0.9,3.38,3.35,3.35,3.34,2.16,0.22,20.3,1.29,4040927914.0,4027191865.0,0.0,0.3,12.29,12.67
1150,300478,杭州高新,14.35,1.2,0.17,34961.0,50166936.5,3.1,14.54,14.1,14.3,14.18,2.39,2.76,-251.86,27.49,1817757550.0,1817757550.0,0.35,0.0,0.7,59.27
1151,603070,万控智造,12.69,1.2,0.15,12175.0,15378471.0,1.59,12.72,12.52,12.6,12.54,2.37,0.31,137.05,2.42,5088690000.0,5017840563.0,0.55,0.79,-18.6,-3.57
1152,600980,北矿科技,16.89,1.2,0.2,7120.0,12001684.0,1.5,16.94,16.69,16.69,16.69,2.22,0.41,38.5,2.29,3196660954.0,2967188009.0,0.0,0.24,-0.59,11.26
1153,002705,新宝股份,14.33,1.2,0.17,7394.0,10556994.0,1.27,14.35,14.17,14.2,14.16,1.72,0.09,11.78,1.45,11634179927.0,11580952905.0,0.14,-0.07,-11.05,-4.47
1154,430425,乐创技术,33.0,1.2,0.39,4382.0,14327127.4,1.72,33.0,32.44,32.46,32.61,1.72,1.04,46.66,6.59,1672075779.0,1395742029.0,0.67,0.73,-4.87,80.13
1155,600568,ST中珠,1.69,1.2,0.02,302767.0,52238343.0,4.79,1.75,1.67,1.71,1.67,10.85,1.81,-47.36,1.95,3367949761.0,2820723702.0,0.6,0.0,34.13,30.0
1156,603398,*ST沐邦,5.06,1.2,0.06,138780.0,69774556.0,3.4,5.12,4.95,4.95,5.0,2.84,3.2,-5.51,2.48,2194226111.0,2194226111.0,0.0,-0.2,-72.15,-78.01
1157,603296,华勤技术,67.56,1.2,0.8,14149.0,95236047.0,1.45,67.74,66.77,66.77,66.76,2.03,0.25,20.38,3.05,68633570287.0,38605873563.0,0.0,-0.13,-19.24,-4.78
1158,605555,德昌股份,20.28,1.2,0.24,6073.0,12238727.0,1.4,20.3,20.02,20.13,20.04,1.24,0.16,23.29,2.45,7551477024.0,7551477024.0,0.15,0.65,-24.75,-6.28
1159,833455,汇隆活塞,10.97,1.2,0.13,4047.0,4423194.53,2.68,11.05,10.76,10.81,10.84,3.05,0.44,62.66,5.47,1946626500.0,1019425173.0,-0.18,1.01,-7.19,56.94
1160,301389,隆扬电子,21.15,1.2,0.25,16561.0,34614620.2,2.15,21.19,20.74,20.9,20.9,2.12,2.02,48.87,2.75,5996025000.0,1735929544.0,0.48,1.29,-8.2,28.42
1161,688017,绿的谐波,118.89,1.2,1.41,5954.0,70544753.0,1.31,119.15,117.61,118.5,117.48,1.29,0.35,268.94,6.32,21782162064.0,20064336267.0,0.13,0.13,-27.06,10.02
1162,688030,山石网科,15.13,1.2,0.18,2969.0,4465946.0,1.34,15.15,14.95,14.95,14.95,3.03,0.16,-9.16,3.28,2726920116.0,2726920116.0,-0.13,0.0,-19.48,-2.39
1163,832471,美邦科技,16.9,1.2,0.2,3855.0,6480442.46,1.92,16.97,16.65,16.78,16.7,0.99,0.73,-470.64,2.62,1406080000.0,896217258.0,0.0,-0.06,-0.65,39.09
1164,603838,*ST四通,5.94,1.19,0.07,29454.0,17346899.0,3.41,6.0,5.8,5.88,5.87,7.27,0.92,-54.79,1.97,1900895040.0,1900895040.0,0.51,0.17,10.82,6.26
1165,688248,南网科技,28.96,1.19,0.34,4060.0,11686377.0,1.57,28.99,28.54,28.68,28.62,1.75,0.18,71.81,5.37,16353712000.0,6614464000.0,0.56,0.52,-14.37,-9.75
1166,002636,金安国纪,8.48,1.19,0.1,9923.0,8382046.0,1.67,8.49,8.35,8.36,8.38,1.74,0.14,66.06,1.85,6173440000.0,6142194736.0,0.12,0.0,-10.64,10.7
1167,600933,爱柯迪,15.35,1.19,0.18,16213.0,24818879.0,1.32,15.38,15.18,15.3,15.17,1.51,0.17,14.69,1.8,15117556731.0,15002615931.0,0.2,0.2,-20.05,-5.83
1168,002528,ST英飞拓,2.55,1.19,0.03,39259.0,9975849.6,2.38,2.57,2.51,2.52,2.52,2.03,0.37,159.64,16.85,3056621459.0,2676838550.0,0.39,0.79,0.39,-10.84
1169,603636,南威软件,11.88,1.19,0.14,51386.0,61124243.0,2.81,12.11,11.78,12.11,11.74,5.1,0.89,-49.69,2.96,6894683013.0,6894683013.0,0.08,0.17,-19.73,13.14
1170,301522,上大股份,35.71,1.19,0.42,42774.0,154120350.06,4.11,36.5,35.05,35.05,35.29,7.37,5.75,146.15,7.23,13279358679.0,2655871757.0,-0.2,-0.45,-7.03,-1.84
1171,603172,万丰股份,15.32,1.19,0.18,4829.0,7352279.0,2.31,15.4,15.05,15.23,15.14,2.9,0.96,49.29,1.91,2043381600.0,767225600.0,0.07,0.26,10.85,16.41
1172,605196,华通线缆,16.13,1.19,0.19,53223.0,87385248.0,4.45,16.74,16.03,16.1,15.94,3.36,1.04,49.45,2.58,8250217258.0,8240506998.0,0.37,-0.37,29.14,38.1
1173,002866,传艺科技,16.23,1.18,0.19,31867.0,51732139.0,3.3,16.48,15.95,16.06,16.04,2.67,1.76,30.09,2.3,4698946215.0,2941955392.0,-0.06,0.06,-8.92,0.31
1174,000786,北新建材,28.33,1.18,0.33,39472.0,111991109.96,1.96,28.57,28.02,28.02,28.0,4.1,0.24,14.21,1.81,47863757164.0,46247249999.0,-0.21,-0.46,-4.45,-6.53
1175,603679,华体科技,12.91,1.18,0.15,6772.0,8710331.0,1.41,12.96,12.78,12.8,12.76,2.4,0.41,-233.87,2.64,2124749256.0,2124749256.0,0.16,0.31,-5.28,-1.97
1176,002729,好利科技,12.85,1.18,0.15,7095.0,9089880.0,1.18,12.87,12.72,12.81,12.7,2.27,0.4,33.92,4.42,2351163472.0,2254708686.0,-0.16,0.08,-14.45,2.55
1177,300995,奇德新材,34.34,1.18,0.4,4540.0,15455043.0,1.97,34.39,33.72,33.95,33.94,1.37,0.76,178.03,4.68,2890054400.0,2057130180.0,0.26,0.18,95.11,119.28
1178,300031,宝通科技,24.77,1.18,0.29,47491.0,117734893.0,2.9,24.97,24.26,24.57,24.48,2.47,1.35,47.54,2.65,10372089754.0,8718433952.0,-0.08,-0.24,-19.63,35.21
1179,600825,新华传媒,6.88,1.18,0.08,58147.0,39829747.0,3.24,6.95,6.73,6.74,6.8,4.47,0.56,1840.72,2.95,7188828408.0,7188828408.0,-0.15,0.0,-0.72,5.04
1180,300198,ST纳川,2.58,1.18,0.03,56984.0,14673955.0,2.35,2.6,2.54,2.55,2.55,1.93,0.56,-15.46,31.71,2661395233.0,2643123340.0,0.39,0.0,30.3,22.86
1181,688395,正弦电气,23.95,1.18,0.28,6573.0,15849652.0,2.96,24.37,23.67,23.67,23.67,2.36,0.76,56.62,2.74,2074015394.0,2074015394.0,0.08,-0.21,21.08,40.97
1182,688260,昀冢科技,14.55,1.18,0.17,4697.0,6767515.0,2.71,14.67,14.28,14.67,14.38,1.43,0.39,-8.36,10.14,1746000000.0,1746000000.0,0.28,0.07,-10.35,4.3
1183,300363,博腾股份,16.34,1.18,0.19,42384.0,69071454.0,2.35,16.48,16.1,16.1,16.15,2.98,0.85,-520.1,1.71,8912890257.0,8177361448.0,0.06,0.55,-1.92,3.61
1184,301129,瑞纳智能,23.94,1.18,0.28,10866.0,25766521.0,1.99,23.94,23.47,23.51,23.66,3.05,3.03,-37.97,1.89,3257812656.0,859570488.0,0.38,0.38,-1.72,-13.42
1185,600869,远东股份,5.15,1.18,0.06,354891.0,181532081.0,4.13,5.24,5.03,5.04,5.09,4.19,1.6,62.21,2.65,11429666642.0,11429666642.0,0.19,0.19,6.63,8.42
1186,603688,石英股份,30.93,1.18,0.36,34304.0,106314973.0,2.65,31.32,30.51,30.52,30.57,3.37,0.63,79.41,2.88,16754109479.0,16754109479.0,-0.23,-0.67,20.73,7.66
1187,300820,英杰电气,47.44,1.17,0.55,16135.0,77012671.4,2.58,48.09,46.88,46.96,46.89,2.44,1.45,52.05,4.44,10513604791.0,5266302350.0,-0.21,-0.65,-1.08,-13.51
1188,300590,移为通信,12.14,1.17,0.14,18597.0,22507673.57,1.42,12.17,12.0,12.01,12.0,2.67,0.52,142.62,3.15,5582951844.0,4301500656.0,0.0,-0.16,-22.87,-20.34
1189,688699,明微电子,32.02,1.17,0.37,2717.0,8703608.0,3.16,32.43,31.43,31.54,31.65,2.53,0.25,-26.47,2.92,3524269773.0,3524269773.0,-0.12,-0.06,-17.05,-10.91
1190,002148,北纬科技,6.9,1.17,0.08,80678.0,55404742.0,2.64,6.96,6.78,6.81,6.82,2.4,1.8,-126.88,3.18,3853493577.0,3100291516.0,0.0,0.15,-10.16,4.7
1191,603193,润本股份,40.65,1.17,0.47,11387.0,45672996.0,3.01,40.65,39.44,40.09,40.18,2.87,1.1,93.03,8.1,16446718214.0,4200621164.0,0.92,0.72,36.18,75.82
1192,601069,西部黄金,19.87,1.17,0.23,170228.0,335279543.0,3.82,19.99,19.24,19.38,19.64,5.74,2.49,131.7,3.88,18234330133.0,13590936141.0,-0.15,0.3,50.99,74.3
1193,300632,光莆股份,12.1,1.17,0.14,9797.0,11793033.0,1.76,12.12,11.91,12.0,11.96,1.06,0.44,47.18,2.1,3692697602.0,2676647752.0,0.0,0.17,-18.79,9.11
1194,688143,长盈通,33.66,1.17,0.39,5595.0,18571139.0,2.55,33.66,32.81,33.23,33.27,3.17,0.59,124.43,3.49,4119123179.0,3181629908.0,0.69,1.08,9.93,52.86
1195,301025,读客文化,10.42,1.17,0.12,34762.0,36031041.0,2.52,10.48,10.22,10.25,10.3,2.14,1.25,1580.05,6.67,4171223948.0,2887910711.0,0.19,-0.19,9.8,9.34
1196,300423,昇辉科技,6.91,1.17,0.08,8409.0,5798943.0,1.46,6.93,6.83,6.88,6.83,1.13,0.25,-66.78,2.59,3437803014.0,2303246901.0,0.0,0.14,-3.89,-0.14
1197,603102,百合股份,45.04,1.17,0.52,5298.0,23672180.0,2.31,45.18,44.15,44.38,44.52,1.56,1.48,20.47,1.76,2882560000.0,1615335053.0,0.04,0.11,30.36,28.32
1198,601969,海南矿业,6.9,1.17,0.08,17802.0,12253297.0,1.47,6.93,6.83,6.88,6.82,2.58,0.09,21.5,1.98,13791666442.0,13648862662.0,-0.14,-0.14,-2.4,-1.57
1199,603937,丽岛新材,9.48,1.17,0.11,4692.0,4418023.0,2.24,9.48,9.27,9.39,9.37,1.73,0.22,-40.39,1.28,1980190439.0,1980190439.0,0.32,0.53,4.06,4.64
1200,001216,华瓷股份,13.09,1.16,0.15,9924.0,12975930.0,3.48,13.36,12.91,12.98,12.94,2.55,0.39,16.38,1.86,3296935103.0,3296935103.0,0.46,0.54,-1.28,2.67
1201,603118,共进股份,9.58,1.16,0.11,45753.0,43656739.0,1.48,9.61,9.47,9.47,9.47,1.14,0.58,84.56,1.51,7542107969.0,7542107969.0,0.0,0.21,-24.57,7.64
1202,603617,君禾股份,6.96,1.16,0.08,10643.0,7384193.0,1.45,6.97,6.87,6.88,6.88,1.43,0.28,33.25,1.79,2717680506.0,2670143706.0,0.0,0.43,-7.81,-5.05
1203,300276,三丰智能,11.31,1.16,0.13,61979.0,69706377.74,1.34,11.33,11.18,11.19,11.18,1.6,0.61,681.31,8.12,15845796217.0,11544907818.0,0.18,0.18,-18.92,25.81
1204,002617,露笑科技,7.87,1.16,0.09,130610.0,102082151.0,1.41,7.88,7.77,7.78,7.78,1.22,0.69,38.58,2.43,15134056457.0,14885741107.0,-0.13,0.64,-0.88,2.88
1205,003043,华亚智能,54.1,1.16,0.62,3076.0,16525115.0,2.34,54.4,53.15,53.28,53.48,1.78,0.55,74.8,3.06,5141017180.0,3027159333.0,-0.17,0.26,11.94,30.68
1206,301628,强达电路,78.4,1.16,0.9,1635.0,12767867.0,1.77,78.49,77.12,77.3,77.5,2.03,0.87,55.82,5.49,5909462720.0,1477369600.0,0.06,0.11,-10.49,-3.45
1207,600238,*ST椰岛,6.1,1.16,0.07,24632.0,15017730.0,2.65,6.17,6.01,6.01,6.03,1.59,0.55,-105.07,26.84,2734020000.0,2714509638.0,0.0,-0.16,-4.09,-20.16
1208,301226,祥明智能,25.24,1.16,0.29,2682.0,6740658.0,1.28,25.29,24.97,25.04,24.95,1.58,0.25,96.58,3.06,2746112000.0,2746112000.0,-0.04,0.12,-28.15,9.17
1209,301125,腾亚精工,13.08,1.16,0.15,8018.0,10437660.0,1.24,13.09,12.93,13.0,12.93,1.67,1.36,501.94,3.06,1854193594.0,771359254.0,0.0,0.15,5.74,17.84
1210,300405,科隆股份,5.25,1.16,0.06,13766.0,7185536.9,0.96,5.25,5.2,5.2,5.19,1.83,0.63,-24.12,3.45,1492956523.0,1148662457.0,0.19,0.0,8.25,8.47
1211,300921,南凌科技,26.3,1.15,0.3,4411.0,11550219.0,1.58,26.41,26.0,26.03,26.0,1.37,0.56,260.14,4.21,3463494472.0,2088669862.0,-0.11,0.15,-15.43,-2.95
1212,603220,中贝通信,21.91,1.15,0.25,29746.0,65111438.0,1.62,22.05,21.7,21.83,21.66,2.92,0.69,126.41,4.81,9514288735.0,9514288735.0,-0.14,-0.18,-17.63,-4.61
1213,300986,志特新材,14.12,1.15,0.16,41703.0,58519026.8,2.65,14.21,13.84,13.96,13.96,2.61,1.14,52.37,3.27,5154974332.0,5152764764.0,-0.42,0.07,27.21,63.24
1214,002442,龙星科技,6.15,1.15,0.07,16866.0,10343276.0,1.32,6.16,6.08,6.08,6.08,2.68,0.35,27.07,1.72,3095313948.0,3004130051.0,-0.16,0.16,-2.23,2.33
1215,300274,阳光电源,60.89,1.15,0.69,58439.0,355944718.14,1.41,61.3,60.45,60.46,60.2,3.51,0.37,8.25,3.1,126237843607.0,96797408350.0,-0.05,-0.11,-10.76,-17.53
1216,002425,ST凯文,2.65,1.15,0.03,73447.0,19466873.0,2.29,2.68,2.62,2.63,2.62,2.57,0.77,173.32,0.85,2535162425.0,2533561380.0,0.0,0.38,19.91,23.83
1217,002584,西陇科学,10.52,1.15,0.12,199600.0,210948957.0,2.98,10.7,10.39,10.45,10.4,1.73,4.62,178.16,2.67,6156476759.0,4549837364.0,-0.47,-0.85,34.53,46.31
1218,301053,远信工业,27.36,1.15,0.31,2612.0,7105297.0,1.33,27.37,27.01,27.1,27.05,1.33,0.34,45.3,3.56,2256255888.0,2072311489.0,0.11,0.33,21.82,40.24
1219,301168,通灵股份,34.17,1.15,0.39,7267.0,24632821.0,1.95,34.26,33.6,33.83,33.78,1.26,1.46,49.09,1.92,4100400000.0,1696643010.0,-0.09,0.47,20.57,27.36
1220,000909,ST数源,6.17,1.15,0.07,14573.0,8950538.0,2.3,6.21,6.07,6.12,6.1,2.32,0.33,-64.16,2.54,2700696892.0,2700674217.0,0.0,-0.16,5.11,9.98
1221,002312,川发龙蟒,11.42,1.15,0.13,64736.0,73436348.4,1.51,11.44,11.27,11.33,11.29,1.09,0.37,52.24,2.26,21576247029.0,20084615255.0,0.26,0.53,-13.81,-21.08
1222,300339,润和软件,50.9,1.15,0.58,60947.0,309878689.96,1.55,51.1,50.32,50.68,50.32,2.74,0.78,324.82,11.61,40537311807.0,39584251350.0,-0.06,-0.24,-13.39,1.74
1223,002876,三利谱,23.84,1.15,0.27,2745.0,6505589.0,1.23,23.86,23.57,23.57,23.57,1.64,0.18,34.97,1.75,4145416779.0,3550953934.0,0.08,0.04,-10.44,-6.55
1224,301176,逸豪新材,16.68,1.15,0.19,3430.0,5702307.0,1.58,16.75,16.49,16.55,16.49,1.81,0.61,-457.76,1.84,2820032006.0,940010674.0,-0.06,0.24,-7.74,0.85
1225,603350,安乃达,36.8,1.15,0.42,4899.0,17966340.0,1.65,36.95,36.35,36.41,36.38,1.42,1.69,34.01,3.34,4284072000.0,1067200000.0,-0.38,0.03,0.93,2.36
1226,603619,中曼石油,17.64,1.15,0.2,25322.0,44423218.0,1.43,17.64,17.39,17.47,17.44,3.16,0.55,8.87,1.92,8155650452.0,8155650452.0,0.63,0.86,0.17,-8.88
1227,688333,铂力特,58.19,1.15,0.66,12582.0,73484498.0,2.97,59.26,57.55,57.64,57.53,3.42,0.46,-264.45,3.32,15814191325.0,15814191325.0,-0.34,-0.63,-15.91,47.58
1228,603182,嘉华股份,13.23,1.15,0.15,6025.0,7930650.0,1.61,13.27,13.06,13.08,13.08,2.64,0.65,15.24,1.99,2176996500.0,1231430831.0,-0.23,0.08,10.53,15.95
1229,300549,优德精密,17.52,1.15,0.2,6444.0,11241477.0,1.85,17.59,17.27,17.47,17.32,2.28,0.64,180.02,4.28,2336116800.0,1770477906.0,-0.06,-0.06,-7.84,7.29
1230,873690,捷众科技,24.9,1.14,0.28,2134.0,5338362.33,2.32,25.34,24.77,25.0,24.62,1.93,0.7,30.53,3.05,1650870000.0,762597360.0,-0.04,-0.28,2.13,42.12
1231,300115,长盈精密,20.37,1.14,0.23,64779.0,131445603.4,1.29,20.41,20.15,20.26,20.14,1.97,0.48,39.49,3.47,27622871048.0,27542980478.0,0.05,-0.1,-26.81,26.44
1232,871857,泓禧科技,18.67,1.14,0.21,683.0,1264628.12,2.0,18.67,18.3,18.3,18.46,0.72,0.09,123.18,3.61,1381713528.0,1381713528.0,0.0,0.38,-1.74,31.85
1233,600287,ST舜天,5.33,1.14,0.06,18972.0,10067051.0,2.09,5.36,5.25,5.29,5.27,5.46,0.43,70.74,1.1,2339059701.0,2328123074.0,0.76,1.33,20.05,26.9
1234,300763,锦浪科技,52.17,1.14,0.59,16167.0,84228753.0,1.63,52.5,51.66,51.75,51.58,3.92,0.5,26.75,2.47,20833223217.0,16773130008.0,-0.13,-0.32,4.44,-14.29
1235,002101,广东鸿图,12.46,1.14,0.14,18750.0,23282899.0,1.54,12.47,12.28,12.29,12.32,1.51,0.28,45.86,1.05,8278127938.0,8250977100.0,0.24,0.08,-3.34,4.01
1236,301032,新柴股份,12.43,1.14,0.14,7933.0,9795446.0,2.12,12.46,12.2,12.38,12.29,1.55,0.5,49.09,2.53,2997288162.0,1987218593.0,0.0,0.08,15.41,32.37
1237,301221,光庭信息,49.73,1.14,0.56,4047.0,20069681.8,1.65,49.98,49.17,49.36,49.17,1.71,0.93,47.92,2.32,4606106979.0,2170661040.0,0.04,0.1,-4.0,2.37
1238,002598,山东章鼓,10.65,1.14,0.12,32155.0,34048513.0,2.56,10.73,10.46,10.54,10.53,1.56,1.14,39.89,2.73,3323171429.0,3004160275.0,-0.19,0.47,-3.18,12.7
1239,600486,扬农化工,57.48,1.14,0.65,18584.0,107303776.0,3.24,58.34,56.5,56.59,56.83,2.34,0.46,13.44,2.13,23375048387.0,23156885921.0,-0.16,-0.24,12.0,-0.67
1240,603856,东宏股份,11.49,1.14,0.13,5845.0,6701889.0,1.41,11.53,11.37,11.39,11.36,3.9,0.23,18.92,1.23,3240824129.0,2946203754.0,-0.09,-0.26,5.22,3.98
1241,603058,永吉股份,8.01,1.14,0.09,9722.0,7786389.0,2.02,8.08,7.92,7.92,7.92,2.64,0.23,22.47,2.87,3363351252.0,3354935626.0,0.0,0.13,-10.9,-8.04
1242,300645,正元智慧,15.02,1.14,0.17,33562.0,50814372.03,2.36,15.35,15.0,15.01,14.85,4.96,2.36,-44.76,2.1,2134141783.0,2133860158.0,0.13,-0.33,-11.02,2.39
1243,301161,唯万密封,21.29,1.14,0.24,2798.0,5930347.0,1.24,21.33,21.07,21.09,21.05,1.45,0.52,25.78,2.6,2554800000.0,1135353120.0,0.0,0.28,-9.4,-0.37
1244,300083,创世纪,7.99,1.14,0.09,85864.0,68334919.0,1.52,8.01,7.89,7.9,7.9,2.06,0.58,33.84,2.58,13302252086.0,11929351360.0,0.0,0.0,-20.02,22.73
1245,002331,皖通科技,8.0,1.14,0.09,45633.0,36135392.0,1.77,8.0,7.86,7.92,7.91,1.74,1.15,-54.6,1.93,3403453992.0,3166762360.0,0.88,0.63,-5.66,8.4
1246,688257,新锐股份,14.25,1.14,0.16,3737.0,5309848.0,1.99,14.28,14.0,14.0,14.09,1.8,0.15,19.47,1.64,3596821182.0,3596821182.0,0.07,-0.07,-2.4,10.98
1247,000938,紫光股份,24.14,1.13,0.27,81648.0,196579415.0,1.17,24.2,23.92,23.93,23.87,2.65,0.29,49.52,5.05,69042328158.0,69042328158.0,-0.12,-0.12,-18.17,-13.26
1248,002716,湖南白银,3.58,1.13,0.04,285272.0,101618102.9,2.26,3.59,3.51,3.53,3.54,5.9,1.29,90.29,3.05,10106657353.0,7913515135.0,0.0,0.0,0.0,5.6
1249,001203,大中矿业,8.94,1.13,0.1,16012.0,14291720.0,1.02,8.95,8.86,8.87,8.84,2.47,0.12,14.99,2.07,13481712997.0,11756683550.0,0.0,0.11,3.23,3.23
1250,300812,易天股份,20.61,1.13,0.23,4189.0,8609746.4,1.62,20.68,20.35,20.46,20.38,2.06,0.45,35.95,3.66,2888224168.0,1910594547.0,0.0,0.1,-0.77,-6.49
1251,300561,*ST汇科,13.45,1.13,0.15,42446.0,57041797.0,3.01,13.6,13.2,13.2,13.3,1.65,1.76,815.53,7.36,4413052264.0,3242224370.0,-0.22,-0.74,-69.07,-75.51
1252,688115,思林杰,42.86,1.13,0.48,1453.0,6149749.0,2.5,42.88,41.82,42.2,42.38,1.98,0.34,-56.96,2.29,2857476200.0,1806098970.0,0.42,0.82,1.13,-1.02
1253,688230,芯导科技,49.08,1.13,0.55,1683.0,8224723.0,1.46,49.16,48.45,48.45,48.53,1.15,0.14,59.95,2.63,5771808000.0,5771808000.0,0.25,0.1,-0.45,6.7
1254,300242,佳云科技,4.46,1.13,0.05,47707.0,21164538.0,2.27,4.48,4.38,4.4,4.41,2.37,0.76,-54.25,9.96,2830116299.0,2807911734.0,-0.22,0.0,-8.04,9.58
1255,873339,恒太照明,11.61,1.13,0.13,1351.0,1558196.38,1.74,11.65,11.45,11.49,11.48,1.14,0.09,38.29,4.37,2556566118.0,1751915737.0,0.43,0.43,19.44,47.34
1256,600130,*ST波导,3.57,1.13,0.04,73916.0,26287340.0,2.55,3.59,3.5,3.5,3.53,1.51,0.99,322.21,2.78,2677500000.0,2677500000.0,0.28,0.28,-1.92,-24.36
1257,430510,丰光精密,23.49,1.12,0.26,4470.0,10462783.15,2.11,23.65,23.16,23.36,23.23,1.76,0.47,-456.77,10.88,4327185192.0,2229367262.0,-0.34,0.09,-9.83,42.28
1258,000060,中金岭南,4.52,1.12,0.05,99525.0,44883726.05,1.34,4.53,4.47,4.47,4.47,3.54,0.27,15.47,1.21,16893937577.0,16892659972.0,0.0,0.0,-4.44,-3.62
1259,300880,迦南智能,20.68,1.12,0.23,4222.0,8707145.0,1.86,20.69,20.31,20.55,20.45,2.31,0.22,58.66,3.72,4035438950.0,4034865080.0,0.0,0.1,-11.43,-6.85
1260,605305,中际联合,26.23,1.12,0.29,5674.0,14823361.0,1.93,26.3,25.8,25.93,25.94,2.16,0.27,14.14,2.15,5574399600.0,5574399600.0,0.08,0.19,-3.53,-5.92
1261,603022,新通联,8.99,1.12,0.1,6919.0,6184618.0,1.24,9.0,8.89,8.97,8.89,1.75,0.35,35.99,2.26,1798000000.0,1798000000.0,0.0,0.11,13.65,24.52
1262,603728,鸣志电器,56.18,1.12,0.62,13766.0,77291546.0,1.4,56.48,55.7,55.97,55.56,2.67,0.33,818.33,8.05,23532818850.0,23532818850.0,-0.02,0.04,-30.19,4.04
1263,300939,秋田微,28.05,1.12,0.31,3412.0,9535237.0,1.33,28.1,27.73,27.74,27.74,2.88,0.28,43.19,2.51,3366000000.0,3366000000.0,-0.11,-0.07,-9.52,-13.43
1264,300935,盈建科,22.53,1.12,0.25,3430.0,7685029.4,1.44,22.58,22.26,22.26,22.28,3.19,0.57,-25.02,2.18,1789573220.0,1357965447.0,0.0,0.13,-5.02,-9.55
1265,688529,豪森智能,16.3,1.12,0.18,3203.0,5211442.0,1.18,16.35,16.16,16.2,16.12,1.59,0.19,-21.72,1.37,2741268034.0,2741268034.0,-0.24,-0.06,-13.02,3.89
1266,300759,康龙化成,24.45,1.12,0.27,96788.0,235481361.15,2.4,24.58,24.0,24.23,24.18,3.1,0.68,35.57,3.1,43476880586.0,34703953788.0,0.2,0.62,-8.53,-4.86
1267,300075,数字政通,18.07,1.12,0.2,179442.0,327727230.63,3.08,18.56,18.01,18.15,17.87,3.22,3.49,406.4,3.18,11223821955.0,9295040419.0,-0.11,-0.28,-12.71,4.45
1268,301062,上海艾录,8.15,1.12,0.09,14975.0,12204037.0,1.49,8.2,8.08,8.09,8.06,2.77,0.48,1131.67,2.31,3523059074.0,2539615632.0,0.25,0.25,-15.81,-37.79
1269,688026,洁特生物,16.25,1.12,0.18,10049.0,16318793.0,3.17,16.44,15.93,15.95,16.07,4.0,0.72,34.64,2.12,2280902325.0,2279445610.0,-0.79,-0.43,12.22,26.66
1270,603700,宁水集团,11.7,1.12,0.13,7925.0,9235639.0,1.12,11.71,11.58,11.63,11.57,2.21,0.39,20.9,1.45,2359880453.0,2359880453.0,0.0,0.43,-17.89,16.88
1271,605588,冠石科技,46.31,1.11,0.51,3180.0,14634976.0,1.33,46.4,45.79,45.8,45.8,1.34,0.44,-90.85,3.3,3402979252.0,3385240670.0,0.52,0.7,2.25,13.62
1272,688165,埃夫特-U,23.73,1.11,0.26,22119.0,52090305.0,1.66,23.74,23.35,23.57,23.47,1.96,0.42,-45.96,7.86,12381839400.0,12381839400.0,0.17,0.47,-25.77,-10.11
1273,603219,富佳股份,14.54,1.11,0.16,4766.0,6927508.0,1.46,14.59,14.38,14.39,14.38,1.6,0.08,38.37,4.94,8162756000.0,8162756000.0,0.0,0.14,-21.24,2.61
1274,688533,上声电子,24.66,1.11,0.27,2250.0,5537551.0,1.23,24.72,24.42,24.57,24.39,1.81,0.14,36.74,2.64,4015810768.0,4015810768.0,-0.12,-0.08,-28.1,-29.18
1275,603255,鼎际得,25.47,1.11,0.28,4368.0,11105508.0,2.1,25.55,25.02,25.18,25.19,3.1,0.72,-254.31,2.17,3428559158.0,1545398567.0,0.28,-0.12,-12.62,-24.38
1276,002687,乔治白,4.56,1.11,0.05,15160.0,6888649.55,1.11,4.56,4.51,4.52,4.51,2.11,0.37,37.13,1.55,2301794479.0,1882504180.0,0.0,0.22,2.93,4.11
1277,002760,凤形股份,19.13,1.11,0.21,6610.0,12570954.0,1.9,19.2,18.84,18.9,18.92,2.11,0.61,169.48,2.54,2065823946.0,2065823946.0,0.0,0.21,5.4,12.53
1278,002300,太阳电缆,6.36,1.11,0.07,84314.0,53360147.2,2.23,6.39,6.25,6.28,6.29,1.13,1.17,54.83,2.4,4594042332.0,4593669375.0,0.95,0.79,20.23,19.1
1279,000700,模塑科技,7.31,1.11,0.08,36459.0,26557296.0,1.52,7.34,7.23,7.25,7.23,1.47,0.4,11.31,1.84,6710692494.0,6710692494.0,-0.27,0.27,0.41,7.5
1280,838670,恒进感应,19.08,1.11,0.21,3389.0,6434211.81,1.11,19.08,18.87,19.05,18.87,1.59,0.51,150.35,5.81,2556720000.0,1259335332.0,0.42,0.58,-7.83,22.94
1281,300139,晓程科技,19.98,1.11,0.22,167495.0,331976440.0,3.44,20.17,19.49,19.96,19.76,3.66,7.17,124.34,5.38,5474520000.0,4668361466.0,-0.5,-0.4,19.86,36.94
1282,600622,光大嘉宝,2.73,1.11,0.03,53678.0,14636614.0,1.48,2.74,2.7,2.7,2.7,2.71,0.36,-8.66,1.21,4094141147.0,4094141147.0,-0.36,0.0,-22.44,-15.48
1283,002209,达 意 隆,11.92,1.1,0.13,5095.0,6038903.0,1.78,11.94,11.73,11.9,11.79,1.15,0.33,20.11,3.21,2372426276.0,1851220807.0,0.0,0.17,11.19,28.45
1284,600552,凯盛科技,11.06,1.1,0.12,27997.0,30882302.0,1.28,11.08,10.94,10.96,10.94,2.03,0.3,109.52,2.49,10447352248.0,10447352248.0,0.09,0.0,-17.4,-3.07
1285,300736,百邦科技,10.08,1.1,0.11,17908.0,18127167.0,3.71,10.29,9.92,9.97,9.97,4.47,1.41,-69.7,14.51,1311064312.0,1282355595.0,-0.1,-0.4,2.65,4.67
1286,002891,中宠股份,66.9,1.1,0.73,24857.0,164861916.36,2.78,67.15,65.31,65.85,66.17,3.16,0.82,55.43,7.43,20209548851.0,20209548851.0,-0.03,0.27,74.99,88.19
1287,688288,鸿泉物联,30.44,1.1,0.33,4638.0,14062667.0,1.99,30.56,29.96,30.11,30.11,1.53,0.46,37.91,4.09,3063600925.0,3063600925.0,-0.03,0.07,43.38,89.07
1288,688262,国芯科技,25.8,1.1,0.28,7119.0,18350399.0,1.02,25.87,25.61,25.84,25.52,1.67,0.27,-62.36,4.02,8668797755.0,6820246512.0,0.0,0.0,-20.62,-6.86
1289,000762,西藏矿业,18.31,1.1,0.2,20044.0,36679653.0,1.6,18.4,18.11,18.16,18.11,4.22,0.38,-177.51,3.22,9542698503.0,9535859316.0,0.05,0.22,-14.76,-14.84
1290,002632,道明光学,8.26,1.1,0.09,10607.0,8731718.73,1.35,8.28,8.17,8.21,8.17,1.84,0.18,25.07,2.46,5159188483.0,4797408091.0,0.0,0.12,-14.85,-5.82
1291,300503,昊志机电,21.2,1.1,0.23,13320.0,28145949.0,1.19,21.25,21.0,21.0,20.97,1.75,0.56,104.1,5.34,6488744123.0,5068650802.0,0.09,0.0,-22.29,12.05
1292,301329,信音电子,18.46,1.1,0.2,3056.0,5624918.0,1.1,18.48,18.28,18.28,18.26,1.91,0.51,56.88,1.99,3141892000.0,1106566240.0,0.0,0.27,-12.43,-12.3
1293,603158,腾龙股份,8.33,1.09,0.09,12160.0,10082528.0,1.09,8.34,8.25,8.29,8.24,0.95,0.25,22.57,1.78,4088358219.0,4088358219.0,0.12,0.24,-11.76,3.09
1294,688137,近岸蛋白,37.0,1.09,0.4,3137.0,11540798.0,2.19,37.2,36.4,36.66,36.6,2.39,0.96,-54.97,1.24,2596491243.0,1208991243.0,0.14,0.63,3.12,11.45
1295,002935,天奥电子,14.79,1.09,0.16,22672.0,33583571.28,2.39,14.9,14.55,14.61,14.63,3.18,0.55,-245.75,4.05,6308267287.0,6139194160.0,-0.27,-0.14,-7.5,-8.14
1296,002328,新朋股份,5.57,1.09,0.06,12744.0,7065283.0,1.09,5.57,5.51,5.52,5.51,1.24,0.22,26.53,1.33,4298758900.0,3179310861.0,0.36,0.54,-15.09,-9.14
1297,000892,欢瑞世纪,3.71,1.09,0.04,49886.0,18520058.0,2.18,3.74,3.66,3.68,3.67,2.4,0.7,-223.54,4.16,3639437555.0,2637203244.0,0.0,0.0,-5.36,13.8
1298,605186,健麾信息,20.35,1.09,0.22,3863.0,7806904.0,1.69,20.36,20.02,20.2,20.13,2.91,0.28,201.95,2.57,2767600000.0,2767600000.0,0.25,1.24,-10.51,1.19
1299,605287,德才股份,13.86,1.09,0.15,14019.0,19297346.0,1.68,13.86,13.63,13.71,13.71,2.85,1.0,11.08,1.23,1940400000.0,1940400000.0,0.0,0.22,1.61,14.07
1300,300081,恒信东方,6.48,1.09,0.07,44278.0,28585046.0,1.87,6.51,6.39,6.45,6.41,1.77,0.73,-28.63,3.34,3919074302.0,3918480896.0,0.0,0.0,-14.96,-9.75
1301,688512,慧智微-U,10.19,1.09,0.11,9272.0,9437779.0,1.49,10.21,10.06,10.06,10.08,1.17,0.29,329.06,2.57,4695170364.0,3307371316.0,-0.1,0.0,-7.62,2.83
1302,002076,*ST星光,1.85,1.09,0.02,85590.0,15811775.4,2.19,1.86,1.82,1.83,1.83,1.81,0.83,-423.49,7.08,2051880308.0,1903539655.0,-0.54,0.54,-52.69,-22.92
1303,600829,人民同泰,8.32,1.09,0.09,31786.0,26316308.0,2.07,8.35,8.18,8.22,8.23,2.05,0.55,26.31,1.65,4824673127.0,4824673127.0,0.12,0.12,7.91,10.93
1304,300258,精锻科技,13.95,1.09,0.15,68859.0,96451128.88,1.96,14.15,13.88,14.02,13.8,2.2,1.33,46.2,1.77,7426996001.0,7215596236.0,-0.21,0.14,-2.11,56.57
1305,603239,浙江仙通,13.9,1.09,0.15,6853.0,9466053.0,1.31,13.91,13.73,13.75,13.75,1.96,0.25,14.11,3.22,3763008000.0,3763008000.0,0.22,0.51,-5.25,4.98
1306,603789,*ST星农,5.58,1.09,0.06,17709.0,9845974.0,1.81,5.61,5.51,5.54,5.52,2.82,0.68,-13.3,7.06,1509118812.0,1450800000.0,-0.18,-0.18,-25.0,-27.81
1307,002701,奥瑞金,5.64,1.08,0.06,67539.0,38045016.0,1.61,5.66,5.57,5.57,5.58,2.68,0.26,5.43,1.49,14437049045.0,14423768492.0,-0.18,-0.18,15.34,-0.53
1308,601595,上海电影,31.0,1.08,0.33,12304.0,38242463.0,2.9,31.4,30.51,30.52,30.67,2.29,0.27,53.22,8.15,13894200000.0,13894200000.0,-0.03,-0.16,27.73,25.51
1309,300379,*ST东通,5.6,1.08,0.06,87103.0,48810567.0,1.81,5.65,5.55,5.59,5.54,1.87,1.65,-25.57,1.01,3124367837.0,2949170358.0,0.36,0.18,-66.79,-62.89
1310,301392,汇成真空,104.08,1.08,1.11,4574.0,47950002.0,4.08,106.35,102.15,102.56,102.97,3.59,2.03,312.67,14.34,10408000000.0,2341800000.0,-0.43,-1.59,23.03,69.07
1311,000802,北京文化,4.69,1.08,0.05,32005.0,14965022.0,1.94,4.71,4.62,4.66,4.64,1.78,0.45,-3.85,3.87,3357572196.0,3355532046.0,0.43,0.21,-6.2,-32.32
1312,002856,美芝股份,12.2,1.08,0.13,16803.0,20440843.0,2.65,12.38,12.06,12.1,12.07,2.85,1.4,-19.43,19.16,1650816258.0,1465240191.0,0.08,0.33,35.71,32.32
1313,002416,爱施德,11.26,1.08,0.12,30313.0,33953573.0,1.62,11.3,11.12,11.18,11.14,1.1,0.25,27.66,2.48,13954313136.0,13781162463.0,-0.27,0.36,-18.64,-28.6
1314,688536,思瑞浦,154.42,1.08,1.65,6997.0,107446816.0,2.61,155.98,152.0,152.36,152.77,2.35,0.53,328.93,3.87,20476314982.0,20476314982.0,0.8,-0.37,21.36,66.94
1315,002163,海南发展,8.46,1.08,0.09,28408.0,24105531.0,1.79,8.53,8.38,8.38,8.37,2.83,0.35,-122.53,6.77,7148343555.0,6798023483.0,-0.12,0.12,-15.82,-9.52
1316,002350,北京科锐,6.58,1.08,0.07,22081.0,14549829.0,2.46,6.66,6.5,6.5,6.51,3.01,0.42,84.47,2.14,3568540290.0,3491028679.0,0.0,-0.15,-3.8,-13.42
1317,301008,宏昌科技,23.34,1.08,0.25,9202.0,21342767.9,1.56,23.39,23.03,23.14,23.09,1.78,0.87,58.92,2.2,2810989987.0,2458089187.0,0.0,0.17,-1.52,24.61
1318,002024,ST易购,1.87,1.08,0.02,55694.0,10378318.0,2.16,1.88,1.84,1.85,1.85,4.28,0.06,241.16,1.37,17325115446.0,17305805265.0,0.54,0.0,-7.43,-9.22
1319,001311,多利科技,27.18,1.08,0.29,2811.0,7620800.0,0.93,27.2,26.95,26.97,26.89,1.6,0.46,17.04,1.44,6492033618.0,1648501899.0,0.04,-0.04,-5.06,5.39
1320,603268,*ST松发,39.32,1.08,0.42,1312.0,5169234.0,1.9,39.6,38.86,38.91,38.9,1.61,0.11,-405.9,4.53,33881938269.0,4882317216.0,0.03,-0.03,2.16,-0.86
1321,002322,理工能科,12.14,1.08,0.13,7636.0,9248670.26,1.17,12.16,12.02,12.02,12.01,2.38,0.21,35.4,1.64,4602856356.0,4431338903.0,0.08,0.25,-10.47,-0.82
1322,301055,张小泉,20.66,1.08,0.22,11882.0,24525298.0,3.13,20.95,20.31,20.38,20.44,2.61,0.76,62.04,4.98,3222960000.0,3222960000.0,-0.86,-1.2,43.77,30.51
1323,600858,银座股份,5.62,1.08,0.06,28728.0,16024229.0,1.98,5.63,5.52,5.56,5.56,2.08,0.56,10.11,1.08,2922774230.0,2908619923.0,0.18,0.0,12.18,1.63
1324,605398,新炬网络,28.08,1.08,0.3,4456.0,12471831.0,1.51,28.18,27.76,28.11,27.78,1.7,0.27,209.16,4.44,4569075922.0,4569075922.0,0.11,0.21,-20.32,29.28
1325,603719,XD良品铺,13.2,1.07,0.14,23662.0,31205248.0,2.6,13.36,13.02,13.1,13.06,1.51,0.59,-36.61,2.51,5293200000.0,5293200000.0,0.08,0.0,6.45,-5.44
1326,603177,德创环保,8.53,1.07,0.09,6672.0,5667280.0,1.3,8.55,8.44,8.51,8.44,2.29,0.33,40.13,4.53,1758493620.0,1741757760.0,-0.12,0.12,5.44,15.9
1327,002802,洪汇新材,14.15,1.07,0.15,6154.0,8679819.71,2.07,14.26,13.97,13.97,14.0,2.55,0.34,56.65,4.04,2579573159.0,2574491681.0,0.14,0.35,14.85,19.41
1328,002879,长缆科技,15.16,1.07,0.16,5077.0,7702281.0,1.6,15.25,15.01,15.07,15.0,1.3,0.37,297.84,1.73,2927511822.0,2090321516.0,0.0,0.26,-17.47,2.09
1329,002092,中泰化学,4.73,1.07,0.05,66032.0,31162147.5,1.71,4.74,4.66,4.67,4.68,2.85,0.26,-34.11,0.56,12250792315.0,12182667071.0,0.0,-0.21,4.19,9.74
1330,001301,尚太科技,45.4,1.07,0.48,7597.0,34433345.32,1.51,45.52,44.84,45.0,44.92,1.63,0.47,12.37,1.89,11842015690.0,7327395425.0,0.04,-0.15,-19.49,-32.99
1331,301326,捷邦科技,66.2,1.07,0.7,4187.0,27352941.68,2.6,66.2,64.5,65.51,65.5,1.34,1.56,-106.26,3.79,4779165214.0,1779149362.0,0.7,0.72,-6.13,-9.44
1332,300908,仲景食品,30.29,1.07,0.32,3419.0,10315668.53,1.43,30.33,29.9,29.9,29.97,1.82,0.28,22.83,2.67,4422340000.0,3743285119.0,0.03,0.53,5.06,1.17
1333,300112,万讯自控,8.52,1.07,0.09,11284.0,9580599.0,1.3,8.53,8.42,8.43,8.43,1.24,0.47,-82.3,2.47,2487378216.0,2024710402.0,0.0,0.24,-13.15,-5.44
1334,301132,满坤科技,27.49,1.07,0.29,4449.0,12201534.0,2.39,27.6,26.95,27.42,27.2,3.37,0.97,36.1,2.26,4070890985.0,1264735921.0,-0.11,-0.18,-2.17,-0.04
1335,300727,润禾材料,27.42,1.07,0.29,6895.0,18849208.0,1.62,27.49,27.05,27.12,27.13,3.16,0.43,51.14,4.05,4931962819.0,4436370778.0,-0.07,-0.11,-12.06,6.61
1336,301278,快可电子,32.11,1.07,0.34,1203.0,3851118.0,1.13,32.14,31.78,31.84,31.77,1.4,0.34,69.95,1.98,2882840392.0,1125691862.0,0.06,0.09,-8.88,-8.13
1337,300228,富瑞特装,7.53,1.07,0.08,47801.0,35968413.0,1.61,7.57,7.45,7.45,7.45,2.06,0.87,21.96,1.99,4411537464.0,4141434481.0,0.13,0.0,1.76,6.81
1338,002378,章源钨业,8.49,1.07,0.09,211407.0,179096309.1,3.33,8.57,8.29,8.3,8.4,3.5,1.77,59.9,4.88,10200035984.0,10146310568.0,-0.35,0.47,28.05,31.22
1339,002237,恒邦股份,11.36,1.07,0.12,79999.0,90331734.36,2.22,11.4,11.15,11.15,11.24,5.11,0.88,20.85,1.39,13042114437.0,10342814853.0,-0.09,-0.18,9.13,12.48
1340,600019,宝钢股份,6.65,1.06,0.07,248699.0,165218798.0,1.22,6.67,6.59,6.61,6.58,3.73,0.11,14.96,0.72,145692482593.0,144850863581.0,0.0,-0.15,-9.52,-5.0
1341,688291,金橙子,22.8,1.06,0.24,1619.0,3677185.0,1.73,22.88,22.49,22.88,22.56,1.64,0.48,48.9,2.52,2340800760.0,767600760.0,0.04,0.26,2.15,18.63
1342,300509,新美星,8.6,1.06,0.09,43766.0,37325759.4,2.82,8.68,8.44,8.52,8.51,1.3,1.77,30.11,4.21,2549040000.0,2125090298.0,0.35,1.42,-10.88,24.1
1343,300428,立中集团,17.14,1.06,0.18,6688.0,11424681.5,1.47,17.19,16.94,16.96,16.96,1.53,0.12,16.92,1.49,10960974364.0,9549461615.0,0.06,0.06,-5.36,5.15
1344,300227,光韵达,8.56,1.06,0.09,36900.0,31444004.6,1.53,8.58,8.45,8.48,8.47,2.67,0.89,6709.62,2.77,4233616707.0,3531731272.0,0.35,0.35,-1.61,2.76
1345,601168,西部矿业,16.16,1.06,0.17,86320.0,139176033.0,1.5,16.22,15.98,15.98,15.99,3.87,0.36,11.92,2.15,38509280000.0,38509280000.0,-0.06,-0.06,-1.16,0.56
1346,001256,炜冈科技,20.92,1.06,0.22,4299.0,8897531.0,1.93,20.92,20.52,20.66,20.7,2.11,1.12,28.52,2.6,2983454713.0,804881938.0,0.38,0.82,5.39,33.25
1347,688111,金山办公,282.2,1.06,2.97,7653.0,216260762.0,2.44,285.0,278.18,280.3,279.23,2.91,0.17,81.04,11.08,130566603929.0,130566603929.0,-0.19,-0.17,-20.62,-1.46
1348,833346,威贸电子,28.73,1.06,0.3,5704.0,16309468.71,1.97,28.78,28.22,28.43,28.43,1.4,1.29,52.65,5.02,2317867534.0,1274424532.0,0.52,0.56,-11.11,23.62
1349,301255,通力科技,40.93,1.06,0.43,2768.0,11289093.0,1.48,41.1,40.5,40.5,40.5,1.46,1.02,104.69,4.24,4453184000.0,1113296000.0,0.15,0.37,-16.98,24.41
1350,300560,中富通,12.41,1.06,0.13,10035.0,12375207.0,1.55,12.44,12.25,12.3,12.28,1.6,0.54,92.92,2.97,2851118349.0,2320232982.0,0.24,0.24,-13.7,-19.83
1351,000819,岳阳兴长,14.32,1.06,0.15,3680.0,5239073.5,1.48,14.36,14.15,14.15,14.17,1.84,0.11,97.26,2.44,5294068286.0,4994854993.0,0.7,0.7,-9.71,-14.41
1352,605100,华丰股份,19.08,1.06,0.2,11028.0,20975942.0,1.96,19.2,18.83,18.98,18.88,2.8,0.65,70.11,1.8,3265198560.0,3242302560.0,0.16,0.79,-24.04,29.09
1353,300992,泰福泵业,23.78,1.06,0.25,3104.0,7379232.0,1.32,23.91,23.6,23.7,23.53,1.84,0.4,26.13,2.63,2279688558.0,1838985708.0,0.0,0.25,-2.74,-11.27
1354,301568,思泰克,33.45,1.06,0.35,2883.0,9605300.0,1.21,33.5,33.1,33.13,33.1,1.81,0.61,47.1,3.59,3453993480.0,1593692469.0,-0.03,0.12,-21.16,0.03
1355,300928,华安鑫创,34.36,1.06,0.36,2909.0,9936120.0,1.74,34.45,33.86,34.05,34.0,2.01,0.55,-31.03,2.43,2748800000.0,1821530219.0,-0.12,0.38,-2.77,4.47
1356,300953,震裕科技,98.79,1.06,1.04,8799.0,86216494.46,1.98,98.94,97.0,98.0,97.75,1.76,0.71,58.8,4.44,17137865045.0,12324407551.0,0.83,1.09,-5.79,97.98
1357,603201,常润股份,18.04,1.06,0.19,2819.0,5055473.0,2.02,18.06,17.7,17.87,17.85,1.92,0.44,13.72,1.69,2856912447.0,1168258403.0,0.22,0.61,-5.45,6.68
1358,873833,美心翼申,20.89,1.06,0.22,3304.0,6878930.06,1.79,20.98,20.61,20.89,20.67,1.23,0.53,40.32,2.78,1720500400.0,1304930408.0,-0.33,-0.1,38.62,83.25
1359,600330,天通股份,6.71,1.05,0.07,22881.0,15290956.0,1.05,6.71,6.64,6.65,6.64,2.23,0.19,43.14,1.03,8276344931.0,8276344931.0,0.0,0.15,-6.55,-5.23
1360,836422,润普食品,14.48,1.05,0.15,2676.0,3847551.76,1.95,14.5,14.22,14.41,14.33,1.13,0.4,162.99,3.1,1281229641.0,958904841.0,0.21,0.28,14.2,49.12
1361,688665,四方光电,42.18,1.05,0.44,1785.0,7518755.0,2.25,42.44,41.5,41.5,41.74,1.03,0.18,32.23,3.96,4222218000.0,4222218000.0,0.31,0.21,4.54,29.43
1362,300690,双一科技,23.2,1.05,0.24,8301.0,19291056.0,1.79,23.39,22.98,22.98,22.96,2.28,0.76,31.68,2.55,3836094921.0,2539957646.0,-0.17,-0.09,-2.44,2.61
1363,300390,天华新能,17.36,1.05,0.18,20685.0,35881048.2,1.86,17.44,17.12,17.19,17.18,2.47,0.31,1106.39,1.33,14421833680.0,11666056311.0,-0.06,0.06,-25.59,-22.67
1364,300477,ST合纵,1.92,1.05,0.02,116921.0,22512004.19,2.11,1.94,1.9,1.9,1.9,3.68,1.25,-16.16,1.89,2058275879.0,1796117969.0,-0.52,-0.52,-36.42,-32.39
1365,688399,硕世生物,71.06,1.05,0.74,1091.0,7705805.0,2.22,71.13,69.57,69.72,70.32,2.83,0.19,78.53,1.23,4026976027.0,4026976027.0,0.37,0.85,6.55,8.13
1366,301097,天益医疗,38.42,1.05,0.4,882.0,3375883.0,1.58,38.49,37.89,38.02,38.02,2.58,0.48,116.11,1.94,2264757879.0,704905879.0,-0.05,0.31,-1.39,6.4
1367,002306,*ST云网,1.92,1.05,0.02,104599.0,19936245.0,3.68,1.94,1.87,1.9,1.9,2.52,1.29,-64.95,-68.45,1669944000.0,1562803943.0,-0.52,0.0,-25.29,-33.33
1368,873693,阿为特,42.44,1.05,0.44,1454.0,6152851.7,2.36,42.7,41.71,42.09,42.0,1.96,0.4,159.95,8.72,3085388000.0,1553728400.0,-0.16,-0.35,-12.94,19.68
1369,688166,博瑞医药,50.91,1.05,0.53,15733.0,79460975.0,2.88,51.05,49.6,50.39,50.38,1.49,0.37,414.9,8.83,21507923060.0,21507923060.0,-0.06,0.39,44.06,68.58
1370,002927,泰永长征,14.5,1.05,0.15,17466.0,25245511.69,1.25,14.53,14.35,14.45,14.35,1.37,0.79,59.68,3.15,3236286610.0,3199317700.0,0.0,0.35,-1.49,-1.96
1371,688776,国光电气,101.98,1.05,1.06,12377.0,126836490.0,3.91,104.45,100.5,102.0,100.92,2.16,1.14,1304.82,5.97,11052941070.0,11052941070.0,-0.07,-1.87,53.84,116.29
1372,872931,无锡鼎邦,17.53,1.04,0.18,4252.0,7419149.89,2.82,17.69,17.2,17.38,17.35,1.56,1.48,49.59,4.12,1646592900.0,504439774.0,-0.4,0.46,4.59,65.07
1373,000758,中色股份,4.86,1.04,0.05,62560.0,30354565.0,1.25,4.88,4.82,4.83,4.81,4.09,0.32,9.77,1.63,9679526260.0,9604178016.0,0.0,0.0,-1.62,-1.62
1374,836957,汉维科技,15.5,1.04,0.16,1204.0,1856847.32,2.35,15.66,15.3,15.66,15.34,1.07,0.28,499.39,4.17,1663170677.0,661923377.0,0.98,0.85,11.27,56.88
1375,688249,晶合集成,20.34,1.04,0.21,13244.0,26880762.0,1.14,20.37,20.14,20.28,20.13,2.03,0.11,75.3,1.94,40804789093.0,24138732897.0,0.05,0.05,-13.37,-12.85
1376,002767,先锋电子,16.56,1.04,0.17,7900.0,13025939.0,1.46,16.63,16.39,16.41,16.39,1.37,0.61,216.7,2.96,2484000000.0,2155819236.0,0.18,0.12,0.73,24.6
1377,603533,掌阅科技,19.37,1.04,0.2,14844.0,28736587.0,1.67,19.45,19.13,19.15,19.17,2.02,0.34,-28.61,3.45,8501431694.0,8501431694.0,-0.05,-0.05,-4.01,-4.63
1378,002441,众业达,8.76,1.04,0.09,13778.0,12027779.0,1.27,8.78,8.67,8.67,8.67,1.76,0.35,12.01,1.02,4770202015.0,3495938426.0,0.11,0.34,-5.6,12.6
1379,300840,酷特智能,21.6,1.03,0.22,30355.0,65364576.0,2.2,21.74,21.27,21.54,21.38,1.49,1.71,84.22,4.06,5184000000.0,3825038916.0,0.0,-0.23,-0.09,7.89
1380,300849,锦盛新材,15.66,1.03,0.16,11129.0,17386808.0,2.45,15.83,15.45,15.56,15.5,2.88,0.92,-153.07,3.95,2349000000.0,1902189240.0,0.0,0.19,10.2,11.46
1381,002045,国光电器,15.75,1.03,0.16,71160.0,112021363.0,2.76,15.93,15.5,15.59,15.59,1.42,1.27,68.27,1.98,8859109329.0,8848867892.0,-0.13,-0.25,-10.0,-27.39
1382,600361,创新新材,3.92,1.03,0.04,62762.0,24506766.0,1.29,3.92,3.87,3.88,3.88,2.64,0.43,19.45,1.46,16101148669.0,5759506428.0,0.51,0.26,2.62,1.55
1383,301365,矩阵股份,16.65,1.03,0.17,6645.0,11090377.0,2.79,16.89,16.43,16.66,16.48,3.18,1.43,194.15,1.75,2997000000.0,771727500.0,-0.36,0.06,8.47,13.42
1384,002225,濮耐股份,4.92,1.03,0.05,22240.0,10888299.04,1.64,4.93,4.85,4.89,4.87,1.63,0.27,22.65,1.45,4971323516.0,4061743131.0,-0.2,0.2,-16.47,-1.01
1385,002020,京新药业,13.71,1.03,0.14,38568.0,52371898.47,1.84,13.72,13.47,13.54,13.57,3.11,0.53,18.07,2.18,11804709509.0,9925605873.0,0.29,0.66,9.16,9.94
1386,002905,金逸影视,8.84,1.03,0.09,15057.0,13271422.0,2.17,8.89,8.7,8.79,8.75,2.83,0.43,7.81,18.27,3326668800.0,3089049600.0,-0.11,0.57,23.12,12.18
1387,002072,凯瑞德,4.91,1.03,0.05,7667.0,3748160.12,1.23,4.92,4.86,4.87,4.86,1.32,0.24,-176.76,36.94,1805308800.0,1543511774.0,0.2,0.2,1.45,16.63
1388,002715,登云股份,17.66,1.03,0.18,9236.0,16275621.0,2.0,17.75,17.4,17.4,17.48,1.85,0.67,1979.22,5.09,2437080000.0,2437080000.0,0.06,0.11,21.63,18.92
1389,688021,奥福科技,13.77,1.03,0.14,2673.0,3670233.0,2.05,13.83,13.55,13.7,13.63,2.2,0.35,-80.45,1.23,1052216883.0,1052216883.0,-0.43,0.0,21.21,31.9
1390,003008,开普检测,20.53,1.03,0.21,2073.0,4240406.6,1.08,20.54,20.32,20.43,20.32,1.79,0.27,32.87,2.05,2135120000.0,1598226112.0,0.0,0.0,1.94,18.88
1391,000777,中核科技,19.67,1.03,0.2,90776.0,178845080.6,2.11,19.94,19.53,19.87,19.47,1.75,2.37,1043.74,3.39,7541824054.0,7541690967.0,-0.3,0.15,6.5,8.85
1392,002946,新乳业,20.59,1.03,0.21,37564.0,76528682.0,4.27,20.87,20.0,20.1,20.38,2.31,0.44,33.25,5.59,17721275930.0,17516030425.0,-0.77,-0.77,39.97,42.2
1393,301113,雅艺科技,20.67,1.03,0.21,6072.0,12465922.4,1.27,20.7,20.44,20.46,20.46,4.1,1.1,190.0,2.74,1880970000.0,1139278002.0,0.44,0.1,11.97,18.45
1394,300517,海波重科,10.76,1.03,0.11,15069.0,15987538.0,2.44,10.77,10.51,10.69,10.65,1.73,1.22,831.33,2.11,2156405542.0,1334473621.0,0.37,1.03,17.85,29.48
1395,002121,科陆电子,4.96,1.02,0.05,92064.0,45619436.85,1.83,4.99,4.9,4.92,4.91,1.24,0.66,30.53,14.43,8237650772.0,6943615124.0,0.2,0.4,5.76,14.02
1396,872374,云里物里,30.56,1.02,0.31,1532.0,4679532.78,1.65,30.75,30.25,30.3,30.25,1.62,0.45,158.83,9.66,2491190080.0,1032618763.0,0.0,-0.1,-24.45,21.37
1397,601688,华泰证券,16.86,1.02,0.17,157115.0,264891430.0,2.28,17.03,16.65,16.7,16.69,4.04,0.22,10.45,0.91,152200316458.0,123191941667.0,-0.12,-0.3,-4.8,-4.15
1398,301636,泽润新能,54.65,1.02,0.55,4292.0,23328710.6,1.16,54.65,54.02,54.19,54.1,2.0,2.83,26.52,3.21,3490376527.0,827461825.0,0.28,0.28,65.31,65.31
1399,301006,迈拓股份,14.81,1.02,0.15,2497.0,3684419.0,1.02,14.82,14.67,14.75,14.66,2.62,0.29,64.15,1.64,2062736800.0,1274935141.0,0.0,0.07,0.54,12.37
1400,688220,翱捷科技-U,77.19,1.02,0.78,11249.0,86389103.0,2.85,77.84,75.66,76.43,76.41,2.4,0.31,-66.04,5.76,32288645622.0,27819905716.0,-0.05,-0.69,-26.9,42.71
1401,600927,永安期货,12.91,1.02,0.13,16453.0,21175072.0,1.8,12.98,12.75,12.87,12.78,5.05,0.11,505.44,1.47,18791222228.0,18791222228.0,-0.15,-0.39,1.89,-2.12
1402,000936,华西股份,6.9,1.02,0.07,23444.0,16129755.72,1.02,6.91,6.84,6.85,6.83,1.91,0.26,27.1,1.17,6113488920.0,6112622625.0,0.15,0.29,-6.88,-15.54
1403,301280,珠城科技,38.57,1.02,0.39,4973.0,19079954.8,1.68,38.64,38.0,38.49,38.18,2.09,1.31,24.46,3.01,5275610000.0,1462676225.0,-0.08,0.13,-11.11,33.41
1404,603036,如通股份,15.85,1.02,0.16,5050.0,7956060.0,2.04,15.9,15.58,15.65,15.69,1.37,0.25,29.56,2.49,3265195496.0,3265195496.0,0.19,0.06,12.81,-5.2
1405,301349,信德新材,32.7,1.02,0.33,2049.0,6664889.0,1.45,32.78,32.31,32.33,32.37,1.43,0.49,114.6,1.24,3335400000.0,1377953573.0,-0.24,0.58,-9.99,1.62
1406,600734,实达集团,3.96,1.02,0.04,154630.0,61267068.0,2.04,3.99,3.91,3.91,3.92,4.19,0.71,-109.83,22.8,8626080300.0,8586975363.0,0.0,-0.25,-20.8,9.7
1407,603355,莱克电气,21.75,1.02,0.22,3538.0,7668758.0,1.25,21.78,21.51,21.63,21.53,1.77,0.06,13.68,2.46,12473958515.0,12422278775.0,0.05,-0.09,-13.21,-3.97
1408,000837,秦川机床,11.93,1.02,0.12,51110.0,60723673.0,1.19,11.94,11.8,11.81,11.81,1.62,0.51,110.68,2.49,12168669635.0,12018297950.0,0.08,-0.08,-3.32,33.0
1409,838163,方大新材,17.8,1.02,0.18,4793.0,8488282.68,2.55,17.97,17.52,17.67,17.62,1.34,0.78,48.48,4.81,2291129848.0,1092518343.0,-0.28,0.51,14.18,27.23
1410,688181,八亿时空,29.94,1.01,0.3,9014.0,27131450.0,3.0,30.4,29.51,29.51,29.64,2.3,0.67,41.87,1.95,4026377487.0,4026377487.0,-0.13,0.1,-4.38,-9.0
1411,002660,茂硕电源,8.98,1.01,0.09,13274.0,11867457.0,1.35,8.99,8.87,8.87,8.89,1.67,0.52,1338.92,2.47,3202501651.0,2308622752.0,0.11,0.0,-17.92,-12.98
1412,688618,三旺通信,21.95,1.01,0.22,2193.0,4806430.0,2.72,22.2,21.61,21.61,21.73,1.82,0.2,75.96,2.79,2422509138.0,2415550264.0,-0.05,-0.14,-9.15,4.47
1413,603618,杭电股份,5.99,1.01,0.06,27787.0,16611736.0,1.52,6.01,5.92,5.93,5.93,2.16,0.4,48.66,1.37,4141339940.0,4141339940.0,-0.17,0.17,-18.06,11.55
1414,002865,钧达股份,37.87,1.01,0.38,9191.0,34755595.0,1.31,38.04,37.55,37.71,37.49,1.96,0.41,-26.16,2.93,11080158049.0,8515667505.0,-0.03,0.16,-33.16,-25.89
1415,603321,梅轮电梯,8.01,1.01,0.08,12165.0,9672424.0,1.64,8.02,7.89,7.93,7.93,1.23,0.4,143.48,1.99,2459070000.0,2423145150.0,0.13,0.63,7.37,14.43
1416,002056,横店东磁,12.94,1.01,0.13,46507.0,59992053.0,1.25,12.98,12.82,12.85,12.81,2.58,0.29,11.49,2.15,21049654238.0,21028250636.0,0.08,0.23,2.45,3.44
1417,605365,立达信,15.04,1.01,0.15,4044.0,6066483.0,1.14,15.07,14.9,14.9,14.89,2.05,0.08,27.44,2.08,7550273655.0,7550273655.0,0.0,-0.07,-6.0,-4.2
1418,688060,云涌科技,35.13,1.01,0.35,598.0,2092098.0,1.81,35.28,34.65,34.65,34.78,1.85,0.1,-83.07,2.33,2114500275.0,2114500275.0,-0.28,0.0,-11.4,-1.07
1419,430418,苏轴股份,31.85,1.01,0.32,4979.0,15752630.55,1.55,31.87,31.38,31.52,31.53,1.59,0.32,37.06,6.43,5175293760.0,4968482442.0,0.57,0.31,-19.51,69.78
1420,002763,汇洁股份,6.97,1.01,0.07,12158.0,8459324.0,1.16,6.99,6.91,6.92,6.9,2.46,0.4,9.27,1.47,2857170280.0,2115798912.0,-0.14,0.14,5.61,7.4
1421,000655,金岭矿业,7.0,1.01,0.07,14094.0,9827501.0,1.44,7.02,6.92,6.94,6.93,2.33,0.24,21.22,1.22,4167381610.0,4167381610.0,0.14,0.0,11.29,13.82
1422,873570,DR坤博精,40.3,1.0,0.4,11794.0,48282306.52,4.86,42.0,40.06,41.99,39.9,6.46,4.79,176.58,5.94,2021843786.0,992535482.0,-0.52,-0.15,10.56,48.38
1423,600408,安泰集团,2.02,1.0,0.02,39289.0,7894937.0,2.0,2.03,1.99,2.02,2.0,1.92,0.39,-8.82,1.4,2033736000.0,2033736000.0,0.5,1.0,12.85,-1.46
1424,603191,望变电气,12.16,1.0,0.12,8614.0,10427521.0,1.41,12.18,12.01,12.02,12.04,2.48,0.26,69.87,1.67,4051315669.0,4013254869.0,0.25,0.5,-6.25,-3.42
1425,688466,金科环境,17.16,1.0,0.17,1026.0,1752576.0,1.94,17.23,16.9,17.05,16.99,1.62,0.08,45.69,1.88,2112722469.0,2112722469.0,-0.06,0.18,5.02,30.59
1426,300731,科创新源,27.18,1.0,0.27,20521.0,55053675.2,2.71,27.24,26.51,26.68,26.91,2.81,1.71,85.25,5.71,3436416433.0,3265895500.0,0.3,0.78,15.81,25.78
1427,605158,华达新材,8.08,1.0,0.08,8792.0,7082913.0,1.5,8.1,7.98,7.98,8.0,2.81,0.17,26.49,1.62,4132273600.0,4132273600.0,-0.12,0.12,-9.82,-36.63
1428,002170,芭田股份,10.1,1.0,0.1,47994.0,48597766.0,2.4,10.25,10.01,10.02,10.0,2.26,0.67,14.25,2.87,9732136073.0,7198266748.0,-0.2,0.0,7.33,15.69
1429,300543,朗科智能,10.14,1.0,0.1,13021.0,13141467.44,1.29,10.15,10.02,10.04,10.04,1.74,0.52,77.82,2.12,3106605327.0,2529693048.0,0.1,0.0,-25.88,-3.24
1430,837242,建邦科技,35.44,1.0,0.35,1529.0,5397348.65,2.17,35.56,34.8,35.09,35.09,1.01,0.42,31.21,3.81,2333307580.0,1297785334.0,-0.23,0.31,1.32,48.1
1431,301488,豪恩汽电,70.0,1.0,0.69,5149.0,35949869.0,1.82,70.58,69.32,69.85,69.31,1.02,2.2,87.41,5.01,6440000000.0,1638787500.0,0.46,0.73,-1.73,26.61
1432,301158,德石股份,16.09,1.0,0.16,6237.0,9995865.0,0.88,16.09,15.95,16.02,15.93,1.87,0.43,33.07,1.84,2419461506.0,2357513735.0,0.25,0.31,10.97,16.26
1433,300896,爱美客,175.72,1.0,1.74,8208.0,143680416.12,1.85,176.51,173.3,174.5,173.98,4.42,0.39,29.96,7.49,53171476959.0,36653710856.0,0.78,0.54,6.91,-1.67
1434,300787,海能实业,12.12,1.0,0.12,6563.0,7933010.8,1.42,12.16,11.99,11.99,12.0,1.79,0.34,48.41,2.63,3798804906.0,2314418087.0,-0.16,0.08,10.18,9.98
1435,603127,昭衍新药,19.28,1.0,0.19,113496.0,215697034.0,2.99,19.36,18.79,19.0,19.09,2.62,1.8,87.85,1.78,14449923000.0,12155695428.0,1.21,1.37,-7.66,15.94
1436,603097,江苏华辰,23.14,1.0,0.23,2248.0,5186998.0,1.05,23.15,22.91,22.98,22.91,1.87,0.14,46.03,3.76,3805025900.0,3702400000.0,0.13,0.17,-1.07,-1.62
1437,600487,亨通光电,15.18,1.0,0.15,47248.0,71621955.0,0.73,15.2,15.09,15.11,15.03,1.81,0.19,16.81,1.28,37445032093.0,37117849478.0,0.0,-0.07,-4.17,-11.85
1438,603598,引力传媒,16.13,1.0,0.16,12166.0,19506895.0,2.19,16.19,15.84,16.05,15.97,1.93,0.45,143.52,22.52,4330306577.0,4320628577.0,0.06,0.19,-13.09,-4.5
1439,300610,晨化股份,11.13,1.0,0.11,7186.0,7947279.0,1.45,11.16,11.0,11.0,11.02,1.68,0.45,22.14,2.02,2393038817.0,1794574176.0,0.09,0.36,8.59,11.3
1440,600742,一汽富维,10.13,1.0,0.1,28169.0,28640973.0,1.69,10.24,10.07,10.1,10.03,3.8,0.38,19.01,0.88,7527176324.0,7527176324.0,-0.3,-0.3,8.11,15.77
1441,600392,盛和资源,12.12,1.0,0.12,259448.0,315415855.0,3.75,12.32,11.87,11.9,12.0,6.28,1.48,31.55,2.2,21244258028.0,21244258028.0,-0.25,0.0,7.73,17.9
1442,605081,*ST太和,14.1,1.0,0.14,11270.0,15722566.0,2.29,14.1,13.78,13.78,13.96,2.09,1.0,-68.67,1.65,1596783715.0,1596783715.0,0.79,0.71,48.42,34.54
1443,000923,河钢资源,13.15,1.0,0.13,20467.0,26859943.0,1.0,13.17,13.04,13.05,13.02,4.78,0.33,17.05,0.86,8583385837.0,8256828836.0,0.0,0.0,-3.1,-5.4
1444,300454,深信服,91.06,0.99,0.89,9545.0,87149151.0,2.55,92.5,90.2,91.24,90.17,2.17,0.34,-38.47,4.32,38416510723.0,25335481655.0,-0.11,-0.23,-16.75,58.64
1445,600961,株冶集团,10.22,0.99,0.1,43373.0,44121650.0,1.98,10.26,10.06,10.06,10.12,3.17,0.58,9.9,3.52,10964759025.0,7683522708.0,-0.29,0.0,25.55,29.86
1446,600235,民丰特纸,6.12,0.99,0.06,11722.0,7134642.0,1.32,6.13,6.05,6.09,6.06,1.75,0.33,105.34,1.43,2149956000.0,2149956000.0,0.49,0.66,4.26,8.32
1447,002455,百川股份,7.14,0.99,0.07,16172.0,11516111.0,0.99,7.15,7.08,7.08,7.07,1.45,0.31,25.13,2.35,4242977787.0,3707305877.0,0.0,0.14,-9.73,-3.64
1448,300066,三川智慧,4.08,0.99,0.04,25104.0,10225694.0,1.24,4.09,4.04,4.05,4.04,2.02,0.25,65.04,1.71,4243335709.0,4104114220.0,-0.24,-0.24,-7.69,3.55
1449,600722,金牛化工,5.11,0.99,0.05,17661.0,8990246.0,1.38,5.12,5.05,5.05,5.06,2.15,0.26,64.81,2.87,3476433544.0,3476433544.0,0.2,0.39,-7.59,9.19
1450,688133,泰坦科技,22.48,0.99,0.22,5823.0,12997465.0,2.7,22.6,22.0,22.26,22.26,2.15,0.35,180.15,1.32,3696543243.0,3696543243.0,0.36,0.22,-7.15,23.25
1451,688033,天宜上佳,6.1,0.99,0.06,16585.0,10088495.0,1.16,6.11,6.04,6.04,6.04,1.58,0.3,-9.6,0.96,3429411436.0,3429411436.0,0.16,0.16,-0.49,6.09
1452,002424,ST百灵,4.07,0.99,0.04,72899.0,29674897.0,1.24,4.09,4.04,4.04,4.03,5.02,0.6,58.84,1.77,5688225488.0,4937783064.0,-0.25,-0.25,5.99,5.71
1453,301390,经纬股份,33.78,0.99,0.33,1213.0,4089701.0,1.35,33.83,33.38,33.73,33.45,2.1,0.42,321.53,2.11,2026800000.0,981333659.0,-0.03,-0.06,-6.76,0.33
1454,871553,凯腾精工,10.2,0.99,0.1,3584.0,3646475.18,1.78,10.28,10.1,10.28,10.1,1.44,0.39,-177.97,4.44,1465642692.0,937025224.0,0.2,0.0,11.96,48.47
1455,688255,凯尔达,32.64,0.99,0.32,3508.0,11369315.0,1.95,32.64,32.01,32.57,32.32,1.72,0.32,179.99,3.39,3585793517.0,3585793517.0,0.25,0.21,-22.12,22.2
1456,603085,天成自控,11.21,0.99,0.11,10924.0,12215288.0,1.17,11.25,11.12,11.15,11.1,1.34,0.3,53.2,5.11,4451491000.0,4150227115.0,0.18,0.18,-14.82,3.32
1457,688545,兴福电子,26.64,0.99,0.26,3760.0,9991608.0,0.49,26.64,26.51,26.53,26.38,1.98,0.55,45.02,3.42,9590400000.0,1822797351.0,0.3,0.45,-4.86,132.06
1458,002444,巨星科技,23.56,0.99,0.23,20318.0,47717382.0,1.03,23.59,23.35,23.42,23.33,0.95,0.18,15.27,1.66,28141905968.0,26933047551.0,0.08,0.08,-19.18,-27.17
1459,833575,康乐卫士,18.38,0.99,0.18,16233.0,30042051.59,3.96,18.8,18.08,18.4,18.2,3.09,0.86,-18.35,10.7,5163677200.0,3453600566.0,0.22,-0.05,3.55,11.19
1460,600989,宝丰能源,16.27,0.99,0.16,31827.0,51632735.0,1.06,16.28,16.11,16.12,16.11,1.55,0.04,12.24,2.81,119313767200.0,119313767200.0,0.06,0.12,-1.75,-0.97
1461,603313,梦百合,8.27,0.98,0.08,32654.0,27016610.0,2.08,8.35,8.18,8.19,8.19,1.86,0.57,20.09,1.28,4718753539.0,4718753539.0,0.12,0.24,33.82,23.43
1462,003032,*ST传智,6.18,0.98,0.06,15855.0,9782924.0,1.14,6.2,6.13,6.16,6.12,2.51,0.58,-115.93,1.98,2487125550.0,1695553359.0,0.0,0.0,-27.72,-36.29
1463,300968,格林精密,13.35,0.98,0.13,9831.0,13070514.0,1.44,13.37,13.18,13.23,13.22,2.13,0.24,-122.76,2.95,5518623000.0,5518623000.0,0.07,0.23,-29.59,-18.99
1464,003022,联泓新科,15.4,0.98,0.15,9100.0,13943863.0,1.44,15.42,15.2,15.2,15.25,1.8,0.07,72.01,2.84,20567747200.0,20567747200.0,-0.06,0.2,1.38,12.33
1465,600143,金发科技,10.3,0.98,0.1,35330.0,36253330.0,1.27,10.33,10.2,10.2,10.2,1.6,0.14,27.53,1.49,27157110779.0,26751423330.0,0.0,-0.19,-15.99,19.21
1466,002356,赫美集团,3.1,0.98,0.03,29572.0,9143794.0,1.3,3.11,3.07,3.08,3.07,1.64,0.23,-180.43,7.33,4064889015.0,4064889015.0,0.32,0.32,1.64,-5.78
1467,872190,雷神科技,35.04,0.98,0.34,6922.0,24290617.23,1.3,35.29,34.84,34.99,34.7,1.14,0.7,92.27,4.12,3504000035.0,3457573787.0,-0.31,-0.11,-13.99,20.33
1468,002205,国统股份,10.26,0.98,0.1,10716.0,10934211.2,1.77,10.3,10.12,10.19,10.16,2.11,0.58,-15.12,5.46,1906751519.0,1906751519.0,0.29,0.29,8.34,15.15
1469,833533,骏创科技,38.18,0.98,0.37,4556.0,17352162.2,1.98,38.55,37.8,38.16,37.81,1.45,0.94,127.91,14.57,4992314783.0,1844300516.0,0.47,0.34,-19.42,123.54
1470,836871,派特尔,15.53,0.98,0.15,1187.0,1838420.81,1.95,15.63,15.33,15.36,15.38,1.42,0.27,94.37,5.26,1319826011.0,686235493.0,-0.06,0.0,1.11,56.55
1471,300506,ST名家汇,4.12,0.98,0.04,31397.0,13015037.0,2.7,4.18,4.07,4.16,4.08,1.68,0.55,-43.06,35.91,2865857864.0,2371988854.0,0.0,-0.48,28.75,27.95
1472,600104,上汽集团,15.41,0.98,0.15,100139.0,154357369.0,1.18,15.49,15.31,15.4,15.26,2.29,0.09,14.75,0.61,178375364447.0,178375364447.0,0.06,0.2,-6.15,-25.77
1473,600051,宁波联合,7.23,0.98,0.07,16338.0,11775093.0,1.12,7.25,7.17,7.21,7.16,1.93,0.53,40.26,0.66,2247662400.0,2247662400.0,0.0,0.14,6.95,10.55
1474,688222,成都先导,17.51,0.98,0.17,57153.0,99904751.0,3.75,17.8,17.15,17.36,17.34,2.99,1.43,62.01,4.92,7015906800.0,7015906800.0,0.06,0.34,5.04,42.13
1475,002937,兴瑞科技,16.5,0.98,0.16,5485.0,9045468.48,0.86,16.54,16.4,16.5,16.34,1.65,0.18,30.57,3.33,4913326985.0,4899714155.0,0.06,0.12,-22.64,-0.6
1476,600137,浪莎股份,18.5,0.98,0.18,16473.0,30444704.0,2.46,18.65,18.2,18.4,18.32,1.46,1.69,48.27,3.27,1798525378.0,1798525378.0,-0.05,-0.11,14.48,31.67
1477,002993,奥海科技,37.15,0.98,0.36,2741.0,10137847.0,0.98,37.15,36.79,36.79,36.79,1.22,0.11,20.55,2.15,10254886000.0,8858303561.0,0.22,0.32,-11.65,-7.38
1478,300916,朗特智能,27.06,0.97,0.26,1651.0,4439734.5,1.16,27.06,26.75,26.8,26.8,2.13,0.18,32.33,2.99,3914066829.0,2498663330.0,0.11,0.59,-17.07,-8.58
1479,601717,郑煤机,16.63,0.97,0.16,46298.0,77009368.0,1.28,16.7,16.49,16.49,16.47,2.26,0.3,6.82,1.32,29691200836.0,25646216090.0,-0.06,-0.06,16.38,28.12
1480,301299,卓创资讯,57.52,0.97,0.55,2180.0,12485076.0,1.56,57.52,56.63,56.86,56.97,2.54,0.61,46.71,5.44,3473089811.0,2047783785.0,0.17,0.19,-18.18,-1.71
1481,600410,华胜天成,9.37,0.97,0.09,102440.0,95527260.0,1.29,9.38,9.26,9.28,9.28,1.23,0.93,17.34,2.26,10274155180.0,10274155180.0,0.21,0.0,-0.32,29.42
1482,300343,ST联创,4.18,0.97,0.04,27250.0,11339630.0,1.69,4.19,4.12,4.12,4.14,2.12,0.26,222.68,2.28,4468290917.0,4456797046.0,-0.24,0.24,-34.59,-27.56
1483,301509,金凯生科,39.38,0.97,0.38,27835.0,107443494.6,3.18,39.44,38.2,38.62,39.0,2.23,4.91,25.01,2.21,4743189825.0,2234457745.0,0.2,1.49,56.83,54.55
1484,603919,金徽酒,18.65,0.97,0.18,6581.0,12246924.0,1.73,18.74,18.42,18.46,18.47,1.74,0.13,10.12,2.86,9460398944.0,9460398944.0,0.0,0.0,3.9,-2.41
1485,688613,奥精医疗,18.72,0.97,0.18,4128.0,7679594.0,1.62,18.78,18.48,18.7,18.54,0.87,0.3,615.64,1.8,2564800692.0,2564800692.0,-0.11,0.54,10.57,3.77
1486,002900,哈三联,16.69,0.97,0.16,322123.0,548951306.75,9.74,17.86,16.25,17.01,16.53,8.74,18.61,-45.76,2.55,5280007510.0,2888705951.0,0.24,-0.24,72.6,72.95
1487,601226,华电科工,6.25,0.97,0.06,15997.0,9985184.0,1.29,6.28,6.2,6.22,6.19,1.86,0.14,-22.11,1.73,7285764375.0,7263898125.0,0.0,-0.16,-3.99,-7.54
1488,003028,振邦智能,30.06,0.97,0.29,2255.0,6758685.7,1.28,30.12,29.74,29.74,29.77,1.5,0.32,36.45,2.51,4349676589.0,2120042161.0,-0.03,-0.07,-18.07,10.39
1489,603289,泰瑞机器,9.36,0.97,0.09,9157.0,8551592.0,2.05,9.4,9.21,9.21,9.27,2.07,0.31,38.11,1.96,2745912565.0,2745912565.0,0.0,0.43,-0.95,13.45
1490,003030,祖名股份,19.8,0.97,0.19,6640.0,13026392.0,1.99,19.81,19.42,19.65,19.61,1.16,0.82,-104.44,2.52,2470644000.0,1603497555.0,0.41,0.15,23.44,30.01
1491,002380,科远智慧,23.98,0.97,0.23,8273.0,19749431.0,0.93,23.99,23.77,23.77,23.75,2.05,0.58,23.62,2.51,5754999743.0,3399210322.0,0.04,0.13,-17.65,29.76
1492,832469,富恒新材,14.55,0.97,0.14,5816.0,8413384.58,2.29,14.59,14.26,14.26,14.41,1.4,0.59,86.41,4.34,2050764300.0,1425158692.0,0.34,0.48,-3.0,25.43
1493,600707,彩虹股份,6.23,0.97,0.06,34795.0,21583573.0,1.13,6.24,6.17,6.17,6.17,1.33,0.1,17.34,1.02,22355668030.0,22351182430.0,0.0,0.16,-19.92,-24.21
1494,600497,驰宏锌锗,5.21,0.97,0.05,112123.0,58299289.0,1.16,5.22,5.16,5.16,5.16,4.17,0.22,13.41,1.59,26525629069.0,26525629069.0,0.0,-0.19,-5.62,-6.46
1495,002655,共达电声,12.58,0.96,0.12,13620.0,17067061.0,1.04,12.6,12.47,12.5,12.46,1.33,0.38,51.81,6.58,4528800000.0,4527555524.0,0.08,0.0,-2.25,-0.94
1496,300134,大富科技,11.57,0.96,0.11,12202.0,14070560.0,1.13,11.59,11.46,11.48,11.46,1.17,0.18,-40.2,2.27,8879951929.0,8030251129.0,0.0,-0.09,-22.35,-1.36
1497,833580,科创新材,13.62,0.96,0.13,4728.0,6387290.49,2.45,13.69,13.36,13.54,13.49,1.68,0.85,130.25,3.59,1171320000.0,761406501.0,0.74,0.89,-3.75,43.97
1498,000633,合金投资,6.28,0.96,0.06,24113.0,15106893.0,1.29,6.3,6.22,6.29,6.22,0.94,0.63,355.45,12.68,2418468022.0,2418450124.0,0.0,-0.16,29.75,41.76
1499,002145,中核钛白,4.22,0.96,0.04,33763.0,14190398.7,0.96,4.22,4.18,4.19,4.18,1.0,0.09,29.95,1.32,16064156612.0,15817680545.0,0.24,0.24,-5.17,0.0
1500,600599,*ST熊猫,7.33,0.96,0.07,6813.0,4979129.0,1.65,7.34,7.22,7.22,7.26,1.37,0.41,38.58,11.04,1216780000.0,1216780000.0,0.0,-0.14,-30.59,-46.18
1501,301295,美硕科技,23.06,0.96,0.22,1457.0,3349633.05,1.49,23.1,22.76,22.93,22.84,1.58,0.5,71.02,2.47,2324448000.0,677964000.0,0.0,-0.04,4.68,11.62
1502,300790,宇瞳光学,19.94,0.96,0.19,13466.0,26700629.0,1.11,19.94,19.72,19.72,19.75,1.42,0.45,38.18,3.03,7459932481.0,5923700924.0,0.15,0.3,-24.04,4.45
1503,603380,易德龙,24.21,0.96,0.23,2495.0,6038709.0,2.09,24.48,23.98,23.98,23.98,2.1,0.16,23.25,2.8,3884281452.0,3884281452.0,0.08,0.17,-8.16,-3.12
1504,003027,同兴科技,16.79,0.96,0.16,7108.0,11881338.0,1.32,16.83,16.61,16.61,16.63,1.82,0.68,40.29,1.29,2194842528.0,1760615653.0,-0.18,0.12,6.74,11.64
1505,301045,天禄科技,20.93,0.96,0.2,1920.0,3999067.0,1.16,20.94,20.7,20.82,20.73,1.96,0.29,105.57,2.32,2308963233.0,1407313400.0,0.29,0.29,-8.84,-5.17
1506,600458,时代新材,11.74,0.95,0.11,15674.0,18338268.0,1.03,11.76,11.64,11.69,11.63,2.21,0.19,15.97,1.58,9679021304.0,9498785537.0,-0.09,0.26,-12.39,-8.35
1507,301291,明阳电气,38.38,0.95,0.36,4843.0,18552684.0,1.18,38.47,38.02,38.02,38.02,2.49,0.28,26.68,2.5,11982236000.0,6707718464.0,-0.03,-0.1,-24.69,-12.61
1508,603787,新日股份,11.64,0.95,0.11,5897.0,6836382.0,1.82,11.65,11.44,11.53,11.53,1.96,0.26,22.38,1.75,2678873716.0,2678873716.0,0.09,0.17,10.54,11.71
1509,000969,安泰科技,12.81,0.95,0.12,78125.0,100414171.0,1.02,12.93,12.8,12.82,12.69,1.34,0.76,40.76,2.39,13459698823.0,13240314212.0,-0.31,-0.39,1.03,14.89
1510,688015,XD交控科,20.17,0.95,0.19,1820.0,3663324.0,0.85,20.21,20.04,20.1,19.98,1.73,0.1,53.75,1.51,3805690566.0,3805690566.0,0.0,0.0,-2.65,2.91
1511,688036,传音控股,73.21,0.95,0.69,13652.0,100034681.0,2.45,73.79,72.01,72.03,72.52,2.94,0.12,42.59,4.38,83485065596.0,83485065596.0,-0.07,-0.3,-23.03,-22.94
1512,300801,泰和科技,15.97,0.95,0.15,4669.0,7431261.0,1.26,16.0,15.8,15.9,15.82,1.6,0.34,30.66,1.43,3488327100.0,2185964417.0,-0.19,0.0,-9.42,1.27
1513,000809,和展能源,3.2,0.95,0.03,13661.0,4353329.0,0.95,3.2,3.17,3.18,3.17,1.03,0.17,-45.18,0.98,2639332138.0,2639332138.0,0.0,0.31,6.31,4.58
1514,603038,华立股份,13.84,0.95,0.13,7107.0,9808211.0,1.17,13.88,13.72,13.72,13.71,1.67,0.26,130.13,2.72,3718491147.0,3718491147.0,-0.07,0.07,-9.6,-15.35
1515,002009,天奇股份,14.89,0.95,0.14,26942.0,39977441.0,1.36,14.91,14.71,14.77,14.75,1.98,0.76,35.4,3.02,5989252452.0,5264880471.0,0.2,0.27,-17.83,-2.17
1516,002402,和而泰,19.04,0.95,0.18,39136.0,74286649.0,1.06,19.06,18.86,18.89,18.86,1.2,0.49,25.99,3.7,17613528626.0,15351690162.0,0.21,0.26,-8.94,5.72
1517,300215,电科院,5.34,0.95,0.05,9771.0,5208411.0,1.32,5.35,5.28,5.28,5.29,1.72,0.17,-50.45,2.03,4000162959.0,3002018473.0,0.0,-0.19,-13.03,-9.95
1518,002155,湖南黄金,23.33,0.95,0.22,97276.0,225878079.0,1.73,23.38,22.98,22.98,23.11,2.94,0.81,21.1,3.91,28043580928.0,28041061125.0,-0.04,0.13,17.12,48.32
1519,000612,焦作万方,7.41,0.95,0.07,50867.0,37522484.0,1.23,7.41,7.32,7.33,7.34,2.11,0.43,13.68,1.41,8834197510.0,8828423267.0,0.14,0.14,4.37,17.81
1520,600163,中闽能源,5.33,0.95,0.05,21514.0,11405035.0,1.7,5.34,5.25,5.27,5.28,1.63,0.11,10.09,1.44,10142969442.0,10142969442.0,0.19,0.19,7.24,-12.48
1521,600136,ST明诚,2.14,0.94,0.02,20949.0,4450235.0,2.36,2.15,2.1,2.11,2.12,2.27,0.11,210.81,17.51,4367367492.0,4158211517.0,0.0,0.0,-8.94,7.0
1522,600768,宁波富邦,10.76,0.94,0.1,7987.0,8558986.0,1.59,10.82,10.65,10.66,10.66,2.74,0.6,70.77,3.76,1439119872.0,1439119872.0,-0.19,0.09,11.73,27.04
1523,831304,迪尔化工,15.06,0.94,0.14,10676.0,16096812.37,2.41,15.2,14.84,14.93,14.92,1.96,1.35,42.97,5.04,2444057280.0,1187162541.0,-0.07,-0.13,7.04,18.3
1524,002890,弘宇股份,12.92,0.94,0.12,4503.0,5798177.3,1.56,13.0,12.8,12.86,12.8,2.1,0.28,105.65,3.66,2194787067.0,2086376019.0,-0.08,-0.31,20.86,31.03
1525,301228,实朴检测,24.79,0.94,0.23,6200.0,15219091.0,1.83,24.79,24.34,24.55,24.56,0.66,0.52,-91.97,4.17,2974800000.0,2968701660.0,0.9,0.9,34.8,87.38
1526,300649,杭州园林,11.85,0.94,0.11,5465.0,6444895.0,1.36,11.86,11.7,11.72,11.74,2.19,0.51,-44.18,3.24,1569136817.0,1257484246.0,-0.08,0.08,1.02,11.16
1527,002355,兴民智通,7.49,0.94,0.07,121820.0,90486438.66,1.62,7.5,7.38,7.42,7.42,1.72,1.97,8.59,3.37,4648072296.0,4630068209.0,0.67,0.4,5.2,17.58
1528,301505,苏州规划,18.16,0.94,0.17,3686.0,6676512.6,1.0,18.17,17.99,17.99,17.99,2.07,0.49,161.01,2.13,2077503837.0,1369385654.0,-0.06,0.06,-1.47,-3.51
1529,837663,明阳科技,26.8,0.94,0.25,1778.0,4747378.18,1.58,26.93,26.51,26.65,26.55,1.28,0.37,34.84,6.95,2764508440.0,1304187723.0,-0.3,-0.07,-9.46,85.85
1530,300092,科新机电,12.87,0.94,0.12,24745.0,31890603.43,1.73,13.0,12.78,12.85,12.75,1.06,1.18,18.25,2.18,3525392498.0,2700978715.0,-0.08,0.08,4.98,13.89
1531,301355,南王科技,11.81,0.94,0.11,17280.0,20398771.0,1.79,11.88,11.67,11.7,11.7,2.72,1.72,80.39,1.51,2304106530.0,1184016605.0,-0.17,0.0,-1.09,-10.67
1532,002747,埃斯顿,19.39,0.94,0.18,31637.0,61183289.01,1.15,19.43,19.21,19.21,19.21,2.42,0.4,332.77,9.18,16811487804.0,15170835917.0,0.0,0.0,-20.76,4.81
1533,920167,同享科技,20.49,0.94,0.19,2724.0,5553722.28,1.72,20.55,20.2,20.31,20.3,1.81,0.42,-173.07,3.68,2247878501.0,1337473214.0,0.29,0.24,-15.3,7.0
1534,600398,海澜之家,7.54,0.94,0.07,89765.0,67614011.0,2.54,7.6,7.41,7.43,7.47,1.47,0.19,9.68,2.02,36212888032.0,36212888032.0,0.27,-0.13,-4.19,0.53
1535,600365,ST通葡,3.23,0.94,0.03,72306.0,22987576.0,4.69,3.25,3.1,3.2,3.2,8.85,1.73,-325.12,4.79,1380502000.0,1352465600.0,0.62,0.94,19.63,9.12
1536,301358,湖南裕能,27.85,0.94,0.26,10862.0,30217943.65,1.49,28.0,27.59,27.59,27.59,1.58,0.28,55.9,1.82,21089498000.0,10678613116.0,-0.25,-0.18,-35.74,-38.33
1537,300344,ST立方,4.29,0.94,0.04,55735.0,23836678.24,2.35,4.32,4.22,4.24,4.25,1.91,0.87,-39.71,11.14,2752920525.0,2743126455.0,0.0,0.0,-58.79,-3.6
1538,301571,国科天成,48.3,0.94,0.45,10525.0,50750911.2,2.42,48.66,47.5,47.99,47.85,1.98,2.93,163.98,4.7,8666271356.0,1733254291.0,0.37,0.17,1.62,13.62
1539,300271,华宇软件,7.51,0.94,0.07,20380.0,15249017.0,1.61,7.53,7.41,7.5,7.44,1.66,0.26,-33.57,1.63,6097073654.0,5987291205.0,0.13,0.27,-14.37,6.98
1540,301336,趣睡科技,54.7,0.94,0.51,5326.0,28924645.0,1.42,54.78,54.01,54.5,54.19,3.21,2.07,57.1,2.69,2188000000.0,1408340333.0,0.02,0.04,-33.6,1.73
1541,301198,喜悦智行,10.77,0.94,0.1,5349.0,5749373.3,2.16,10.89,10.66,10.89,10.67,1.55,0.34,-159.53,1.99,1820130000.0,1675320457.0,-0.19,0.28,-2.8,-1.37
1542,300701,森霸传感,9.66,0.94,0.09,5464.0,5260168.0,1.15,9.68,9.57,9.6,9.57,1.42,0.22,93.51,2.97,2731221250.0,2406516810.0,0.0,-0.1,-11.62,-4.83
1543,300480,光力科技,12.97,0.93,0.12,4722.0,6104905.0,1.25,13.0,12.84,12.9,12.85,1.41,0.2,64.1,3.58,4576199938.0,3069332083.0,0.15,0.23,-17.39,0.54
1544,301230,泓博医药,33.81,0.93,0.31,35141.0,118806918.3,2.57,34.25,33.39,33.39,33.5,3.25,4.57,98.54,4.51,4719423115.0,2598646912.0,0.33,0.48,-5.93,32.48
1545,600916,中国黄金,8.68,0.93,0.08,92021.0,79418414.0,1.63,8.69,8.55,8.6,8.6,2.37,0.55,27.09,2.08,14582400000.0,14582400000.0,0.0,0.12,1.76,0.7
1546,300383,光环新网,13.0,0.93,0.12,121928.0,158396334.0,1.86,13.1,12.86,12.91,12.88,3.65,0.68,84.46,1.84,23368707011.0,23318655945.0,-0.23,-0.54,-36.18,-10.53
1547,605080,浙江自然,28.08,0.93,0.26,11096.0,31092243.0,1.91,28.31,27.78,27.82,27.82,1.78,0.79,10.35,1.86,3975370963.0,3941061696.0,0.25,0.36,-12.03,19.49
1548,000928,中钢国际,6.5,0.93,0.06,46734.0,30430409.4,1.09,6.55,6.48,6.5,6.44,4.14,0.33,10.07,1.09,9325190037.0,9325075962.0,-0.31,-0.31,-7.67,2.04
1549,300279,和晶科技,6.5,0.93,0.06,15632.0,10144544.0,1.4,6.52,6.43,6.46,6.44,1.94,0.34,20.72,3.15,3179146685.0,2982432388.0,-0.15,0.0,-9.85,7.26
1550,603269,DR海鸥股,8.71,0.93,0.08,34660.0,30310894.0,2.09,8.83,8.65,8.69,8.63,2.77,1.12,35.49,2.67,2689227899.0,2689227899.0,-0.11,-0.68,3.08,16.91
1551,300447,全信股份,14.04,0.93,0.13,18799.0,26486173.0,2.66,14.22,13.85,13.85,13.91,4.05,0.93,78.09,2.21,4384837665.0,2826692716.0,0.0,0.21,-1.61,-0.57
1552,300870,欧陆通,100.9,0.93,0.93,14371.0,143955293.18,3.15,101.6,98.45,100.0,99.97,6.33,1.35,54.23,4.62,10752152719.0,10752152719.0,-0.42,-0.17,-29.92,-4.99
1553,300827,上能电气,27.19,0.93,0.25,14131.0,38410625.21,1.74,27.3,26.83,26.83,26.94,2.34,0.53,27.88,4.34,9776306812.0,7241996356.0,-0.07,-0.15,-20.29,-38.06
1554,300050,世纪鼎利,5.42,0.93,0.05,21646.0,11704505.0,1.12,5.43,5.37,5.37,5.37,1.46,0.4,373.64,7.45,2953069212.0,2951268856.0,-0.18,0.0,-7.67,1.31
1555,000709,河钢股份,2.17,0.93,0.02,158729.0,34405394.0,0.93,2.17,2.15,2.16,2.15,2.14,0.15,24.15,0.44,22431552770.0,22427844904.0,0.0,0.46,-1.81,-1.81
1556,300558,贝达药业,61.71,0.92,0.56,117660.0,740972843.74,5.66,64.79,61.33,61.91,61.15,7.24,2.81,64.85,4.61,25963485452.0,25879600704.0,0.37,0.34,17.23,14.43
1557,600337,美克家居,2.19,0.92,0.02,65209.0,14298050.0,1.84,2.21,2.17,2.17,2.17,2.51,0.45,7.47,1.1,3147025920.0,3147025920.0,0.46,0.46,15.87,19.02
1558,603258,电魂网络,22.05,0.92,0.2,48042.0,105338891.0,4.12,22.28,21.38,21.42,21.85,4.49,2.0,837.19,2.45,5391938318.0,5306163818.0,-0.14,0.09,-8.7,10.86
1559,300993,玉马科技,12.08,0.92,0.11,39623.0,48203230.2,4.01,12.38,11.9,11.9,11.97,3.53,1.64,30.83,2.58,3722224896.0,2914489656.0,-0.41,-0.41,12.79,7.0
1560,688202,美迪西,34.09,0.92,0.31,12251.0,41380180.0,2.49,34.14,33.3,33.51,33.78,2.38,0.91,-78.9,2.16,4591005365.0,4591005365.0,0.65,0.92,-2.74,12.99
1561,430556,雅达股份,10.95,0.92,0.1,4250.0,4644640.94,1.38,11.01,10.86,11.01,10.85,1.23,0.36,70.88,3.49,1766401440.0,1293917032.0,0.09,-0.27,-5.28,45.42
1562,300472,*ST新元,3.3,0.92,0.03,51510.0,16873002.0,3.06,3.33,3.23,3.25,3.27,2.25,2.1,-13.18,106.52,908353449.0,811277207.0,0.0,0.0,-59.01,-49.7
1563,605133,嵘泰股份,37.25,0.92,0.34,7460.0,27784762.0,1.9,37.6,36.9,36.9,36.91,1.63,0.4,42.01,2.27,8103496567.0,6888214721.0,0.27,0.24,25.34,58.31
1564,688031,星环科技-U,46.06,0.92,0.42,3816.0,17460752.0,1.6,46.14,45.41,45.74,45.64,1.72,0.41,-16.69,5.43,5579225507.0,4328080593.0,0.2,0.37,-27.46,-0.15
1565,601061,中信金属,7.64,0.92,0.07,20936.0,15947879.0,1.32,7.65,7.55,7.57,7.57,1.29,0.42,16.39,1.66,37436000000.0,3828815391.0,0.13,0.13,6.26,5.23
1566,300755,华致酒行,20.79,0.92,0.19,8686.0,18074682.0,2.48,21.04,20.53,20.66,20.6,2.41,0.21,25.37,2.7,8665238736.0,8657520137.0,0.29,0.43,16.47,17.13
1567,688153,唯捷创芯,29.73,0.92,0.27,4082.0,12099184.0,1.12,29.78,29.45,29.55,29.46,1.84,0.25,-176.43,3.25,12793205728.0,4776928132.0,0.0,0.03,-22.44,-11.15
1568,600459,贵研铂业,14.46,0.91,0.13,25687.0,37047836.0,1.19,14.5,14.33,14.35,14.33,2.12,0.34,13.5,1.51,10993866365.0,10900520009.0,-0.07,0.07,6.01,5.32
1569,600808,马钢股份,3.31,0.91,0.03,123233.0,40697538.0,0.91,3.32,3.29,3.3,3.28,1.36,0.21,-44.35,1.11,25560166180.0,19753256426.0,0.0,0.0,-5.16,7.12
1570,688786,悦安新材,26.62,0.91,0.24,1453.0,3869355.0,1.93,26.8,26.29,26.47,26.38,1.07,0.12,47.37,4.57,3189963404.0,3189963404.0,-0.19,-0.19,0.11,8.08
1571,002517,恺英网络,16.65,0.91,0.15,87958.0,147511248.0,2.85,16.92,16.45,16.47,16.5,3.02,0.47,17.16,5.06,35571779846.0,31482381488.0,-0.42,-0.66,1.96,22.34
1572,300035,中科电气,14.4,0.91,0.13,29573.0,42536193.6,1.19,14.44,14.27,14.3,14.27,1.98,0.51,18.35,2.13,9870144062.0,8400259872.0,-0.21,-0.21,-16.42,-2.04
1573,600400,红豆股份,2.21,0.91,0.02,23416.0,5166656.0,1.37,2.22,2.19,2.2,2.19,0.98,0.1,-42.02,2.02,5075423793.0,5063931793.0,0.45,0.0,-14.01,-11.24
1574,301013,利和兴,16.69,0.91,0.15,31192.0,51592485.6,1.93,16.72,16.4,16.58,16.54,1.17,1.65,-200.09,4.65,3901171605.0,3158442938.0,0.6,0.42,-22.59,42.04
1575,300888,稳健医疗,53.3,0.91,0.48,11071.0,58358515.0,2.1,53.33,52.22,52.86,52.82,2.06,0.63,31.22,2.75,31038178766.0,9354452797.0,0.74,1.08,31.35,27.42
1576,300154,瑞凌股份,8.84,0.91,0.08,11304.0,9953620.0,1.6,8.86,8.72,8.81,8.76,1.98,0.36,22.47,2.19,3974067977.0,2787291347.0,0.0,0.11,-13.33,-19.34
1577,000799,酒鬼酒,41.98,0.91,0.38,8928.0,37426096.7,1.3,42.14,41.6,41.6,41.6,2.75,0.27,107.53,3.41,13640518580.0,13639322150.0,0.12,0.21,-9.09,-24.52
1578,002947,恒铭达,31.03,0.91,0.28,8669.0,26784541.0,1.2,31.09,30.72,30.77,30.75,2.39,0.45,18.37,2.55,7950175696.0,5970346047.0,0.0,0.0,-13.88,-5.22
1579,605567,春雪食品,10.02,0.91,0.09,19050.0,19006021.0,2.42,10.09,9.85,10.0,9.93,3.96,0.95,44.86,1.84,2004000000.0,2004000000.0,0.2,0.0,15.17,11.33
1580,301180,万祥科技,13.33,0.91,0.12,5549.0,7373210.93,1.59,13.36,13.15,13.21,13.21,2.62,0.14,343.86,4.07,5332133300.0,5332133300.0,0.15,0.0,-6.98,-13.83
1581,430564,天润科技,24.37,0.91,0.22,3250.0,7863968.23,1.61,24.4,24.01,24.16,24.15,1.52,0.96,-72.72,5.74,1812909109.0,823278477.0,0.41,0.41,-1.61,69.24
1582,002271,东方雨虹,11.13,0.91,0.1,69763.0,77570260.12,1.54,11.18,11.01,11.03,11.03,4.13,0.36,34.55,1.19,26586229509.0,21310943587.0,0.0,0.0,-8.47,-7.71
1583,002109,兴化股份,3.31,0.91,0.03,13583.0,4478355.0,0.91,3.31,3.28,3.29,3.28,1.7,0.11,-11.06,0.96,4224453207.0,4224453207.0,0.3,0.3,4.75,4.42
1584,002125,湘潭电化,9.93,0.91,0.09,14408.0,14277884.0,1.02,9.95,9.85,9.86,9.84,2.8,0.23,33.02,2.12,6250753410.0,6250753410.0,-0.1,0.2,-8.39,0.1
1585,002451,摩恩电气,6.72,0.9,0.06,16237.0,10887676.0,1.8,6.74,6.62,6.64,6.66,1.78,0.37,231.14,3.83,2951424000.0,2951081280.0,-0.15,0.15,2.13,7.01
1586,688270,臻镭科技,46.1,0.9,0.41,8876.0,40889657.0,2.06,46.49,45.55,45.7,45.69,2.02,0.62,109.8,4.57,9867778760.0,6649081186.0,-0.02,0.33,13.18,31.71
1587,300781,因赛集团,52.61,0.9,0.47,6400.0,33759421.0,3.07,53.28,51.68,52.17,52.14,1.8,0.79,109.53,8.95,5785510757.0,4266891173.0,-0.11,-0.32,-8.42,-10.88
1588,003018,金富科技,11.2,0.9,0.1,6932.0,7741871.0,2.16,11.26,11.02,11.11,11.1,2.86,0.52,28.51,1.91,2912000000.0,1486803080.0,-0.09,0.0,17.77,25.0
1589,301028,东亚机械,12.35,0.9,0.11,11008.0,13512087.0,2.12,12.43,12.17,12.25,12.24,1.21,0.45,21.0,3.14,4714910333.0,3040370745.0,0.73,0.98,-3.82,14.46
1590,000410,沈阳机床,6.74,0.9,0.06,30285.0,20379814.0,1.05,6.76,6.69,6.71,6.68,1.99,0.18,-109.35,13.59,13916392104.0,11329373463.0,0.0,0.0,-2.03,-5.2
1591,300481,濮阳惠成,13.38,0.9,0.12,5585.0,7441998.0,1.28,13.4,13.23,13.3,13.26,1.58,0.19,26.96,1.63,3905025760.0,3881596190.0,0.07,0.0,-10.38,-8.48
1592,688093,世华科技,26.78,0.9,0.24,6973.0,18593105.0,2.26,26.9,26.3,26.54,26.54,2.85,0.27,20.17,3.51,7033266535.0,7033266535.0,-0.11,0.0,9.8,33.7
1593,301199,迈赫股份,34.69,0.9,0.31,3983.0,13801056.0,1.6,34.8,34.25,34.37,34.38,2.87,0.87,28.15,2.48,4625564600.0,1581517100.0,0.09,0.0,-1.64,18.27
1594,000881,中广核技,7.81,0.9,0.07,92402.0,72610495.94,3.1,8.01,7.77,7.84,7.74,1.32,1.17,-28.38,1.43,7383775615.0,6172586882.0,0.0,-0.38,12.7,6.55
1595,603139,康惠制药,20.26,0.9,0.18,4973.0,10006013.0,1.54,20.3,19.99,20.09,20.08,2.09,0.5,-29.35,2.41,2023568800.0,2023568800.0,0.75,1.0,34.62,41.09
1596,300001,特锐德,22.38,0.9,0.2,18727.0,41848483.03,0.77,22.4,22.23,22.33,22.18,2.02,0.18,91.18,3.12,23626380537.0,23005438642.0,-0.04,0.04,-8.47,1.96
1597,300638,广和通,25.89,0.9,0.23,47971.0,123239124.49,1.99,25.94,25.43,25.55,25.66,2.06,0.9,42.06,5.32,19817592202.0,13797468380.0,0.15,-0.19,-26.76,28.49
1598,002694,顾地科技,4.51,0.89,0.04,13208.0,5952269.0,1.34,4.54,4.48,4.52,4.47,2.22,0.18,1042.87,8.42,3441512448.0,3241776838.0,-0.22,-0.22,-3.01,-1.53
1599,300232,洲明科技,6.77,0.89,0.06,36569.0,24670590.0,1.49,6.79,6.69,6.73,6.71,2.02,0.41,33.84,1.62,7386795345.0,6000030318.0,0.3,0.0,-17.74,2.11
1600,603926,铁流股份,12.43,0.89,0.11,11101.0,13677545.0,2.27,12.44,12.16,12.39,12.32,1.18,0.48,27.49,1.77,2922324460.0,2853089360.0,0.08,0.49,20.68,44.7
1601,002285,世联行,2.26,0.89,0.02,58026.0,13121894.0,1.34,2.28,2.25,2.26,2.24,2.12,0.29,-105.67,1.59,4503793626.0,4465288962.0,0.0,0.0,-13.74,-12.74
1602,601231,环旭电子,13.6,0.89,0.12,21139.0,28696527.0,1.04,13.63,13.49,13.49,13.48,1.72,0.1,22.29,1.72,29869027758.0,29869027758.0,0.0,-0.07,-25.27,-17.58
1603,603936,博敏电子,7.96,0.89,0.07,24370.0,19366967.0,1.65,7.99,7.86,7.86,7.89,1.97,0.39,45.91,1.17,5017968112.0,5017968112.0,0.0,-0.13,-11.16,-5.46
1604,000034,神州数码,37.28,0.89,0.33,43002.0,159941901.55,2.03,37.38,36.63,36.63,36.95,2.41,0.72,30.51,2.53,26515797964.0,22158040643.0,-0.11,-0.27,-23.04,7.16
1605,603915,国茂股份,14.73,0.89,0.13,12528.0,18409548.0,1.3,14.75,14.56,14.57,14.6,1.28,0.19,56.4,2.62,9708372574.0,9672196430.0,0.07,0.27,-19.9,25.68
1606,002449,国星光电,9.08,0.89,0.08,31494.0,28399124.0,1.11,9.08,8.98,9.02,9.0,0.85,0.51,84.09,1.46,5615772695.0,5615772695.0,0.33,0.33,-12.44,-33.33
1607,300404,博济医药,9.06,0.89,0.08,88422.0,80080250.0,3.67,9.28,8.95,9.02,8.98,4.71,3.18,222.5,3.52,3471528608.0,2519198703.0,0.44,0.78,-5.53,3.78
1608,002284,亚太股份,11.36,0.89,0.1,40585.0,45937643.0,1.42,11.4,11.24,11.35,11.26,1.19,0.56,20.95,2.82,8396179953.0,8306593005.0,0.18,0.26,21.11,46.77
1609,301037,保立佳,12.46,0.89,0.11,3282.0,4070837.0,1.86,12.46,12.23,12.35,12.35,0.97,0.48,-42.0,2.79,1738192154.0,847049478.0,0.08,0.0,-3.11,20.85
1610,003002,壶化股份,27.17,0.89,0.24,7893.0,21420142.0,1.75,27.38,26.91,27.0,26.93,2.87,0.43,58.01,4.02,5434000000.0,4968700165.0,0.04,0.26,12.09,21.24
1611,002533,金杯电工,10.2,0.89,0.09,51976.0,53095372.0,1.09,10.27,10.16,10.16,10.11,1.37,0.82,13.72,1.9,7486198832.0,6503983417.0,-0.1,0.0,-5.99,6.36
1612,300145,南方泵业,3.4,0.89,0.03,87440.0,29626849.2,2.08,3.41,3.34,3.34,3.37,2.71,0.46,24.47,2.42,6531060802.0,6473577223.0,-0.29,-0.29,-24.11,-8.36
1613,300624,万兴科技,59.11,0.89,0.52,10408.0,61649179.14,2.46,59.7,58.26,58.61,58.59,2.32,0.61,-87.07,10.42,11428110112.0,10121595398.0,-0.07,-0.34,-14.4,-6.4
1614,603002,宏昌电子,5.65,0.89,0.05,39423.0,22170814.0,1.61,5.67,5.58,5.6,5.6,2.25,0.35,248.14,1.86,6407543576.0,6407543576.0,0.18,0.18,-9.31,5.21
1615,301079,邵阳液压,29.45,0.89,0.26,36148.0,106475269.3,2.33,29.79,29.11,29.35,29.19,1.54,5.19,992.23,6.72,3220008783.0,2049359944.0,0.0,-0.27,52.35,93.24
1616,002396,星网锐捷,19.28,0.89,0.17,13580.0,26165439.0,0.99,19.34,19.15,19.18,19.11,1.76,0.23,67.36,1.72,11348389579.0,11245643760.0,-0.05,-0.05,-10.49,2.88
1617,002969,嘉美包装,3.39,0.89,0.03,60627.0,20532572.0,2.38,3.42,3.34,3.36,3.36,1.48,0.64,64.4,1.4,3238979873.0,3219740043.0,0.0,-0.29,3.35,9.35
1618,300980,祥源新材,24.98,0.89,0.22,9043.0,22475689.0,2.06,25.18,24.67,25.18,24.76,1.32,0.92,120.22,2.51,3456155062.0,2456569371.0,-0.16,-0.28,-13.26,9.08
1619,688700,东威科技,33.88,0.89,0.3,8655.0,29512020.0,3.1,34.4,33.36,33.36,33.58,2.41,0.29,148.62,5.77,10109838077.0,10109838077.0,-0.18,-0.73,6.17,15.0
1620,603135,中重科技,10.24,0.89,0.09,19351.0,19834175.0,1.77,10.32,10.14,10.14,10.15,1.51,0.77,117.45,2.14,6446469939.0,2587209277.0,-0.29,-0.39,-2.2,15.58
1621,603138,海量数据,13.61,0.89,0.12,4783.0,6480326.0,1.48,13.64,13.44,13.5,13.49,1.67,0.17,-56.62,4.96,4005868183.0,3853222234.0,0.0,0.29,-15.2,-5.29
1622,002623,亚玛顿,14.67,0.89,0.13,3885.0,5701812.0,1.44,14.75,14.54,14.54,14.54,2.47,0.2,144.58,1.01,2920246875.0,2913991954.0,-0.14,-0.07,-0.2,-1.87
1623,834770,艾能聚,18.07,0.89,0.16,5860.0,10579483.66,1.62,18.19,17.9,17.9,17.91,1.79,0.72,115.11,3.97,2351488402.0,1479820966.0,0.33,0.0,-16.69,15.46
1624,600268,国电南自,7.93,0.89,0.07,27532.0,21759920.0,1.02,7.94,7.86,7.87,7.86,1.71,0.27,67.59,2.39,8057621947.0,7978159247.0,-0.13,-0.13,7.02,18.01
1625,000566,海南海药,6.79,0.89,0.06,1413872.0,987168656.87,12.18,7.4,6.58,7.4,6.73,17.41,12.13,-32.21,19.29,8809109206.0,7916527087.0,0.15,0.74,33.93,41.75
1626,000573,粤宏远Ａ,4.52,0.89,0.04,89053.0,40190067.0,1.12,4.53,4.48,4.48,4.48,1.1,1.41,6.39,1.7,2885028330.0,2861000982.0,0.22,0.22,6.35,51.17
1627,600547,山东黄金,30.85,0.88,0.27,45952.0,141331736.0,1.41,30.94,30.51,30.63,30.58,2.21,0.13,33.62,5.41,138005300846.0,111505577255.0,-0.06,-0.16,27.43,36.32
1628,603829,洛凯股份,16.02,0.88,0.14,3708.0,5910719.0,1.51,16.04,15.8,15.8,15.88,1.36,0.23,22.94,2.39,2563200000.0,2563200000.0,0.13,0.38,12.74,18.84
1629,301598,博科测试,61.9,0.88,0.54,3895.0,24194675.0,1.29,62.45,61.66,61.7,61.36,1.36,2.65,64.67,3.95,3645738104.0,911434541.0,-0.03,-0.15,-12.07,-7.13
1630,301388,欣灵电气,23.01,0.88,0.2,1744.0,3994204.0,1.18,23.03,22.76,22.98,22.81,1.65,0.64,158.16,2.42,2357319276.0,629475090.0,0.09,0.44,-9.59,0.09
1631,000823,超声电子,10.3,0.88,0.09,18339.0,18820088.22,1.18,10.33,10.21,10.25,10.21,1.29,0.34,33.1,1.18,5531008392.0,5530539865.0,0.0,0.1,0.0,1.78
1632,600645,中源协和,24.08,0.88,0.21,51671.0,124844607.0,3.44,24.57,23.75,24.04,23.87,3.92,1.1,100.5,3.11,11268209271.0,11263905573.0,-0.5,-0.25,15.22,24.77
1633,688663,新风光,27.52,0.88,0.24,3670.0,10082661.0,1.61,27.72,27.28,27.33,27.28,1.13,0.26,34.44,2.77,3869868730.0,3869868730.0,0.18,0.18,8.22,26.76
1634,002656,*ST摩登,2.3,0.88,0.02,20500.0,4694959.0,1.75,2.31,2.27,2.27,2.28,2.03,0.3,110.23,2.92,1638795641.0,1556156547.0,-0.43,0.44,-5.74,74.24
1635,301107,瑜欣电子,35.45,0.88,0.31,2176.0,7700041.0,1.11,35.6,35.21,35.56,35.14,1.53,0.51,26.46,2.88,2602030000.0,1517222778.0,0.0,0.31,16.77,38.42
1636,600982,宁波能源,4.6,0.88,0.04,37317.0,17049727.0,1.54,4.6,4.53,4.55,4.56,1.55,0.33,30.41,1.22,5141086431.0,5141086431.0,0.0,0.44,15.0,15.87
1637,601133,柏诚股份,11.47,0.88,0.1,10465.0,11960372.0,1.41,11.47,11.31,11.31,11.37,2.61,0.71,34.21,2.13,6047177384.0,1691825000.0,0.09,0.17,-3.45,2.23
1638,603011,合锻智能,19.39,0.88,0.17,520524.0,1016161299.0,5.05,19.98,19.01,19.49,19.22,3.59,10.53,324.21,4.45,9586695933.0,9586695933.0,-0.97,-1.02,129.2,183.07
1639,600557,康缘药业,13.7,0.88,0.12,43311.0,59151830.0,1.55,13.78,13.57,13.58,13.58,4.23,0.76,23.25,1.69,7756375642.0,7756375642.0,0.0,0.07,-4.13,0.59
1640,605298,XD必得科,12.68,0.88,0.11,4741.0,5997333.0,1.03,12.71,12.58,12.71,12.57,1.82,0.26,82.45,2.39,2381938000.0,2341387360.0,-0.16,0.16,-7.98,-5.37
1641,000757,浩物股份,4.56,0.88,0.04,21617.0,9769055.0,1.55,4.56,4.49,4.53,4.52,0.77,0.41,74.23,1.56,2429185393.0,2429178298.0,0.0,0.44,18.44,22.25
1642,300319,麦捷科技,10.37,0.88,0.09,28754.0,29716357.0,1.07,10.39,10.28,10.32,10.28,2.38,0.35,36.55,1.96,9116224089.0,8604092576.0,0.0,0.0,-17.63,-16.91
1643,301418,协昌科技,33.15,0.88,0.29,1557.0,5143381.0,0.91,33.22,32.92,32.94,32.86,2.18,0.53,116.53,1.51,2431000022.0,975814472.0,0.03,0.09,-5.47,-0.6
1644,000848,承德露露,10.32,0.88,0.09,50311.0,51738113.55,1.56,10.38,10.22,10.3,10.23,2.27,0.48,12.6,3.27,10862358044.0,10763863964.0,0.1,0.39,27.72,19.03
1645,920682,球冠电缆,10.29,0.88,0.09,9115.0,9371285.25,1.57,10.34,10.18,10.26,10.2,1.04,0.48,51.92,3.1,3338899200.0,1937858302.0,0.1,-0.19,24.88,61.29
1646,600232,金鹰股份,5.74,0.88,0.05,5817.0,3323767.0,1.41,5.76,5.68,5.68,5.69,1.23,0.16,-125.49,2.17,2093484443.0,2093484443.0,0.35,0.53,1.23,9.75
1647,688208,道通科技,27.45,0.88,0.24,18764.0,51273345.0,1.65,27.55,27.1,27.14,27.21,1.61,0.28,23.05,5.49,18396529389.0,18396529389.0,-0.07,-0.25,-1.96,5.29
1648,603272,联翔股份,17.2,0.88,0.15,2862.0,4884832.0,1.88,17.27,16.95,17.1,17.05,1.83,0.28,1559.42,3.15,1782384400.0,1782384400.0,0.53,0.64,10.97,25.0
1649,300975,商络电子,12.56,0.88,0.11,145843.0,182629536.22,3.61,12.75,12.3,12.4,12.45,3.08,3.11,58.87,3.94,8628790386.0,5892628424.0,0.0,0.72,3.12,11.74
1650,300364,中文在线,20.6,0.88,0.18,37039.0,76347959.0,1.86,20.73,20.35,20.35,20.42,2.2,0.56,-42.66,16.67,15007102431.0,13604764744.0,-0.15,-0.15,-18.12,-16.02
1651,300399,天利科技,24.01,0.88,0.21,29969.0,71545142.9,2.14,24.11,23.6,23.6,23.8,1.5,1.52,99.4,9.13,4744376000.0,4743913207.0,-0.25,0.13,-7.76,-2.04
1652,300948,冠中生态,10.3,0.88,0.09,5442.0,5600040.0,1.27,10.36,10.23,10.25,10.21,2.45,0.42,-96.57,1.88,1442310504.0,1347298803.0,-0.1,0.1,3.73,9.46
1653,603989,艾华集团,15.06,0.87,0.13,5985.0,8989602.0,0.8,15.08,14.96,15.02,14.93,2.16,0.15,21.11,1.61,6041026881.0,6041026881.0,0.13,0.2,-6.11,-0.13
1654,300637,扬帆新材,10.48,0.87,0.09,11939.0,12415193.0,1.44,10.48,10.33,10.36,10.39,1.75,0.51,61.19,3.48,2460181362.0,2455859463.0,0.19,0.38,-1.5,13.91
1655,603536,惠发食品,9.31,0.87,0.08,11287.0,10452779.0,1.41,9.33,9.2,9.25,9.23,1.52,0.47,-31.57,5.26,2277619813.0,2239355341.0,0.0,-0.21,-3.12,-20.29
1656,301041,金百泽,23.15,0.87,0.2,13020.0,30121212.0,1.35,23.29,22.98,23.0,22.95,3.1,1.65,-254.25,3.7,2469642000.0,1827012793.0,-0.17,-0.3,-14.2,-3.54
1657,301603,乔锋智能,50.01,0.87,0.43,2340.0,11634433.81,1.57,50.14,49.36,49.5,49.58,1.39,0.97,20.25,2.84,6039207600.0,1207841520.0,-0.22,0.08,2.73,17.34
1658,000007,全新好,8.14,0.87,0.07,12106.0,9844150.0,1.36,8.17,8.06,8.07,8.07,1.82,0.35,397.78,15.58,2820087078.0,2820087078.0,-0.25,0.0,26.99,15.79
1659,300816,艾可蓝,30.13,0.87,0.26,2940.0,8817160.0,1.34,30.2,29.8,29.87,29.87,1.36,0.64,32.5,2.84,2410400000.0,1373823961.0,0.13,0.3,-7.55,17.74
1660,603179,新泉股份,47.31,0.87,0.41,6576.0,30900197.0,1.81,47.45,46.6,47.07,46.9,1.03,0.13,27.03,4.08,23054342589.0,23054342589.0,0.34,0.53,-2.61,10.8
1661,300751,迈为股份,68.58,0.87,0.59,4433.0,30362223.8,0.99,68.68,68.01,68.1,67.99,1.48,0.23,29.56,2.56,19161595311.0,13172393978.0,0.04,0.01,-29.92,-34.4
1662,300044,ST赛为,3.48,0.87,0.03,73097.0,25470047.0,2.03,3.52,3.45,3.47,3.45,2.43,0.96,-36.02,25.57,2658264913.0,2657876128.0,-0.29,0.0,-57.04,-42.0
1663,300732,设研院,6.94,0.87,0.06,12980.0,8997128.96,1.45,6.98,6.88,6.89,6.88,2.05,0.4,-54.18,0.89,2250748654.0,2247690036.0,-0.14,-0.14,1.02,3.89
1664,300229,拓尔思,17.39,0.87,0.15,45577.0,79006835.87,1.68,17.49,17.2,17.34,17.24,1.66,0.52,-165.64,3.7,15192268007.0,15181995752.0,0.06,-0.11,-29.6,-16.95
1665,300512,中亚股份,8.08,0.87,0.07,8647.0,6934213.0,1.25,8.08,7.98,8.0,8.01,0.7,0.26,47.3,2.03,3293738270.0,2654600380.0,0.37,0.5,-7.23,18.65
1666,430139,华岭股份,24.31,0.87,0.21,9020.0,21855048.77,1.74,24.42,24.0,24.09,24.1,1.56,0.35,-168.51,6.01,6551724700.0,6335962583.0,-0.16,0.16,-18.23,0.54
1667,002459,晶澳科技,9.27,0.87,0.08,89387.0,82959670.76,1.31,9.32,9.2,9.23,9.19,1.91,0.27,-4.68,1.19,30680726963.0,30641244744.0,-0.11,-0.22,-25.9,-32.58
1668,300376,ST易事特,3.46,0.87,0.03,13123.0,4528265.0,1.46,3.47,3.42,3.42,3.43,1.92,0.06,45.55,1.17,8055712047.0,8052924757.0,-0.29,-0.29,-3.62,-3.35
1669,836699,海达尔,48.16,0.86,0.41,766.0,3661331.61,1.38,48.17,47.51,47.75,47.75,1.93,0.37,28.58,6.72,2197314448.0,1005354448.0,0.0,0.9,-16.1,26.07
1670,301512,智信精密,38.49,0.86,0.33,1186.0,4537466.0,1.21,38.49,38.03,38.22,38.16,1.72,0.48,-24.07,2.01,2052802566.0,955067766.0,0.29,0.5,-14.24,0.16
1671,002801,微光股份,30.6,0.86,0.26,4579.0,13971523.0,1.19,30.66,30.3,30.33,30.34,1.29,0.4,20.2,4.23,7026739200.0,3543562620.0,0.1,0.13,-14.19,26.92
1672,300184,力源信息,9.38,0.86,0.08,55245.0,51688947.0,1.08,9.41,9.31,9.35,9.3,1.75,0.53,67.12,2.87,10824631828.0,9838069758.0,0.11,-0.11,-10.67,0.54
1673,300931,通用电梯,7.02,0.86,0.06,9251.0,6477639.0,1.01,7.04,6.97,6.98,6.96,1.72,0.46,-258.65,2.66,1685824920.0,1407113461.0,-0.14,0.29,0.29,6.85
1674,300235,方直科技,10.61,0.86,0.09,9186.0,9705740.0,1.52,10.64,10.48,10.58,10.52,2.08,0.45,102.02,3.82,2671031797.0,2155230658.0,0.0,0.19,-10.69,-1.21
1675,001319,铭科精技,25.9,0.86,0.22,5391.0,13934148.0,0.97,25.98,25.73,25.73,25.68,1.08,0.45,37.14,2.78,3662260000.0,3085689093.0,0.04,0.08,-7.0,2.98
1676,688325,赛微微电,43.38,0.86,0.37,807.0,3489930.0,1.23,43.54,43.01,43.02,43.01,2.03,0.15,59.75,2.15,3730398681.0,2335705696.0,-0.02,-0.02,-11.51,-12.54
1677,000818,航锦科技,22.19,0.86,0.19,38715.0,85703941.92,1.41,22.29,21.98,22.12,22.0,1.89,0.57,731.17,6.55,15070471640.0,15030782606.0,-0.05,-0.36,-26.4,16.18
1678,832491,奥迪威,30.45,0.86,0.26,5139.0,15560337.51,1.19,30.46,30.1,30.1,30.19,1.24,0.45,46.7,4.34,4297809831.0,3474709700.0,0.1,0.2,-18.06,43.63
1679,000681,视觉中国,20.05,0.86,0.17,35207.0,70426740.24,1.56,20.12,19.81,19.81,19.88,1.32,0.52,197.09,3.92,14046577592.0,13555680550.0,0.15,-0.05,-16.11,-3.7
1680,603033,三维股份,10.6,0.86,0.09,2865.0,3030387.0,0.95,10.62,10.52,10.52,10.51,1.15,0.03,108.62,3.57,10930333672.0,10732828791.0,0.0,0.19,-19.51,-16.47
1681,002582,好想你,10.61,0.86,0.09,46572.0,49075623.0,2.19,10.65,10.42,10.52,10.52,1.66,1.35,30.12,1.52,4795235855.0,3650572270.0,0.0,-0.28,15.45,45.14
1682,600493,凤竹纺织,5.88,0.86,0.05,27247.0,15943128.0,1.72,5.91,5.81,5.88,5.83,1.17,1.0,141.58,1.42,1599360000.0,1599360000.0,0.17,0.34,9.29,13.73
1683,002283,天润工业,5.91,0.85,0.05,24864.0,14639182.0,1.02,5.92,5.86,5.89,5.86,1.27,0.25,17.1,1.14,6734191922.0,5930841195.0,0.17,0.0,-13.72,15.43
1684,600405,动力源,4.76,0.85,0.04,26446.0,12597056.0,1.06,4.79,4.74,4.76,4.72,1.47,0.43,-14.74,9.31,2917068839.0,2904168330.0,-0.21,0.0,-16.64,-15.9
1685,002434,万里扬,7.15,0.85,0.06,19240.0,13739230.0,0.85,7.16,7.1,7.12,7.09,0.76,0.15,21.77,1.6,9385090000.0,9376088508.0,0.0,0.14,-9.61,15.32
1686,603161,科华控股,11.83,0.85,0.1,8453.0,9972271.0,1.11,11.86,11.73,11.75,11.73,2.19,0.44,22.45,1.55,2299843150.0,2256557713.0,-0.08,0.08,5.44,13.86
1687,688184,ST帕瓦,9.47,0.85,0.08,1727.0,1625271.0,1.6,9.48,9.33,9.39,9.39,1.48,0.17,-6.72,0.77,1506179958.0,951616758.0,0.0,0.64,-33.5,-30.93
1688,301419,阿莱德,26.12,0.85,0.22,2912.0,7595253.4,1.43,26.27,25.9,25.9,25.9,2.07,0.69,75.91,3.45,3134400000.0,1108010400.0,-0.08,0.0,-8.48,5.58
1689,688603,天承科技,64.99,0.85,0.55,933.0,6046831.0,2.17,65.35,63.95,63.95,64.44,1.1,0.3,71.9,4.78,5456377908.0,2016139862.0,-0.23,0.11,-15.6,-19.44
1690,836419,万德股份,14.28,0.85,0.12,4829.0,6862189.34,2.05,14.35,14.06,14.06,14.16,1.57,0.77,59.36,2.48,1274605725.0,899559375.0,-0.35,0.49,10.96,47.98
1691,688766,普冉股份,57.23,0.85,0.48,3101.0,17672031.0,1.07,57.3,56.69,56.76,56.75,1.88,0.21,114.47,3.84,8455272657.0,8455272657.0,-0.07,0.18,-30.39,-20.6
1692,688032,禾迈股份,99.72,0.85,0.84,1153.0,11503154.0,1.39,100.28,98.91,98.91,98.88,2.42,0.09,-298.64,1.95,12372613907.0,12372613907.0,-0.17,-0.07,-6.2,-11.47
1693,002398,垒知集团,4.76,0.85,0.04,19088.0,9038750.0,1.27,4.76,4.7,4.73,4.72,1.66,0.33,22.44,0.93,3322591365.0,2757791461.0,0.21,0.42,-10.69,8.43
1694,002084,海鸥住工,3.55,0.85,0.03,51352.0,18181508.64,1.14,3.56,3.52,3.54,3.52,2.38,0.8,-94.51,1.57,2293498942.0,2279001931.0,-0.28,0.0,19.93,23.26
1695,301217,铜冠铜箔,10.71,0.85,0.09,8149.0,8707366.0,1.32,10.73,10.59,10.61,10.62,2.03,0.36,467.15,1.65,8878756476.0,2452756476.0,0.0,0.19,-6.71,-3.34
1696,300969,恒帅股份,57.76,0.84,0.48,1373.0,7902817.09,0.87,57.78,57.28,57.28,57.28,0.82,0.45,38.69,5.0,6469120000.0,1753610235.0,0.09,0.38,-12.84,-0.5
1697,002696,百洋股份,5.97,0.84,0.05,31925.0,19010871.0,1.35,6.0,5.92,5.94,5.92,3.01,0.95,113.37,1.55,2067782704.0,2002785440.0,-0.17,0.0,12.43,26.22
1698,603662,柯力传感,61.3,0.84,0.51,8103.0,49451339.0,1.12,61.36,60.68,61.02,60.79,1.76,0.29,57.05,6.28,17265722814.0,17214870908.0,0.15,0.41,-17.71,-5.11
1699,301236,软通动力,54.22,0.84,0.45,48359.0,261189457.65,1.88,54.4,53.39,53.9,53.77,2.63,0.71,-65.34,4.99,51668470617.0,36886700392.0,-0.06,0.02,-17.37,-7.65
1700,002420,毅昌科技,6.0,0.84,0.05,14731.0,8812739.0,1.18,6.01,5.94,5.98,5.95,2.16,0.37,28.2,4.22,2469000000.0,2401467864.0,0.0,0.17,-0.17,13.64
1701,002657,中科金财,23.96,0.84,0.2,337595.0,801829816.0,5.47,24.27,22.97,23.0,23.76,6.09,10.04,-52.65,4.53,8147645800.0,8059096085.0,0.29,-0.17,23.51,30.79
1702,002216,三全食品,12.02,0.84,0.1,13573.0,16263484.7,1.26,12.04,11.89,11.98,11.92,2.29,0.22,12.67,2.43,10567792257.0,7575679873.0,0.0,0.0,9.77,0.17
1703,603115,海星股份,14.33,0.84,0.12,3806.0,5441712.0,1.2,14.36,14.19,14.33,14.21,1.79,0.16,37.76,1.66,3427736000.0,3427736000.0,0.07,0.21,-1.1,11.0
1704,688216,气派科技,19.3,0.84,0.16,1875.0,3598339.0,1.62,19.32,19.01,19.25,19.14,1.91,0.18,-16.06,3.32,2067194050.0,2052615988.0,-0.1,0.1,-11.75,-11.39
1705,300389,艾比森,10.75,0.84,0.09,6164.0,6603019.0,1.31,10.79,10.65,10.75,10.66,1.92,0.26,27.24,2.66,3967828408.0,2506699201.0,0.19,0.37,-5.37,-8.59
1706,603908,牧高笛,25.3,0.84,0.21,4687.0,11852035.0,1.24,25.4,25.09,25.09,25.09,2.51,0.5,19.24,4.42,2362159800.0,2362159800.0,0.12,0.2,6.53,14.48
1707,603809,豪能股份,14.48,0.84,0.12,23791.0,34344984.0,1.18,14.52,14.35,14.37,14.36,1.01,0.29,29.0,3.9,12069958270.0,12069958270.0,0.14,0.35,8.63,64.73
1708,688750,金天钛业,19.19,0.84,0.16,9678.0,18560255.0,1.68,19.28,18.96,18.96,19.03,2.81,1.16,235.17,3.62,8875375000.0,1597567500.0,0.1,0.31,-11.16,-9.31
1709,688595,芯海科技,35.89,0.84,0.3,8024.0,28704808.0,1.83,36.06,35.41,35.6,35.59,3.27,0.56,-53.16,7.6,5111654497.0,5111654497.0,0.06,-0.03,-7.74,9.42
1710,688683,莱尔科技,23.07,0.83,0.19,984.0,2260756.0,1.7,23.19,22.8,22.97,22.88,1.8,0.06,83.99,3.53,3579954822.0,3579954822.0,-0.39,-0.47,16.93,16.16
1711,301398,星源卓镁,34.0,0.83,0.28,2725.0,9220144.4,1.3,34.1,33.66,33.96,33.72,1.7,0.81,56.2,3.48,3808000000.0,1137640000.0,-0.15,0.32,-20.26,3.41
1712,603595,东尼电子,18.15,0.83,0.15,4113.0,7439279.0,0.94,18.17,18.0,18.13,18.0,1.07,0.18,96.88,2.68,4218828217.0,4218828217.0,0.22,0.28,-14.91,6.2
1713,837023,芭薇股份,21.97,0.83,0.18,18619.0,40111930.04,2.89,21.98,21.35,21.45,21.79,2.31,4.18,71.05,6.39,2450533800.0,978682936.0,2.09,1.71,31.16,106.68
1714,001209,洪兴股份,18.22,0.83,0.15,9229.0,16810596.0,2.16,18.43,18.04,18.2,18.07,1.86,0.96,29.02,1.82,2396343958.0,1750844268.0,0.0,-0.05,5.07,6.86
1715,301469,恒达新材,25.55,0.83,0.21,1677.0,4262573.0,0.87,25.55,25.33,25.35,25.34,1.81,0.36,43.19,1.7,2286214000.0,1176799402.0,0.04,0.12,4.46,10.37
1716,600376,首开股份,2.42,0.83,0.02,40431.0,9765968.0,1.25,2.43,2.4,2.4,2.4,2.6,0.16,-1.45,0.72,6242547886.0,6242547886.0,0.0,0.41,-12.95,-7.98
1717,001322,箭牌家居,8.49,0.83,0.07,5107.0,4326136.2,0.83,8.5,8.43,8.49,8.42,1.8,0.31,-28.11,1.77,8223390653.0,1406052672.0,0.0,0.24,3.66,6.66
1718,002008,大族激光,23.22,0.83,0.19,20035.0,46380035.0,0.69,23.22,23.06,23.08,23.03,1.86,0.2,37.36,1.54,24431921460.0,22739740136.0,0.13,0.17,-14.76,-5.84
1719,603929,亚翔集成,26.86,0.83,0.22,2984.0,7991845.0,1.28,26.92,26.58,26.58,26.64,2.03,0.14,17.47,3.36,5730849600.0,5730849600.0,-0.11,-0.07,-26.57,0.49
1720,301187,欧圣电气,24.38,0.83,0.2,11641.0,28231827.8,2.32,24.64,24.08,24.64,24.18,2.32,1.74,25.25,4.35,6215279340.0,1629458803.0,0.12,0.12,-23.86,1.8
1721,300798,锦鸡股份,7.32,0.83,0.06,41951.0,30695724.0,2.2,7.4,7.24,7.28,7.26,1.3,1.13,-120.14,2.03,3431816173.0,2728746906.0,-0.14,-0.54,-1.61,2.38
1722,002653,海思科,45.16,0.83,0.37,7411.0,33048792.24,2.9,45.25,43.95,44.79,44.79,1.63,0.14,271.26,12.76,50575495525.0,24197949939.0,0.42,0.89,37.56,36.93
1723,002790,瑞尔特,7.32,0.83,0.06,7119.0,5186139.0,1.1,7.32,7.24,7.28,7.26,2.03,0.27,35.6,1.42,3058825236.0,1908305700.0,0.14,0.27,-5.55,0.27
1724,300471,厚普股份,9.74,0.83,0.08,9142.0,8877750.0,0.93,9.76,9.67,9.67,9.66,1.32,0.25,155.41,3.42,3936575437.0,3570216344.0,0.21,0.31,7.15,2.96
1725,002139,拓邦股份,13.37,0.83,0.11,26321.0,35084699.55,0.75,13.37,13.27,13.28,13.26,1.34,0.25,21.17,2.45,16670183790.0,14320471254.0,0.15,0.0,-19.41,-1.26
1726,300724,捷佳伟创,51.31,0.83,0.42,7287.0,37350325.24,0.81,51.37,50.96,50.96,50.89,2.03,0.25,6.3,1.57,17841184098.0,14732949648.0,-0.06,-0.06,-16.27,-17.26
1727,603939,益丰药房,26.65,0.83,0.22,16706.0,44632630.0,2.65,26.95,26.25,26.46,26.43,2.93,0.14,17.97,2.95,32310907560.0,32304981826.0,0.04,0.38,16.22,10.44
1728,603386,骏亚科技,10.94,0.83,0.09,11359.0,12379219.0,1.84,10.97,10.77,10.86,10.85,2.61,0.35,59.11,2.63,3569968806.0,3569968806.0,-0.09,0.0,-12.41,-1.62
1729,839946,华阳变速,9.77,0.83,0.08,6521.0,6376517.97,1.65,9.88,9.72,9.86,9.69,1.02,0.67,60.3,5.83,1318856628.0,947969373.0,0.1,0.21,0.72,53.86
1730,002796,世嘉科技,10.98,0.83,0.09,7276.0,7962574.6,1.01,11.0,10.89,10.94,10.89,1.46,0.32,-36.87,3.15,2771647889.0,2487480383.0,-0.09,0.0,-13.95,-2.14
1731,002812,恩捷股份,27.93,0.83,0.23,19274.0,53857706.0,1.01,28.04,27.76,27.77,27.7,3.12,0.24,260.5,1.1,27078468540.0,22817134954.0,-0.11,0.11,-15.44,-12.69
1732,300223,北京君正,64.02,0.83,0.53,9088.0,58076228.49,0.93,64.14,63.55,63.55,63.49,1.33,0.22,104.29,2.55,30830105702.0,26862190148.0,0.03,-0.12,-29.66,-6.13
1733,603270,金帝股份,26.69,0.83,0.22,9028.0,23978741.0,1.44,26.75,26.37,26.4,26.47,1.19,1.28,37.8,2.67,5847956942.0,1887427842.0,0.49,0.6,7.79,37.58
1734,002788,鹭燕医药,8.54,0.83,0.07,18754.0,15954762.04,1.18,8.55,8.45,8.46,8.47,3.75,0.49,11.63,1.03,3317932925.0,3258746447.0,0.0,0.0,4.15,4.02
1735,600186,莲花控股,6.18,0.82,0.05,96190.0,59204604.0,1.31,6.2,6.12,6.15,6.13,2.11,0.54,27.44,6.26,11086933231.0,11041870525.0,0.0,0.49,-12.71,8.42
1736,000829,天音控股,9.86,0.82,0.08,18619.0,18278395.0,1.02,9.87,9.77,9.82,9.78,1.17,0.18,-88.6,3.42,10107490319.0,10097918536.0,0.31,0.31,-22.79,-25.19
1737,600246,万通发展,6.16,0.82,0.05,166785.0,103371661.0,3.6,6.32,6.1,6.11,6.11,3.68,0.87,-83.71,2.29,11808203028.0,11808203028.0,-0.32,-0.32,-4.94,-17.32
1738,301081,严牌股份,9.84,0.82,0.08,4872.0,4774332.44,0.82,9.84,9.76,9.78,9.76,2.38,0.23,44.08,2.0,2156159368.0,2065356143.0,0.1,0.72,2.5,16.04
1739,603195,公牛集团,72.62,0.82,0.59,6271.0,45585066.0,1.76,73.15,71.88,72.35,72.03,3.84,0.05,24.06,6.81,93836578592.0,93422844079.0,0.14,0.03,-3.34,3.39
1740,300291,百纳千成,4.89,0.82,0.04,46582.0,22758157.0,2.06,4.92,4.82,4.84,4.85,2.31,0.5,-1398.18,1.47,4605840393.0,4542705569.0,0.0,-0.2,-2.2,-2.78
1741,601011,宝泰隆,2.46,0.82,0.02,37683.0,9208614.0,1.23,2.46,2.43,2.44,2.44,1.27,0.2,-17.97,0.82,4712534766.0,4712534766.0,0.41,0.41,-9.89,-18.27
1742,605500,森林包装,7.39,0.82,0.06,3307.0,2437699.0,0.68,7.4,7.35,7.36,7.33,1.46,0.08,22.6,1.17,3062416000.0,3062416000.0,0.14,0.41,5.42,6.18
1743,688113,联测科技,34.26,0.82,0.28,1033.0,3519786.0,2.74,34.34,33.41,33.41,33.98,1.92,0.16,25.68,2.38,2206260371.0,2206260371.0,-0.03,-0.03,9.88,21.19
1744,300821,东岳硅材,7.37,0.82,0.06,10735.0,7898953.0,1.09,7.38,7.3,7.3,7.31,1.92,0.09,60.05,1.79,8844000000.0,8842393340.0,0.0,0.0,-11.74,-5.03
1745,688585,上纬新材,7.35,0.82,0.06,2433.0,1783242.0,0.69,7.35,7.3,7.32,7.29,1.33,0.06,32.87,2.33,2964708701.0,2964708701.0,0.14,0.41,-0.94,10.86
1746,002892,科力尔,15.92,0.82,0.13,16663.0,26448902.0,0.82,15.94,15.81,15.9,15.79,1.1,0.42,1103.15,7.67,9883150121.0,6312213757.0,0.13,0.25,-9.65,3.38
1747,000851,*ST高鸿,2.46,0.82,0.02,41273.0,10128030.35,1.64,2.47,2.43,2.44,2.44,1.64,0.36,-16.68,4.8,2848335649.0,2785056592.0,0.0,0.0,7.89,-18.54
1748,002369,卓翼科技,8.6,0.82,0.07,41507.0,35556392.0,1.41,8.62,8.5,8.54,8.53,1.52,0.73,-37.92,11.24,4875824008.0,4867370801.0,0.0,0.0,-38.4,35.22
1749,872541,铁大科技,17.28,0.82,0.14,5880.0,10118669.95,1.46,17.35,17.1,17.16,17.14,0.89,0.65,37.63,5.72,2362176000.0,1556214060.0,0.17,0.17,17.31,44.36
1750,920118,太湖远大,28.35,0.82,0.23,680.0,1926809.51,2.2,28.74,28.12,28.2,28.12,1.41,0.31,118.41,2.42,1442901600.0,622679400.0,0.04,-0.04,-6.93,16.19
1751,838701,豪声电子,28.43,0.82,0.23,1119.0,3167639.9,1.21,28.48,28.14,28.28,28.2,1.3,0.16,81.67,3.42,2786140000.0,2034922738.0,0.04,0.42,-19.64,-0.49
1752,002475,立讯精密,30.57,0.82,0.25,181079.0,552799116.08,1.29,30.69,30.3,30.38,30.32,1.73,0.25,18.2,3.08,221554571109.0,221152745884.0,0.0,-0.2,-27.06,-25.0
1753,600169,太原重工,2.46,0.82,0.02,26446.0,6475882.0,0.82,2.46,2.44,2.45,2.44,0.97,0.08,94.07,1.57,8268691826.0,8199528090.0,0.0,0.41,-6.11,-1.2
1754,002445,中南文化,2.46,0.82,0.02,85685.0,21058518.2,1.23,2.47,2.44,2.44,2.44,2.16,0.36,30.29,2.64,5883504094.0,5858346762.0,0.0,0.0,0.82,0.41
1755,688669,聚石化学,20.83,0.82,0.17,16256.0,33750939.0,3.87,21.2,20.4,20.63,20.66,4.52,1.34,75.52,1.93,2527373347.0,2527373347.0,0.34,0.87,29.7,34.91
1756,002483,润邦股份,6.25,0.81,0.05,22140.0,13786457.0,0.97,6.26,6.2,6.23,6.2,1.6,0.25,19.74,1.32,5540427581.0,5532817494.0,-0.16,0.16,-2.5,19.96
1757,001335,信凯科技,37.16,0.81,0.3,3335.0,12381581.66,1.03,37.28,36.9,37.0,36.86,1.18,1.45,37.07,3.73,3483362050.0,853328156.0,-0.13,-0.05,190.31,190.31
1758,000021,深科技,17.37,0.81,0.14,26203.0,45452588.0,0.93,17.41,17.25,17.27,17.23,1.84,0.17,37.87,2.23,27107406404.0,27104559895.0,-0.12,-0.17,-14.31,-8.87
1759,836077,吉林碳谷,14.93,0.81,0.12,17176.0,25434328.77,1.82,14.97,14.7,14.81,14.81,1.08,0.54,93.35,3.55,8774089528.0,4732165278.0,0.88,0.67,15.47,33.78
1760,301292,海科新源,14.89,0.81,0.12,3157.0,4681521.0,1.08,14.92,14.76,14.79,14.77,1.71,0.37,-75.05,1.17,3317429134.0,1267436145.0,-0.07,0.27,1.43,13.84
1761,301622,英思特,67.28,0.81,0.54,8661.0,58170887.67,3.87,68.46,65.88,66.0,66.74,5.87,2.99,47.58,5.27,7799896886.0,1949974222.0,-0.07,0.37,-12.91,8.73
1762,920111,聚星科技,27.49,0.81,0.22,1315.0,3597898.01,1.21,27.55,27.22,27.35,27.27,0.91,0.36,45.38,4.91,4265197205.0,1014064865.0,0.15,0.62,-12.7,14.92
1763,002708,光洋股份,11.16,0.81,0.09,67568.0,75536632.8,1.9,11.29,11.08,11.08,11.07,1.67,1.31,61.64,3.8,6273013312.0,5736185562.0,-0.27,0.0,-3.46,0.18
1764,688099,晶晨股份,68.14,0.81,0.55,8340.0,56591047.0,1.39,68.24,67.3,67.74,67.59,2.1,0.2,38.02,4.29,28614414510.0,28614414510.0,0.12,-0.01,-22.71,-0.79
1765,002241,歌尔股份,21.11,0.81,0.17,88984.0,187305243.0,0.91,21.15,20.96,21.04,20.94,1.76,0.29,39.3,2.22,73705475810.0,65109951355.0,0.09,-0.14,-24.74,-18.21
1766,603613,国联股份,23.59,0.81,0.19,18819.0,44497756.0,2.14,23.85,23.35,23.35,23.4,2.64,0.26,15.76,2.1,16997487009.0,16997487009.0,0.04,-0.04,-12.95,-11.25
1767,601086,国芳集团,13.71,0.81,0.11,161191.0,221644593.0,4.12,14.05,13.49,13.53,13.6,1.91,2.42,150.49,5.74,9130860000.0,9130860000.0,-0.07,0.29,188.03,133.56
1768,603031,安孚科技,26.28,0.81,0.21,1730.0,4531443.0,1.07,26.3,26.02,26.02,26.07,1.14,0.08,19.49,2.99,5548233600.0,5548233600.0,0.04,0.04,-9.29,-7.33
1769,600219,南山铝业,3.77,0.8,0.03,273262.0,102749975.0,1.34,3.78,3.73,3.73,3.74,3.25,0.24,6.43,0.86,43783539097.0,43783539097.0,0.0,0.0,0.8,-1.31
1770,600885,宏发股份,32.64,0.8,0.26,5129.0,16747100.0,1.45,32.78,32.31,32.59,32.38,1.19,0.05,20.7,3.56,34032955281.0,34032955281.0,-0.12,-0.27,-2.51,2.58
1771,603667,五洲新春,36.53,0.8,0.29,29579.0,107290029.0,1.43,36.54,36.02,36.46,36.24,1.29,0.81,88.4,4.53,13382418465.0,13377387188.0,0.36,0.63,-18.75,47.6
1772,301171,易点天下,25.29,0.8,0.2,24133.0,60983154.0,2.47,25.48,24.86,25.09,25.09,2.33,0.78,53.33,3.3,11933994537.0,7808920382.0,-0.04,-0.16,-11.85,-10.29
1773,605007,五洲特纸,11.28,0.8,0.09,3697.0,4162599.0,0.98,11.3,11.19,11.2,11.19,2.7,0.09,20.79,1.62,5379439682.0,4529482060.0,-0.09,-0.09,-4.33,-10.05
1774,002921,联诚精密,13.8,0.8,0.11,4694.0,6447610.5,2.05,13.92,13.64,13.64,13.69,1.56,0.4,-61.29,1.74,1912076057.0,1629893698.0,-0.07,-0.07,1.4,26.14
1775,605222,起帆电缆,15.05,0.8,0.12,3243.0,4874291.0,0.67,15.05,14.95,14.97,14.93,1.15,0.08,22.21,1.37,6214158109.0,6214158109.0,0.07,0.07,-3.09,-2.27
1776,603043,广州酒家,16.33,0.8,0.13,9945.0,16171091.0,1.17,16.36,16.17,16.2,16.2,2.16,0.17,45.52,2.54,9288027246.0,9288027246.0,-0.18,0.31,10.11,1.11
1777,002909,集泰股份,6.3,0.8,0.05,47015.0,29601849.0,1.12,6.33,6.26,6.27,6.25,2.1,1.23,-115.82,2.73,2457000000.0,2400323675.0,0.0,0.16,17.32,29.36
1778,000733,振华科技,46.52,0.8,0.37,21701.0,100737659.08,1.71,46.79,46.0,46.22,46.15,2.34,0.39,110.14,1.74,25779961930.0,25761298106.0,-0.09,-0.15,1.35,10.32
1779,688530,欧莱新材,15.15,0.8,0.12,2000.0,3024872.0,1.6,15.25,15.01,15.01,15.03,1.52,0.3,-492.75,2.83,2424679084.0,1026839791.0,-0.07,-0.07,-21.5,-18.2
1780,002620,ST瑞和,3.78,0.8,0.03,55579.0,21022570.0,1.87,3.81,3.74,3.76,3.75,1.84,1.76,-17.76,83.44,1426927320.0,1192126394.0,-0.26,-0.53,1.61,-15.81
1781,002611,东方精工,12.53,0.8,0.1,73447.0,91731643.0,0.88,12.54,12.43,12.44,12.43,0.99,0.73,13.83,2.97,15252597840.0,12557537269.0,0.08,0.08,5.56,28.51
1782,002053,云南能投,11.4,0.8,0.09,12048.0,13655752.0,1.33,11.41,11.26,11.39,11.31,2.0,0.13,11.87,1.43,10496315890.0,10495983409.0,0.18,0.62,6.15,2.98
1783,300556,丝路视觉,18.85,0.8,0.15,7516.0,14145765.0,1.5,18.94,18.66,18.75,18.7,1.93,0.72,-21.2,4.24,2291424699.0,1979442722.0,-0.16,-0.05,-9.03,-1.05
1784,831768,拾比佰,11.35,0.8,0.09,6029.0,6809718.98,1.42,11.36,11.2,11.27,11.26,1.83,0.79,28.86,1.9,1259509500.0,869089805.0,0.44,0.44,13.05,53.38
1785,003016,欣贺股份,7.52,0.8,0.06,5910.0,4432391.0,1.47,7.54,7.43,7.46,7.46,2.12,0.14,130.11,1.21,3222482522.0,3149980172.0,0.27,0.27,1.21,-13.06
1786,300860,锋尚文化,28.93,0.8,0.23,39717.0,115356032.8,2.93,29.5,28.66,29.27,28.7,6.7,3.55,-1050.06,1.76,5523643753.0,3237195514.0,0.38,-0.45,12.44,4.74
1787,002583,海能达,11.36,0.8,0.09,55840.0,63392101.0,1.42,11.44,11.28,11.28,11.27,1.45,0.44,190.37,8.51,20659516168.0,14571711117.0,0.09,-0.09,-13.35,-20.06
1788,601702,华峰铝业,16.28,0.8,0.13,21897.0,35953007.0,2.6,16.57,16.15,16.23,16.15,3.97,0.22,15.26,2.96,16256078168.0,16256078168.0,-0.12,-0.43,-18.48,-11.14
1789,600276,恒瑞医药,55.32,0.8,0.44,86201.0,474368581.0,1.31,55.33,54.61,54.84,54.88,2.01,0.14,48.73,7.99,365306841134.0,352886405798.0,0.04,0.49,20.84,21.05
1790,832000,安徽凤凰,21.47,0.8,0.17,1776.0,3800034.59,1.36,21.57,21.28,21.29,21.3,1.06,0.37,40.7,3.22,1968369600.0,1037136261.0,0.37,0.37,-12.15,20.21
1791,600845,宝信软件,25.33,0.8,0.2,21386.0,54056819.0,0.96,25.37,25.13,25.2,25.13,1.78,0.1,41.07,7.09,73046751723.0,54047647397.0,0.04,0.12,-22.06,-13.43
1792,603196,日播时尚,15.2,0.8,0.12,3681.0,5582223.0,1.66,15.23,14.98,14.98,15.08,1.27,0.16,119.78,5.6,3602221886.0,3602221886.0,0.0,0.2,-1.75,13.01
1793,301500,飞南资源,20.49,0.79,0.16,6525.0,13311686.0,1.67,20.54,20.2,20.2,20.33,2.0,0.63,407.44,1.82,8239044941.0,2108284414.0,-0.05,-0.05,10.16,13.83
1794,300041,回天新材,8.89,0.79,0.07,16222.0,14363359.0,0.79,8.89,8.82,8.84,8.82,1.55,0.3,15.25,1.86,4973369078.0,4839958635.0,0.23,0.23,-1.22,-1.77
1795,688651,盛邦安全,33.12,0.79,0.26,1763.0,5801066.0,1.83,33.3,32.7,32.87,32.86,1.92,0.56,-46.95,2.58,2497214880.0,1043625309.0,0.55,0.73,-12.68,-6.36
1796,301266,宇邦新材,30.48,0.79,0.24,3998.0,12179125.0,1.32,30.64,30.24,30.31,30.24,2.39,0.92,24.89,1.88,3349099515.0,1321768035.0,-0.2,-0.1,-13.16,-8.74
1797,301086,鸿富瀚,43.29,0.79,0.34,1829.0,7944909.0,2.28,43.93,42.95,43.18,42.95,2.76,0.39,52.11,1.99,3896100000.0,2049275570.0,0.05,0.02,-13.21,-14.9
1798,600730,中国高科,6.38,0.79,0.05,22787.0,14425725.0,2.05,6.4,6.27,6.31,6.33,1.87,0.39,1916.76,2.07,3742865293.0,3742865293.0,-0.31,0.31,-6.04,5.63
1799,002222,福晶科技,32.01,0.79,0.25,9942.0,31743302.8,0.91,32.05,31.76,31.76,31.76,1.41,0.21,75.39,9.25,15052702500.0,14985536397.0,0.03,-0.09,-11.7,-1.2
1800,002698,博实股份,15.25,0.79,0.12,24842.0,37792502.0,1.19,15.28,15.1,15.11,15.13,2.55,0.3,25.98,3.98,15594053313.0,12831930278.0,0.07,-0.07,-22.98,-10.29
1801,002535,林州重机,3.85,0.79,0.03,38851.0,14930584.0,1.31,3.87,3.82,3.83,3.82,1.83,0.52,33.3,4.67,3086479835.0,2873403167.0,0.26,0.0,-10.67,0.52
1802,000601,韶能股份,5.1,0.79,0.04,68517.0,34699160.0,1.58,5.11,5.03,5.05,5.06,1.69,0.63,75.85,1.36,5510813512.0,5510346265.0,0.0,0.2,22.3,32.12
1803,836149,旭杰科技,15.32,0.79,0.12,7493.0,11399732.74,1.84,15.34,15.06,15.18,15.2,1.91,1.68,32.32,6.81,1149238992.0,684742674.0,0.13,0.33,-0.39,33.1
1804,300748,金力永磁,20.48,0.79,0.16,90260.0,185139492.6,2.41,20.71,20.22,20.28,20.32,4.68,0.8,43.76,3.99,28101261783.0,23231281459.0,0.15,0.29,-5.05,14.54
1805,002585,双星新材,5.08,0.79,0.04,15229.0,7710075.0,0.79,5.08,5.04,5.06,5.04,1.37,0.17,-34.07,0.66,5828937857.0,4535743197.0,0.2,0.2,0.0,-4.87
1806,300802,矩子科技,17.87,0.79,0.14,2828.0,5036248.0,1.58,17.88,17.6,17.72,17.73,1.64,0.15,40.14,3.26,5169711568.0,3476650226.0,0.39,0.39,-5.2,-2.19
1807,002825,纳尔股份,10.35,0.78,0.08,19068.0,19740572.48,2.34,10.5,10.26,10.41,10.27,2.0,0.73,12.81,2.23,3525396993.0,2693814662.0,0.0,-0.19,18.02,32.35
1808,688203,海正生材,10.36,0.78,0.08,1881.0,1949891.0,1.36,10.44,10.3,10.3,10.28,1.79,0.16,2248.75,1.42,2099744784.0,1219661117.0,0.0,0.0,2.27,6.37
1809,300501,海顺新材,14.22,0.78,0.11,5444.0,7721137.0,2.55,14.25,13.89,14.16,14.11,1.8,0.43,39.85,1.72,2752107601.0,1780360723.0,-0.07,-0.07,0.71,6.52
1810,000429,粤高速Ａ,14.21,0.78,0.11,19076.0,27100788.38,1.13,14.26,14.1,14.15,14.1,1.74,0.15,11.3,2.68,29710355050.0,18520305175.0,-0.07,-0.14,-1.04,-3.33
1811,002050,三花智控,25.96,0.78,0.2,66929.0,173251889.14,1.05,26.01,25.74,25.83,25.76,1.06,0.18,26.81,5.02,96892832329.0,95284882857.0,0.31,0.08,-16.26,11.61
1812,300582,英飞特,11.65,0.78,0.09,4581.0,5327755.0,1.04,11.68,11.56,11.56,11.56,1.21,0.21,311.46,2.37,3477950085.0,2581268808.0,-0.17,0.0,-17.78,-17.02
1813,000890,法尔胜,3.87,0.78,0.03,117602.0,45729861.0,2.6,3.95,3.85,3.88,3.84,2.51,2.8,-540.59,98.56,1623480356.0,1623430348.0,-0.51,-0.51,9.32,22.08
1814,301298,东利机械,15.42,0.78,0.12,7562.0,11619968.0,1.24,15.49,15.3,15.39,15.3,2.3,0.79,25.15,2.41,2263656000.0,1485087479.0,0.06,0.39,2.66,11.9
1815,603317,天味食品,11.61,0.78,0.09,15885.0,18290415.0,1.65,11.63,11.44,11.53,11.52,1.91,0.15,41.36,3.04,12364606973.0,12364606973.0,0.52,0.78,-3.89,-9.23
1816,688520,神州细胞,43.8,0.78,0.34,18142.0,78976951.0,2.14,43.98,43.05,43.39,43.46,3.69,0.41,76.47,-48.2,19505704273.0,19505704273.0,0.39,0.67,7.35,20.89
1817,688496,清越科技,7.76,0.78,0.06,5224.0,4028952.0,1.17,7.76,7.67,7.69,7.7,0.76,0.22,-54.6,3.46,3492000000.0,1846457856.0,0.39,0.52,-13.97,-9.45
1818,603197,保隆科技,37.64,0.78,0.29,7703.0,28958156.0,1.18,37.77,37.33,37.35,37.35,1.4,0.36,21.2,2.41,8073107034.0,8040746044.0,-0.08,-0.08,-22.09,-0.29
1819,300886,华业香料,27.28,0.78,0.21,16203.0,43504432.0,3.25,27.34,26.46,26.99,27.07,1.85,3.71,44.54,3.52,2040489440.0,1190671064.0,0.74,0.66,31.6,45.18
1820,300879,大叶股份,44.14,0.78,0.34,42170.0,186043213.0,2.01,44.6,43.72,44.3,43.8,1.93,2.1,11.5,6.4,8933884489.0,8873395695.0,-0.59,0.27,151.65,181.86
1821,605180,华生科技,14.17,0.78,0.11,5037.0,7094378.0,2.13,14.23,13.93,13.93,14.06,1.84,0.3,72.43,2.13,2394730000.0,2394730000.0,-0.35,0.21,5.75,15.48
1822,688097,博众精工,24.68,0.78,0.19,4418.0,10882145.0,1.06,24.76,24.5,24.55,24.49,1.2,0.1,-88.96,2.53,11023266840.0,10948628350.0,-0.32,-0.08,-16.0,-5.98
1823,688135,利扬芯片,19.29,0.78,0.15,13030.0,25129014.0,1.52,19.43,19.14,19.35,19.14,1.35,0.65,-127.94,3.62,3881308454.0,3881308454.0,0.05,-0.16,-12.56,-3.89
1824,000726,鲁  泰Ａ,6.44,0.78,0.05,22460.0,14472223.0,1.41,6.48,6.39,6.4,6.39,3.1,0.38,8.87,0.55,5263450704.0,3790811995.0,-0.16,-0.16,6.8,-1.23
1825,688558,国盛智科,24.68,0.78,0.19,1315.0,3243651.0,2.25,24.86,24.31,24.61,24.49,1.12,0.1,23.52,2.05,3257760000.0,3257760000.0,-0.16,-0.12,0.57,18.94
1826,300577,开润股份,20.56,0.78,0.16,2343.0,4808169.0,1.57,20.63,20.31,20.31,20.4,1.11,0.17,14.44,2.35,4930137234.0,2883382223.0,-0.15,-0.15,-7.43,-16.63
1827,300514,友讯达,13.04,0.77,0.1,4756.0,6180381.0,0.93,13.05,12.93,12.99,12.94,1.54,0.3,74.1,2.48,2608000000.0,2065711714.0,0.08,0.23,-20.05,-9.7
1828,300210,森远股份,10.49,0.77,0.08,27181.0,28521044.0,1.92,10.6,10.4,10.45,10.41,1.09,0.56,153.21,12.32,5079467307.0,5074254396.0,-0.19,-0.38,2.04,2.44
1829,002065,东华软件,9.2,0.77,0.07,92843.0,85356654.8,0.99,9.22,9.13,9.13,9.13,1.83,0.32,133.47,2.44,29490437850.0,26752879171.0,0.0,-0.11,-24.47,26.72
1830,000599,青岛双星,5.25,0.77,0.04,548596.0,294427870.3,6.53,5.56,5.22,5.4,5.21,23.73,6.72,-10.28,2.88,4287984682.0,4287911838.0,-0.57,-0.76,13.64,18.24
1831,600210,紫江企业,6.54,0.77,0.05,41799.0,27304897.0,1.39,6.57,6.48,6.49,6.49,1.66,0.28,14.65,1.57,9919454473.0,9919454473.0,0.0,-0.15,-6.03,-1.06
1832,002012,凯恩股份,5.21,0.77,0.04,51410.0,26981530.0,3.09,5.32,5.16,5.19,5.17,5.18,1.1,120.85,1.59,2436328699.0,2430661110.0,-0.38,-0.19,13.51,0.97
1833,001328,登康口腔,51.15,0.77,0.39,4412.0,22328533.0,2.42,51.24,50.01,50.8,50.76,1.21,1.03,51.02,5.88,8806689870.0,2201675025.0,0.1,-0.16,42.4,61.05
1834,603356,华菱精工,13.13,0.77,0.1,2787.0,3646870.0,0.84,13.15,13.04,13.08,13.03,1.36,0.21,-20.29,4.04,1750754200.0,1750754200.0,-0.08,0.23,-12.12,2.74
1835,603113,金能科技,6.52,0.77,0.05,37848.0,24774228.0,2.01,6.6,6.47,6.47,6.47,3.28,0.45,18.2,0.65,5528649505.0,5528649505.0,0.0,0.0,13.99,15.81
1836,603948,建业股份,18.28,0.77,0.14,2227.0,4060226.0,0.88,18.29,18.13,18.2,18.14,1.1,0.14,14.96,1.51,2970301973.0,2970301973.0,-0.05,0.16,2.24,4.88
1837,600588,用友网络,13.14,0.77,0.1,37667.0,49467068.0,0.92,13.18,13.06,13.14,13.04,1.39,0.11,-15.26,5.99,44899345954.0,44899345954.0,-0.08,-0.15,-20.51,22.46
1838,301413,安培龙,74.32,0.77,0.57,3956.0,29292529.0,1.37,74.53,73.52,74.41,73.75,1.84,0.75,89.76,6.11,7313235525.0,3914082346.0,0.2,0.08,-26.42,39.67
1839,688035,德邦科技,38.19,0.77,0.29,2712.0,10333859.0,1.19,38.3,37.85,37.85,37.9,1.78,0.31,50.03,2.37,5432145600.0,3391944984.0,0.03,-0.08,-11.39,4.63
1840,688023,安恒信息,47.05,0.77,0.36,5951.0,27987786.0,1.71,47.35,46.55,46.85,46.69,2.25,0.58,-10.8,1.97,4811916232.0,4802183892.0,-0.02,-0.13,-29.58,15.32
1841,605068,明新旭腾,18.43,0.77,0.14,2818.0,5160049.0,1.37,18.44,18.19,18.26,18.29,0.84,0.17,71.18,1.95,2988242706.0,2988242706.0,0.27,0.66,40.37,37.03
1842,833454,同心传动,16.98,0.77,0.13,2626.0,4439558.93,1.19,17.0,16.8,16.84,16.85,0.82,0.42,68.94,5.8,1784598000.0,1072781543.0,0.24,0.71,-4.82,48.17
1843,688039,当虹科技,31.46,0.77,0.24,1827.0,5722779.0,1.57,31.5,31.01,31.45,31.22,1.24,0.16,-74.03,3.07,3520905894.0,3520905894.0,0.22,0.19,-14.86,16.22
1844,603788,宁波高发,15.74,0.77,0.12,6294.0,9873597.0,0.96,15.77,15.62,15.69,15.62,1.37,0.28,18.99,1.66,3511044170.0,3511044170.0,0.0,0.25,1.68,13.81
1845,600489,中金黄金,14.35,0.77,0.11,139983.0,200126891.0,0.98,14.37,14.23,14.27,14.24,2.84,0.29,16.75,2.44,69558935293.0,69558935293.0,-0.07,0.14,13.71,19.29
1846,301135,瑞德智能,26.04,0.77,0.2,4813.0,12486201.0,1.12,26.09,25.8,25.91,25.84,1.66,0.87,100.7,2.15,2654830080.0,1447537560.0,0.12,0.31,-6.6,11.86
1847,688517,金冠电气,14.33,0.77,0.11,3806.0,5434005.0,1.34,14.33,14.14,14.14,14.22,2.73,0.28,25.63,2.58,1957666927.0,1957666927.0,0.0,0.14,0.99,5.68
1848,002809,红墙股份,13.17,0.77,0.1,42617.0,55460099.36,2.3,13.2,12.9,13.2,13.07,1.19,3.09,272.85,1.7,2768716141.0,1813971965.0,0.53,0.84,56.41,66.08
1849,300712,永福股份,22.32,0.77,0.17,1632.0,3641518.0,1.26,22.43,22.15,22.2,22.15,1.51,0.09,54.75,3.29,4186027501.0,4164475867.0,-0.04,-0.18,-10.11,-7.27
1850,601789,宁波建工,5.26,0.77,0.04,44390.0,23227061.0,1.34,5.27,5.2,5.23,5.22,1.49,0.41,18.94,1.25,5716560583.0,5716560583.0,0.0,0.0,-17.55,18.47
1851,002249,大洋电机,6.58,0.77,0.05,65648.0,43152071.58,0.92,6.59,6.53,6.54,6.53,1.67,0.36,14.12,1.73,16063476574.0,12043595766.0,0.0,0.0,-5.19,12.1
1852,300987,川网传媒,15.93,0.76,0.12,7935.0,12608882.0,1.33,15.98,15.77,15.81,15.81,2.06,0.46,263.54,3.42,2761752240.0,2761752240.0,0.06,0.13,-0.69,12.5
1853,688089,嘉必优,26.41,0.76,0.2,9130.0,23820029.0,1.83,26.41,25.93,26.05,26.21,2.11,0.54,24.7,2.78,4445043859.0,4445043859.0,0.72,0.96,9.45,38.78
1854,300128,锦富技术,5.29,0.76,0.04,82131.0,43147330.5,1.71,5.3,5.21,5.26,5.25,2.02,0.63,-34.51,9.33,6872320529.0,6864923126.0,0.19,0.19,-8.32,2.72
1855,605288,凯迪股份,53.31,0.76,0.4,2182.0,11611217.0,1.42,53.56,52.81,52.81,52.91,1.2,0.31,54.08,1.67,3742303999.0,3742303999.0,-0.15,-0.04,35.2,56.93
1856,603897,长城科技,23.86,0.76,0.18,8022.0,19105475.0,1.01,23.89,23.65,23.67,23.68,1.76,0.39,22.42,2.14,4925555349.0,4925555349.0,-0.08,0.34,2.32,8.45
1857,002559,亚威股份,9.28,0.76,0.07,25474.0,23529757.5,0.76,9.28,9.21,9.22,9.21,1.46,0.51,35.52,3.0,5101819423.0,4644745291.0,0.0,0.22,-10.25,4.27
1858,001366,播恩集团,11.99,0.76,0.09,4754.0,5682041.0,1.85,12.05,11.83,12.05,11.9,1.36,0.85,-94.12,2.39,1926553200.0,667603200.0,-0.08,-0.17,8.21,14.52
1859,300213,佳讯飞鸿,7.91,0.76,0.06,15173.0,11984255.0,0.76,7.92,7.86,7.86,7.85,1.25,0.28,-46.03,2.17,4701424461.0,4318222201.0,0.13,0.13,-23.35,2.86
1860,000400,许继电气,21.16,0.76,0.16,28046.0,59220282.0,1.43,21.27,20.97,20.99,21.0,2.52,0.28,25.96,1.87,21556735378.0,21336094768.0,0.0,-0.09,-13.1,-22.91
1861,605086,龙高股份,25.28,0.76,0.19,3340.0,8459954.0,2.47,25.58,24.96,25.11,25.09,1.47,0.19,44.44,3.61,4530176000.0,4530176000.0,-0.2,-0.08,-15.2,-18.97
1862,300535,达威股份,15.89,0.76,0.12,3732.0,5897642.0,1.59,15.89,15.64,15.74,15.77,2.16,0.49,74.45,1.8,1665295247.0,1214711781.0,0.19,0.19,7.51,21.95
1863,000915,华特达因,31.73,0.76,0.24,16411.0,52058754.0,0.95,31.87,31.57,31.69,31.49,3.22,0.7,10.19,2.83,7435338019.0,7431129035.0,0.06,0.13,23.66,12.6
1864,688620,安凯微,11.86,0.76,0.09,20238.0,24134926.0,2.8,12.08,11.75,11.87,11.77,1.46,0.89,-52.59,3.28,4649120000.0,2708806447.0,-0.17,-0.17,-25.31,18.01
1865,600877,电科芯片,12.01,0.76,0.09,9782.0,11715837.0,1.09,12.03,11.9,11.9,11.92,2.12,0.08,285.82,5.75,14220554499.0,14220554499.0,-0.17,0.0,-6.03,-8.95
1866,601126,四方股份,15.94,0.76,0.12,13418.0,21347865.0,1.14,15.98,15.8,15.82,15.82,1.73,0.16,13.75,3.14,13282291920.0,13052527978.0,0.06,0.19,3.98,-1.85
1867,002149,西部材料,18.82,0.75,0.14,21603.0,40668695.0,1.82,19.0,18.66,18.9,18.68,1.39,0.44,71.43,3.05,9188192637.0,9186781137.0,0.37,0.21,-6.6,6.33
1868,002015,协鑫能科,8.03,0.75,0.06,134196.0,106939205.95,1.63,8.04,7.91,7.98,7.97,2.12,0.83,12.85,1.09,13035296650.0,13035296650.0,0.25,0.12,7.64,3.48
1869,002871,伟隆股份,10.7,0.75,0.08,4871.0,5213364.7,1.04,10.76,10.65,10.71,10.62,1.53,0.4,23.04,3.04,2346890685.0,1292295293.0,-0.19,0.0,11.57,14.44
1870,000159,国际实业,5.4,0.75,0.04,14832.0,7998095.0,1.31,5.42,5.35,5.39,5.36,1.61,0.31,75.34,1.28,2595704362.0,2595633487.0,-0.18,0.0,-1.1,-10.0
1871,301368,丰立智能,59.5,0.75,0.44,7287.0,43201633.0,1.83,60.0,58.92,60.0,59.06,2.04,1.14,607.93,7.29,7145950000.0,3815225680.0,-0.08,0.37,-30.31,28.93
1872,000811,冰轮环境,9.37,0.75,0.07,32348.0,30241442.7,0.97,9.39,9.3,9.31,9.3,1.04,0.33,24.81,1.61,9301019419.0,9084940463.0,0.11,0.11,-10.76,1.41
1873,688350,富淼科技,16.13,0.75,0.12,1340.0,2152825.0,1.19,16.19,16.0,16.19,16.01,1.17,0.11,90.86,1.47,1970281097.0,1970281097.0,0.25,0.37,12.64,27.81
1874,002988,豪美新材,40.13,0.75,0.3,33844.0,137787651.18,4.67,41.5,39.64,39.64,39.83,4.11,1.34,61.36,3.64,10153582483.0,10150484327.0,-0.55,-0.55,74.18,91.0
1875,300120,经纬辉开,8.03,0.75,0.06,18435.0,14748022.0,1.25,8.04,7.94,7.95,7.97,1.24,0.35,89.96,1.54,4612383250.0,4235399426.0,0.12,0.0,-14.3,-13.66
1876,000839,中信国安,2.67,0.75,0.02,36398.0,9693885.0,1.13,2.68,2.65,2.65,2.65,1.2,0.09,755.46,7.47,10465936360.0,10465936360.0,0.0,0.0,-14.15,-13.31
1877,301046,能辉科技,18.87,0.75,0.14,1982.0,3730544.0,1.17,18.88,18.66,18.71,18.73,1.69,0.18,125.17,3.47,2873822293.0,2135396736.0,0.11,0.16,-11.24,-5.93
1878,601177,杭齿前进,17.46,0.75,0.13,28783.0,50009198.0,1.21,17.49,17.28,17.41,17.33,1.77,0.72,33.2,2.66,7123243500.0,6985047600.0,0.06,0.0,-16.18,110.87
1879,000670,盈方微,6.73,0.75,0.05,54689.0,36657813.0,1.35,6.74,6.65,6.7,6.68,0.91,0.76,-108.28,129.08,5649763393.0,4859778172.0,0.15,0.3,-7.81,-19.11
1880,002247,聚力文化,2.68,0.75,0.02,31234.0,8340805.0,1.5,2.69,2.65,2.68,2.66,2.03,0.49,125.91,3.63,2280331731.0,1724689001.0,0.0,0.0,3.88,5.1
1881,871478,巨能股份,28.3,0.75,0.21,2057.0,5776921.41,1.32,28.31,27.94,28.31,28.09,1.33,0.89,297.03,8.07,2164358445.0,650900000.0,0.46,0.32,-20.97,7.48
1882,300631,久吾高科,22.81,0.75,0.17,8061.0,18364039.8,1.81,23.0,22.59,22.9,22.64,1.02,0.67,40.37,2.24,2852240501.0,2732118069.0,0.22,0.4,4.59,8.1
1883,300174,元力股份,14.82,0.75,0.11,8545.0,12618296.0,1.22,14.84,14.66,14.66,14.71,2.48,0.24,28.81,1.61,5397597535.0,5378836008.0,0.14,0.14,-8.86,1.37
1884,300898,熊猫乳品,29.38,0.75,0.22,13283.0,38822927.0,2.37,29.55,28.86,29.0,29.16,1.56,1.16,66.9,3.95,3643120000.0,3370905163.0,0.07,-0.37,10.91,17.01
1885,600666,奥瑞德,2.67,0.75,0.02,266705.0,71302014.0,3.02,2.71,2.63,2.64,2.65,2.78,1.1,-221.39,8.88,7378579291.0,6460740336.0,0.0,0.0,-9.49,5.12
1886,000913,钱江摩托,14.88,0.74,0.11,9427.0,13939376.85,1.35,14.91,14.71,14.8,14.77,1.58,0.21,22.6,1.68,7835971680.0,6840994440.0,0.4,0.47,-17.1,-15.5
1887,002426,胜利精密,2.71,0.74,0.02,78255.0,21131641.58,1.12,2.71,2.68,2.69,2.69,0.73,0.23,-96.94,3.76,9221116232.0,9221045705.0,0.0,0.37,-26.16,1.12
1888,001380,华纬科技,20.43,0.74,0.15,4942.0,10081331.48,1.38,20.48,20.2,20.29,20.28,1.02,0.56,21.67,3.26,5533551469.0,1797918717.0,0.0,0.05,-1.49,40.03
1889,688128,中国电研,24.64,0.74,0.18,2172.0,5342794.0,0.86,24.69,24.48,24.54,24.46,0.94,0.05,19.72,2.97,9966880000.0,9966880000.0,0.04,-0.08,8.83,17.28
1890,600835,上海机电,20.52,0.74,0.15,13030.0,26680659.0,1.33,20.59,20.32,20.35,20.37,1.02,0.16,25.78,1.51,20986610600.0,16549468236.0,-0.19,0.05,-19.66,14.51
1891,301200,大族数控,35.44,0.74,0.26,2136.0,7551977.15,0.77,35.48,35.21,35.23,35.18,1.93,0.34,32.28,2.9,15080044347.0,2207420376.0,0.2,-0.03,-11.0,-0.95
1892,605266,健之佳,23.07,0.74,0.17,6473.0,14941482.0,2.49,23.29,22.72,22.82,22.9,2.22,0.42,26.59,1.3,3565305349.0,3565305349.0,0.09,0.22,12.26,0.0
1893,300523,辰安科技,21.68,0.74,0.16,6475.0,13977113.0,1.63,21.75,21.4,21.6,21.52,1.76,0.28,-37.2,4.34,5043583992.0,5037531413.0,0.32,0.09,-16.13,9.55
1894,002819,东方中科,28.5,0.74,0.21,21352.0,60572169.0,1.41,28.58,28.18,28.32,28.29,1.71,0.91,-61.74,2.11,8538887850.0,6701141759.0,0.07,0.0,3.83,4.86
1895,300221,银禧科技,8.19,0.74,0.06,36818.0,30013504.0,1.48,8.21,8.09,8.15,8.13,1.61,0.81,54.8,2.88,3927417735.0,3705970020.0,-0.12,0.37,-4.77,40.24
1896,002497,雅化集团,10.91,0.74,0.08,22075.0,24030838.0,0.92,10.92,10.82,10.82,10.83,1.94,0.21,38.12,1.19,12574457093.0,11548795119.0,0.09,0.18,-12.23,-6.75
1897,301489,思泉新材,52.08,0.74,0.38,6137.0,31809627.0,1.59,52.22,51.4,51.9,51.7,2.27,1.29,59.33,4.05,4205661393.0,2479041956.0,-0.23,0.48,14.79,7.25
1898,600012,皖通高速,17.75,0.74,0.13,8418.0,14943588.0,1.31,17.83,17.6,17.68,17.62,1.91,0.07,13.35,2.43,29440327500.0,20689400000.0,-0.28,-0.28,2.78,0.57
1899,300063,天龙集团,8.12,0.74,0.06,28414.0,23074378.0,1.36,8.16,8.05,8.12,8.06,1.59,0.45,106.94,3.75,6159240458.0,5076996708.0,0.0,-0.12,-15.85,-10.96
1900,688331,荣昌生物,65.31,0.74,0.48,32056.0,210615857.0,6.91,68.28,63.8,65.38,64.83,3.98,1.98,-36.21,20.66,36809254350.0,10594841080.0,-0.46,0.4,107.0,116.9
1901,688717,艾罗能源,51.91,0.74,0.38,3643.0,18810271.0,2.45,52.26,51.0,51.53,51.53,1.68,0.38,45.19,1.87,8305600000.0,5005747018.0,0.27,-0.1,8.69,11.13
1902,300837,浙矿股份,21.81,0.74,0.16,1975.0,4285313.0,0.97,21.81,21.6,21.65,21.65,2.15,0.28,33.62,1.59,2181033326.0,1539410388.0,0.0,0.23,3.17,9.82
1903,002645,华宏科技,8.21,0.74,0.06,18975.0,15554984.0,1.47,8.25,8.13,8.16,8.15,2.57,0.37,38.34,1.47,4774342901.0,4210539140.0,0.0,0.49,9.61,20.38
1904,601677,明泰铝业,12.26,0.74,0.09,25578.0,31322968.0,1.07,12.29,12.16,12.19,12.17,2.12,0.21,8.67,0.86,15247811371.0,14932761247.0,0.08,0.0,-4.52,2.34
1905,300118,东方日升,9.51,0.74,0.07,35797.0,34065378.0,1.38,9.56,9.43,9.45,9.44,2.46,0.39,-10.16,0.97,10841531837.0,8814116021.0,-0.11,-0.11,-17.23,-20.62
1906,603282,亚光股份,16.39,0.74,0.12,2028.0,3315032.0,1.11,16.45,16.27,16.44,16.27,1.6,0.32,20.68,1.71,2193309800.0,1051983283.0,-0.12,-0.3,6.91,12.11
1907,600888,新疆众和,6.8,0.74,0.05,38275.0,26018279.0,0.89,6.82,6.76,6.77,6.75,5.03,0.28,10.57,0.83,9358076414.0,9358076414.0,-0.15,-0.15,-3.0,-4.23
1908,301115,联检科技,14.96,0.74,0.11,6886.0,10291429.94,1.55,15.03,14.8,14.86,14.85,3.73,0.65,155.21,1.07,2769983726.0,1582048633.0,-0.07,-0.13,5.72,6.93
1909,002765,蓝黛科技,13.53,0.74,0.1,60123.0,80877070.0,1.49,13.56,13.36,13.43,13.43,1.97,1.01,42.29,3.5,8823293058.0,8062672650.0,0.07,0.22,2.73,58.25
1910,301578,辰奕智能,44.22,0.73,0.32,734.0,3237832.0,0.91,44.3,43.9,43.92,43.9,0.62,0.41,85.15,2.92,2759328000.0,788133060.0,0.18,0.27,-13.75,-9.48
1911,603968,醋化股份,11.1,0.73,0.08,4386.0,4842988.0,1.09,11.12,11.0,11.02,11.02,1.4,0.21,-85.66,1.26,2301929100.0,2269728000.0,-0.09,0.54,11.22,19.74
1912,688261,东微半导,38.66,0.73,0.28,2594.0,9982593.0,0.96,38.72,38.35,38.36,38.38,1.96,0.21,151.72,1.63,4737065702.0,4737065702.0,0.0,0.23,-13.24,-7.93
1913,688638,誉辰智能,31.85,0.73,0.23,393.0,1246062.0,1.74,31.9,31.35,31.64,31.62,1.36,0.15,-9.72,1.94,1783600000.0,821524918.0,0.0,0.38,2.68,13.75
1914,920082,方正阀门,19.32,0.73,0.14,3477.0,6686246.83,1.93,19.38,19.01,19.19,19.18,0.99,1.07,22.26,5.51,2808258600.0,626594258.0,0.05,0.26,12.46,31.88
1915,603156,养元饮品,24.85,0.73,0.18,5656.0,14011350.0,1.18,24.92,24.63,24.66,24.67,1.79,0.04,12.19,3.52,31317897515.0,31317897515.0,0.28,0.61,18.73,8.8
1916,600303,曙光股份,4.14,0.73,0.03,42041.0,17491484.0,2.92,4.22,4.1,4.1,4.11,1.92,0.62,-9.72,2.23,2830121434.0,2797001434.0,0.0,0.0,38.93,38.93
1917,603616,韩建河山,4.13,0.73,0.03,31048.0,12780072.0,3.17,4.2,4.07,4.18,4.1,2.98,0.81,104.79,6.81,1616143340.0,1575049840.0,0.24,0.0,17.0,17.66
1918,000404,长虹华意,6.94,0.73,0.05,13933.0,9641937.0,0.87,6.95,6.89,6.89,6.89,1.41,0.2,12.03,1.15,4830212094.0,4807534034.0,0.14,0.14,-3.21,-6.22
1919,830832,齐鲁华信,8.31,0.73,0.06,4003.0,3306438.8,1.45,8.33,8.21,8.29,8.25,1.28,0.33,350.87,1.53,1153127718.0,1018141890.0,0.12,0.0,10.36,41.09
1920,688388,嘉元科技,17.88,0.73,0.13,12804.0,22748132.0,1.35,17.89,17.65,17.89,17.75,1.6,0.3,77.91,1.13,7621156217.0,7621156217.0,0.79,0.85,-3.82,21.38
1921,600711,ST盛屯,5.49,0.73,0.04,87315.0,47646739.0,1.1,5.49,5.43,5.45,5.45,2.94,0.28,14.57,1.09,16967457415.0,16967457415.0,0.18,0.37,11.81,13.9
1922,301268,铭利达,16.52,0.73,0.12,2892.0,4776925.0,1.4,16.59,16.36,16.47,16.4,1.72,0.16,-37.61,3.82,6614555169.0,2980080003.0,0.12,0.06,-4.34,-0.36
1923,300956,英力股份,15.13,0.73,0.11,7065.0,10640514.0,1.26,15.16,14.97,15.0,15.02,1.32,0.34,258.82,2.38,3259420496.0,3184144736.0,0.07,0.2,-15.8,-19.31
1924,002399,海普瑞,12.48,0.73,0.09,35297.0,44042014.0,2.66,12.66,12.33,12.41,12.39,5.48,0.28,29.24,1.49,18311856626.0,15565077266.0,0.0,0.65,11.33,16.74
1925,301258,富士莱,31.88,0.73,0.23,15958.0,50575778.96,3.44,32.38,31.29,32.0,31.65,2.1,4.71,30.52,1.53,2922439600.0,1079839360.0,0.73,1.27,29.33,34.97
1926,603040,新坐标,41.34,0.73,0.3,6845.0,28266652.0,1.92,41.8,41.01,41.4,41.04,1.14,0.51,21.12,4.19,5643649821.0,5583520791.0,0.17,0.32,30.57,81.16
1927,300596,利安隆,27.77,0.73,0.2,3048.0,8447873.0,0.8,27.8,27.58,27.63,27.57,0.99,0.14,14.77,1.42,6376538153.0,6239599923.0,0.04,0.07,-12.2,-7.83
1928,605077,华康股份,16.5,0.73,0.12,6514.0,10694830.0,1.53,16.52,16.27,16.45,16.38,1.71,0.22,15.43,1.6,5000295861.0,4940557611.0,0.12,0.55,11.34,16.03
1929,603280,南方路机,24.95,0.73,0.18,3444.0,8557481.0,0.77,24.96,24.77,24.77,24.77,0.94,1.23,62.87,2.05,2704746342.0,697144592.0,0.32,0.69,1.96,19.49
1930,300162,雷曼光电,6.92,0.73,0.05,37204.0,25841563.0,2.77,7.05,6.86,6.93,6.87,4.27,1.09,322.74,3.26,2903009408.0,2367759518.0,-0.29,-0.14,-7.86,-8.1
1931,603717,天域生物,6.99,0.72,0.05,17079.0,11862958.0,1.44,7.0,6.9,6.95,6.94,2.01,0.59,36.83,3.81,2028122218.0,2028122218.0,0.0,0.58,-4.25,-13.17
1932,836260,中寰股份,14.08,0.72,0.1,1281.0,1794972.31,0.93,14.08,13.95,14.08,13.98,0.9,0.13,28.5,3.31,1457984000.0,1393366783.0,0.14,0.43,9.4,37.23
1933,601155,新城控股,12.59,0.72,0.09,14184.0,17892972.0,1.52,12.69,12.5,12.58,12.5,1.93,0.06,23.32,0.46,28398291757.0,28398291757.0,-0.08,-0.16,-3.3,5.27
1934,300407,凯发电气,9.75,0.72,0.07,4381.0,4261987.0,0.83,9.77,9.69,9.71,9.68,1.18,0.18,330.81,1.7,3102454807.0,2381535722.0,-0.1,0.1,-11.04,-4.13
1935,002289,*ST宇顺,15.41,0.72,0.11,56462.0,90231036.07,4.31,16.07,15.41,16.07,15.3,6.62,2.02,943.04,18.63,4318710026.0,4314087026.0,-1.22,-1.03,278.62,332.87
1936,002756,永兴材料,30.64,0.72,0.22,12622.0,38664390.6,1.22,30.77,30.4,30.47,30.42,2.15,0.32,21.57,1.34,16518071186.0,11909586550.0,0.13,0.2,-10.01,-17.7
1937,300985,致远新能,16.77,0.72,0.12,2107.0,3529972.6,1.68,16.94,16.66,16.66,16.65,1.45,0.11,35.03,3.17,3127814290.0,3111018028.0,-0.06,-0.06,-2.33,-8.91
1938,688981,中芯国际,83.06,0.72,0.59,33843.0,279951301.0,1.14,83.2,82.26,82.6,82.47,2.08,0.17,122.26,4.44,663297901459.0,165153109255.0,0.06,0.14,-14.87,-12.22
1939,601995,中金公司,33.59,0.72,0.24,26990.0,90518723.0,1.47,33.73,33.24,33.34,33.35,2.83,0.09,19.85,1.72,162147558196.0,98201790560.0,-0.06,-0.06,-4.71,-0.3
1940,000893,亚钾国际,29.26,0.72,0.21,24927.0,73002009.0,1.72,29.5,29.0,29.17,29.05,3.82,0.31,17.58,2.24,27037737732.0,23750929365.0,0.1,-0.07,18.32,45.14
1941,605488,福莱新材,34.9,0.72,0.25,76564.0,267602202.0,3.64,35.6,34.34,34.49,34.65,5.8,2.77,70.37,6.53,9818503552.0,9655516853.0,0.4,0.63,-9.14,133.44
1942,002766,索菱股份,5.58,0.72,0.04,47880.0,26879561.0,1.99,5.68,5.57,5.59,5.54,1.73,0.56,1124.86,5.91,4808539338.0,4747230399.0,0.18,0.18,-11.99,-2.96
1943,301378,通达海,26.65,0.72,0.19,4386.0,11668124.0,1.78,26.8,26.33,26.55,26.46,2.04,1.0,-21.49,1.94,2574390000.0,1168925205.0,-0.11,0.0,-20.26,-6.95
1944,688319,欧林生物,18.16,0.72,0.13,6779.0,12238136.0,1.72,18.16,17.85,18.02,18.03,0.82,0.17,-260.53,8.02,7371754176.0,7362232888.0,0.22,0.5,27.44,71.32
1945,002534,西子洁能,11.22,0.72,0.08,9838.0,11032265.0,0.72,11.25,11.17,11.18,11.14,1.39,0.13,38.64,2.09,8293898422.0,8199784445.0,0.0,-0.09,-13.02,2.84
1946,836892,广咨国际,15.65,0.71,0.11,3353.0,5204021.53,1.99,15.7,15.39,15.54,15.54,1.58,0.23,100.18,7.88,2665998674.0,2288281480.0,0.32,0.32,28.59,65.96
1947,300450,先导智能,19.81,0.71,0.14,33759.0,66715958.33,1.12,19.86,19.64,19.67,19.67,2.04,0.22,21.24,2.59,31025689704.0,30892132249.0,-0.05,0.05,-15.34,-1.05
1948,603048,浙江黎明,18.4,0.71,0.13,3703.0,6785235.0,1.42,18.44,18.18,18.31,18.27,1.34,0.25,50.37,2.08,2702592000.0,2702592000.0,0.16,0.44,-3.21,24.32
1949,000723,美锦能源,4.25,0.71,0.03,47510.0,20132252.0,0.71,4.25,4.22,4.22,4.22,1.74,0.11,-13.04,1.37,18714733824.0,18684000501.0,0.24,0.24,2.91,-5.76
1950,301360,荣旗科技,45.42,0.71,0.32,774.0,3507899.0,1.49,45.68,45.01,45.01,45.1,1.02,0.28,-81.91,2.12,2422702800.0,1262676000.0,0.11,0.0,-19.87,-15.36
1951,605378,DR野马电,17.11,0.71,0.12,25269.0,43056010.0,2.41,17.26,16.85,17.01,16.99,5.13,0.97,93.36,3.71,4471636904.0,4471636904.0,-0.18,1.06,-13.93,19.15
1952,600839,四川长虹,9.98,0.71,0.07,167932.0,166907855.0,1.01,9.99,9.89,9.91,9.91,2.03,0.36,33.34,3.07,46070117336.0,46057287137.0,0.0,0.3,-13.37,3.42
1953,300809,华辰装备,35.33,0.71,0.25,8151.0,28714734.8,1.14,35.42,35.02,35.36,35.08,1.39,0.58,94.97,5.47,8957539936.0,4985518898.0,-0.06,-0.08,-2.91,11.52
1954,002628,成都路桥,4.25,0.71,0.03,23532.0,9979885.32,0.95,4.26,4.22,4.25,4.22,1.75,0.31,194.22,1.11,3217676764.0,3204730996.0,0.0,0.24,-6.8,-6.18
1955,688005,容百科技,18.37,0.71,0.13,18697.0,34317862.0,0.88,18.43,18.27,18.29,18.24,2.23,0.4,-212.73,1.61,13129506884.0,8543527058.0,-0.11,0.22,-26.73,-13.84
1956,688006,杭可科技,17.13,0.71,0.12,4229.0,7226049.0,1.12,17.16,16.97,16.97,17.01,2.51,0.07,22.33,1.97,10340903964.0,10340903964.0,0.06,0.23,-12.82,-3.76
1957,002514,宝馨科技,5.64,0.71,0.04,38880.0,21793848.0,1.43,5.65,5.57,5.59,5.6,1.72,0.7,-42.81,26.38,4060993249.0,3124753249.0,0.0,0.71,-26.27,-29.59
1958,688073,毕得医药,45.71,0.71,0.32,4762.0,21696345.0,2.97,46.23,44.88,45.6,45.39,2.96,1.1,33.84,2.12,4154259553.0,1976234002.0,0.07,0.02,-15.27,-7.02
1959,300488,恒锋工具,31.09,0.71,0.22,3732.0,11533871.0,0.97,31.09,30.79,30.84,30.87,1.62,0.26,47.57,3.41,5382796126.0,4481725289.0,0.29,0.29,-32.28,13.63
1960,002276,万马股份,14.11,0.71,0.1,82058.0,115479088.49,1.21,14.15,13.98,14.03,14.01,1.29,0.82,43.73,2.49,14311629586.0,14181725871.0,0.14,0.21,-11.7,67.78
1961,300554,三超新材,19.77,0.71,0.14,2245.0,4429579.0,0.97,19.85,19.66,19.75,19.63,0.7,0.28,-90.23,3.46,2257962877.0,1564572514.0,0.0,0.2,-12.44,-9.73
1962,300049,福瑞股份,35.6,0.71,0.25,17166.0,60942508.59,3.14,36.09,34.98,35.8,35.35,1.48,0.74,82.78,5.32,9482277160.0,8313141725.0,-0.17,-0.17,7.39,12.87
1963,300270,中威电子,7.08,0.71,0.05,8687.0,6145095.0,1.0,7.11,7.04,7.06,7.03,1.26,0.34,-38.79,3.61,2143866678.0,1817491918.0,0.0,0.0,-14.08,-0.98
1964,003037,三和管桩,7.05,0.71,0.05,11873.0,8335899.0,0.86,7.05,6.99,7.01,7.0,2.1,0.2,30.52,1.51,4223476480.0,4174126480.0,0.14,0.28,16.72,-4.34
1965,688616,西力科技,11.52,0.7,0.08,4558.0,5220534.0,2.01,11.58,11.35,11.35,11.44,2.54,0.25,24.64,2.42,2066437613.0,2066437613.0,0.09,0.44,3.41,10.88
1966,301157,华塑科技,43.34,0.7,0.3,967.0,4171924.0,1.16,43.4,42.9,42.96,43.04,1.32,0.47,83.87,2.4,2600400000.0,895406784.0,-0.05,0.21,-28.74,-3.26
1967,002676,顺威股份,5.74,0.7,0.04,15587.0,8935721.0,1.05,5.76,5.7,5.7,5.7,1.72,0.22,44.61,3.3,4132800000.0,4132619839.0,-0.35,-0.17,-3.37,-3.53
1968,688391,钜泉科技,27.43,0.7,0.19,846.0,2313289.0,0.84,27.44,27.21,27.24,27.24,1.23,0.15,88.34,1.67,3158268805.0,1571937154.0,-0.04,0.29,-14.65,-9.62
1969,834033,康普化学,20.21,0.7,0.14,763.0,1538940.57,1.3,20.26,20.0,20.19,20.07,0.9,0.09,61.11,3.29,2407723403.0,1672598961.0,0.45,0.4,-13.63,7.44
1970,301286,侨源股份,27.18,0.7,0.19,1740.0,4713522.0,1.04,27.23,26.95,27.05,26.99,1.61,0.44,49.04,6.12,10874718000.0,1077931620.0,0.18,0.41,-6.98,-23.31
1971,003005,竞业达,21.44,0.7,0.15,17360.0,37158091.6,4.32,21.89,20.97,21.18,21.29,4.66,1.68,-58.45,2.74,4960973535.0,2215813602.0,-0.37,-0.88,-17.51,12.02
1972,300113,顺网科技,18.62,0.7,0.13,34240.0,63734082.61,2.27,18.77,18.35,18.41,18.49,2.21,0.66,43.31,5.51,12728000447.0,9647877515.0,-0.16,-0.37,-7.13,10.77
1973,601686,友发集团,5.72,0.7,0.04,6136.0,3503154.0,1.23,5.72,5.65,5.7,5.68,1.48,0.04,15.46,1.27,8200804040.0,8200804040.0,0.0,0.0,1.42,7.72
1974,605155,西大门,11.52,0.7,0.08,5024.0,5768043.0,1.14,11.54,11.41,11.47,11.44,2.22,0.27,23.95,1.76,2206626509.0,2178402509.0,0.17,0.0,1.77,17.43
1975,002771,真视通,15.86,0.7,0.11,15753.0,24879874.0,1.21,15.87,15.68,15.74,15.75,1.24,0.9,-52.44,5.09,3326858626.0,2767802428.0,0.0,0.06,-14.04,-9.78
1976,688577,浙海德曼,60.06,0.69,0.41,1527.0,9105105.0,2.01,60.2,59.0,59.42,59.65,2.13,0.19,562.13,4.93,4773900391.0,4773900391.0,0.13,0.1,12.92,53.29
1977,001269,欧晶科技,23.42,0.69,0.16,3451.0,8098539.92,1.63,23.66,23.28,23.46,23.26,1.9,0.41,-307.27,4.71,4506178029.0,1964954792.0,0.0,0.09,-2.17,-17.8
1978,605499,东鹏饮料,322.69,0.69,2.2,5076.0,162641962.0,1.48,322.73,318.0,320.5,320.49,1.79,0.1,42.81,22.81,167802994970.0,167802994970.0,0.31,0.95,42.79,31.16
1979,002363,隆基机械,7.33,0.69,0.05,13051.0,9513064.0,1.24,7.33,7.24,7.29,7.28,1.48,0.31,40.74,1.44,3062681446.0,3047507364.0,0.27,0.69,-0.68,11.57
1980,002429,兆驰股份,4.35,0.69,0.03,53811.0,23383779.0,0.69,4.36,4.33,4.33,4.32,1.99,0.12,14.71,1.25,19692191640.0,19680848628.0,0.0,-0.23,-19.89,-24.74
1981,600939,重庆建工,2.92,0.69,0.02,26489.0,7696767.0,1.03,2.92,2.89,2.91,2.9,2.2,0.14,-32.31,0.72,5553254391.0,5553254391.0,0.34,0.34,5.42,-2.99
1982,873223,荣亿精密,11.63,0.69,0.08,3710.0,4304999.41,1.21,11.68,11.54,11.54,11.55,1.24,0.45,-119.8,7.07,1829224550.0,948819013.0,0.43,0.26,-14.04,21.15
1983,300887,谱尼测试,7.29,0.69,0.05,16122.0,11720987.26,1.24,7.31,7.22,7.23,7.24,1.81,0.45,-8.96,1.35,3978578561.0,2640417734.0,0.0,0.0,-7.95,-4.58
1984,603590,康辰药业,31.97,0.69,0.22,5571.0,17759358.0,1.64,32.15,31.63,31.97,31.75,2.41,0.35,28.62,1.67,5094626570.0,5026882140.0,0.31,0.57,36.04,35.93
1985,603132,金徽股份,11.62,0.69,0.08,5879.0,6814838.0,1.04,11.63,11.51,11.57,11.54,3.0,0.06,30.28,3.67,11364360000.0,11364360000.0,0.09,0.26,2.11,5.54
1986,300455,航天智装,13.21,0.69,0.09,56884.0,75960410.8,3.58,13.53,13.06,13.08,13.12,2.48,0.8,448.69,5.13,9481714435.0,9360902380.0,-0.15,-0.38,-6.11,1.93
1987,301499,维科精密,26.1,0.69,0.18,2770.0,7205759.88,1.16,26.2,25.9,25.9,25.92,0.82,0.8,75.13,2.85,3608452003.0,902113014.0,0.42,0.42,-3.83,-1.1
1988,300625,三雄极光,11.73,0.69,0.08,1864.0,2180450.0,0.52,11.73,11.67,11.71,11.65,1.44,0.11,-53.49,1.59,3276552630.0,1913455734.0,0.09,0.09,0.26,0.6
1989,603366,日出东方,10.25,0.69,0.07,47304.0,48447828.0,1.08,10.28,10.17,10.2,10.18,1.07,0.58,-44.54,2.03,8333743035.0,8333743035.0,0.0,0.1,-8.65,-12.47
1990,002780,三夫户外,13.08,0.69,0.09,17552.0,22866216.1,1.31,13.11,12.94,13.0,12.99,1.99,1.34,40.66,3.03,2061244317.0,1708937761.0,0.23,0.23,16.16,3.4
1991,002107,沃华医药,5.84,0.69,0.04,35864.0,20842170.2,1.9,5.87,5.76,5.8,5.8,4.17,0.63,36.86,4.68,3370904064.0,3326561236.0,0.17,0.69,30.07,22.18
1992,003025,思进智能,16.15,0.69,0.11,5006.0,8087073.14,1.25,16.22,16.02,16.02,16.04,1.61,0.25,23.81,3.28,3821541635.0,3209796770.0,-0.06,0.0,1.64,14.62
1993,603348,文灿股份,20.39,0.69,0.14,4724.0,9612924.0,0.64,20.4,20.27,20.27,20.25,1.09,0.15,415.26,1.5,6412189945.0,6412189945.0,0.0,0.0,-13.05,-13.82
1994,002702,海欣食品,4.35,0.69,0.03,72758.0,31479361.8,2.08,4.37,4.28,4.32,4.32,3.57,1.59,491.36,2.25,2417556000.0,1995535313.0,0.0,0.0,6.36,0.93
1995,300415,伊之密,20.57,0.69,0.14,7601.0,15606204.0,0.88,20.63,20.45,20.5,20.43,1.31,0.17,18.19,3.36,9638322068.0,9320105299.0,0.05,0.15,-14.22,2.54
1996,002973,侨银股份,13.39,0.68,0.09,82706.0,109239641.81,5.19,13.61,12.92,13.12,13.3,2.99,3.71,20.24,2.21,5472031889.0,2984617476.0,0.22,-0.07,-0.07,26.56
1997,688339,亿华通-U,20.6,0.68,0.14,4080.0,8396176.0,0.98,20.66,20.46,20.46,20.46,2.64,0.21,-12.83,1.93,4772032869.0,4033214651.0,-0.1,-0.05,-14.98,-14.52
1998,301083,百胜智能,14.88,0.68,0.1,4001.0,5962150.4,1.62,15.02,14.78,14.87,14.78,1.35,0.47,151.1,3.28,2646656005.0,1273875565.0,0.0,0.0,-2.87,5.76
1999,000521,长虹美菱,7.38,0.68,0.05,18065.0,13300491.47,1.09,7.4,7.32,7.33,7.33,1.4,0.21,10.46,1.21,7600837017.0,6461778894.0,-0.14,-0.27,-6.58,-9.56
2000,600319,亚星化学,5.9,0.68,0.04,4834.0,2837769.0,1.37,5.92,5.84,5.86,5.86,1.1,0.15,-12.42,4.57,2287485366.0,1862004600.0,0.0,0.34,16.14,22.92
2001,600654,中安科,2.94,0.68,0.02,51058.0,14989441.0,1.71,2.96,2.91,2.92,2.92,1.75,0.22,246.39,5.06,8457226226.0,6761321848.0,0.0,0.0,-15.76,-8.98
2002,831396,许昌智能,11.77,0.68,0.08,5704.0,6684431.29,1.2,11.79,11.65,11.76,11.69,1.13,0.39,261.63,3.37,1948817750.0,1708043945.0,-0.08,0.26,-14.4,25.21
2003,300926,博俊科技,23.82,0.68,0.16,6862.0,16329850.0,1.31,23.97,23.66,23.78,23.66,1.29,0.24,17.31,3.7,10340664272.0,6743427851.0,0.13,0.13,-13.48,8.97
2004,000010,美丽生态,2.98,0.68,0.02,59580.0,17828900.0,2.36,3.03,2.96,2.97,2.96,3.2,1.13,-147.79,11.57,3425963830.0,1567335056.0,-0.33,0.0,3.11,6.05
2005,002661,克明食品,10.32,0.68,0.07,12370.0,12688805.0,1.07,10.32,10.21,10.23,10.25,1.76,0.39,10.02,1.5,3437981497.0,3248381394.0,0.19,0.19,6.83,5.41
2006,601121,宝地矿业,5.94,0.68,0.04,16827.0,10006797.0,1.69,5.98,5.88,5.91,5.9,4.67,0.44,59.28,1.56,4752000000.0,2257200000.0,0.0,0.0,-2.14,-15.14
2007,601880,辽港股份,1.49,0.68,0.01,63648.0,9436980.0,0.68,1.49,1.48,1.49,1.48,1.48,0.03,43.6,0.89,35619157257.0,27932670418.0,0.68,0.68,0.0,-13.87
2008,605020,永和股份,20.73,0.68,0.14,5975.0,12331107.0,1.26,20.78,20.52,20.6,20.59,2.42,0.16,25.04,2.17,9753254964.0,7859187596.0,-0.14,0.0,-4.47,1.97
2009,002476,宝莫股份,4.45,0.68,0.03,26591.0,11793350.0,1.58,4.47,4.4,4.4,4.42,1.76,0.43,50.66,2.89,2723400000.0,2723088278.0,0.0,0.68,2.77,5.45
2010,301558,三态股份,8.94,0.68,0.06,39459.0,35071470.0,1.69,8.96,8.81,8.87,8.88,1.55,1.8,125.89,5.27,7052329934.0,1960379757.0,0.11,0.0,4.68,2.05
2011,603916,苏博特,8.9,0.68,0.06,11055.0,9823471.0,1.47,8.97,8.84,8.87,8.84,1.49,0.26,39.57,0.92,3850265659.0,3740795659.0,0.11,0.45,14.84,19.3
2012,836720,吉冈精密,20.79,0.68,0.14,5514.0,11409013.23,1.07,20.79,20.57,20.69,20.65,2.19,1.08,63.16,7.91,3954661326.0,1063087482.0,0.29,0.34,-7.6,35.0
2013,837092,汉鑫科技,43.02,0.68,0.29,2264.0,9694456.12,1.5,43.18,42.54,42.6,42.73,1.6,0.71,-85.25,6.89,2670668694.0,1373615909.0,0.02,0.26,-23.45,22.91
2014,831855,浙江大农,20.62,0.68,0.14,1754.0,3605326.89,1.32,20.66,20.39,20.43,20.48,1.47,0.26,28.35,2.7,1541001326.0,1383074355.0,-0.1,-0.05,-5.33,23.47
2015,300877,金春股份,16.23,0.68,0.11,3160.0,5100526.0,1.24,16.23,16.03,16.1,16.12,1.69,0.26,139.38,1.24,1947600000.0,1947582959.0,0.25,0.56,18.64,16.34
2016,601798,蓝科高新,7.43,0.68,0.05,16453.0,12195475.0,0.95,7.45,7.38,7.44,7.38,1.57,0.46,101.56,2.12,2634144511.0,2634144511.0,-0.27,-0.27,14.84,-0.8
2017,873593,鼎智科技,35.6,0.68,0.24,4617.0,16349005.39,1.39,35.68,35.19,35.48,35.36,1.16,0.29,132.44,10.26,6701571555.0,5753325861.0,0.51,0.51,-15.82,32.54
2018,600481,双良节能,4.47,0.68,0.03,34880.0,15615257.0,1.35,4.5,4.44,4.45,4.44,2.08,0.19,-12.98,1.89,8375742178.0,8375742178.0,-0.22,-0.22,-20.88,-18.73
2019,603556,海兴电力,26.59,0.68,0.18,7887.0,21002410.0,0.87,26.73,26.5,26.5,26.41,1.43,0.16,22.93,1.78,12929764280.0,12929764280.0,-0.15,-0.15,-19.81,-28.12
2020,603106,恒银科技,8.82,0.68,0.06,107994.0,96646718.0,6.74,9.28,8.69,8.69,8.76,4.71,2.07,214.63,3.54,4590986400.0,4590986400.0,-0.23,0.11,-1.67,12.5
2021,600773,西藏城投,8.83,0.68,0.06,11599.0,10216109.0,1.37,8.85,8.73,8.77,8.77,1.94,0.12,-61.09,1.75,8402512018.0,8402512018.0,0.11,0.11,-13.43,-18.09
2022,002334,英威腾,7.56,0.67,0.05,20367.0,15345070.0,1.33,7.57,7.47,7.51,7.51,1.3,0.28,44.24,2.08,6147420199.0,5445906586.0,0.0,0.27,-19.92,0.53
2023,835368,连城数控,28.44,0.67,0.19,4384.0,12429861.23,1.31,28.5,28.13,28.25,28.25,1.65,0.2,20.98,1.56,6677155714.0,6352632391.0,0.07,-0.14,-21.41,-3.2
2024,301036,双乐股份,34.79,0.67,0.23,1613.0,5592652.0,0.9,34.81,34.5,34.5,34.56,1.12,0.23,39.72,2.13,3479000000.0,2450403557.0,0.17,0.03,-15.23,-10.79
2025,003019,宸展光电,30.2,0.67,0.2,6436.0,19362102.5,1.53,30.25,29.79,29.79,30.0,1.1,0.38,26.58,3.31,5281642424.0,5094109484.0,0.13,0.07,-8.84,18.06
2026,002779,中坚科技,97.8,0.67,0.65,7488.0,72949605.0,1.5,98.3,96.84,98.1,97.15,1.56,0.63,76.46,16.75,12909600000.0,11582896545.0,0.31,0.15,-22.19,43.82
2027,000547,航天发展,7.46,0.67,0.05,52102.0,38921762.0,1.75,7.51,7.38,7.39,7.41,2.99,0.33,-16.47,2.38,11924573287.0,11849096192.0,0.13,0.0,-3.74,2.05
2028,603738,泰晶科技,13.44,0.67,0.09,9486.0,12726920.0,1.2,13.47,13.31,13.35,13.35,2.01,0.24,150.55,2.96,5232498056.0,5232498056.0,-0.15,0.07,-20.05,-10.28
2029,688721,龙图光罩,40.66,0.67,0.27,1208.0,4901503.0,1.46,40.99,40.4,40.99,40.39,1.8,0.45,78.29,4.64,5428110000.0,1085622000.0,0.2,0.0,-24.61,-30.66
2030,835438,戈碧迦,19.47,0.67,0.13,4302.0,8331051.4,1.29,19.53,19.28,19.5,19.34,1.74,0.31,80.16,2.86,2815946100.0,2714002154.0,0.36,0.46,-3.61,22.53
2031,603519,立霸股份,13.43,0.67,0.09,2569.0,3439843.0,0.9,13.44,13.32,13.32,13.34,1.37,0.1,25.76,2.61,3576782878.0,3576782878.0,0.0,0.45,9.63,13.62
2032,834062,科润智控,10.46,0.67,0.07,12139.0,12620620.96,1.73,10.48,10.3,10.43,10.39,1.48,0.92,40.95,2.7,1951692457.0,1382302127.0,0.1,0.0,15.07,37.09
2033,605162,新中港,7.48,0.67,0.05,4368.0,3250975.0,0.94,7.48,7.41,7.43,7.43,0.99,0.11,48.47,2.31,2995984858.0,2995984858.0,0.13,0.54,3.03,10.16
2034,600802,福建水泥,4.52,0.67,0.03,7929.0,3571128.0,1.11,4.53,4.48,4.53,4.49,1.26,0.17,-26.0,1.83,2071282768.0,2071282768.0,0.0,0.0,11.33,19.26
2035,300800,力合科技,10.48,0.67,0.07,6920.0,7207526.0,1.34,10.49,10.35,10.43,10.41,1.74,0.3,53.24,1.24,2481234320.0,2456318120.0,0.19,0.29,0.58,2.04
2036,002571,德力股份,6.04,0.67,0.04,22548.0,13535016.0,1.67,6.05,5.95,6.0,6.0,1.9,0.76,-20.95,2.27,2367382228.0,1801769376.0,0.17,0.33,21.04,47.32
2037,601611,中国核建,9.08,0.67,0.06,96362.0,87692253.0,0.89,9.13,9.05,9.06,9.02,1.89,0.32,12.41,1.29,27365614645.0,27365614645.0,-0.11,-0.33,0.89,0.44
2038,002719,麦趣尔,9.07,0.67,0.06,21386.0,19341936.0,1.66,9.1,8.95,8.95,9.01,1.41,1.32,562.05,6.99,1579444875.0,1468181716.0,-0.11,0.0,20.77,15.84
2039,603903,中持股份,7.5,0.67,0.05,11491.0,8559986.0,1.48,7.51,7.4,7.4,7.45,2.89,0.45,155.27,1.26,1914896100.0,1914896100.0,0.27,0.13,9.17,16.64
2040,301557,常友科技,69.49,0.67,0.46,723.0,5014865.0,0.72,69.55,69.05,69.38,69.03,1.47,0.65,69.91,3.2,3078953956.0,769949200.0,-0.01,0.14,-27.54,150.14
2041,603501,韦尔股份,125.44,0.67,0.84,15638.0,195382987.0,1.12,125.73,124.33,124.66,124.6,2.06,0.13,44.07,6.11,152653993247.0,152653993247.0,-0.13,0.07,-13.54,20.14
2042,300982,苏文电能,17.92,0.67,0.12,7122.0,12709082.0,1.07,17.96,17.77,17.8,17.8,1.15,0.37,25.22,1.26,3708815416.0,3474394936.0,-0.11,0.28,2.34,-6.23
2043,603757,大元泵业,22.91,0.66,0.15,4769.0,10975949.0,2.59,23.44,22.85,22.85,22.76,3.09,0.29,24.06,2.31,3774351594.0,3774351594.0,-0.04,-0.13,4.18,14.26
2044,300140,节能环境,6.1,0.66,0.04,14411.0,8821037.0,1.49,6.15,6.06,6.08,6.06,1.73,0.14,16.77,1.37,18904308798.0,6222739625.0,-0.16,0.0,1.5,1.84
2045,603278,大业股份,9.15,0.66,0.06,9987.0,9116658.0,1.1,9.17,9.07,9.15,9.09,1.41,0.29,158.62,1.56,3127098437.0,3127098437.0,-0.11,-0.11,-31.46,20.55
2046,688671,碧兴物联,19.84,0.66,0.13,746.0,1478184.0,1.22,19.94,19.7,19.75,19.71,1.1,0.16,-38.09,1.43,1557814976.0,909973940.0,-0.3,-0.3,-0.3,17.47
2047,603396,金辰股份,24.3,0.66,0.16,3197.0,7760640.0,0.83,24.34,24.14,24.16,24.14,2.15,0.23,35.84,1.3,3366217715.0,3366217715.0,-0.08,-0.04,-9.26,-9.67
2048,001337,四川黄金,24.33,0.66,0.16,49944.0,120405866.0,2.44,24.39,23.8,23.8,24.17,3.75,1.73,26.65,7.03,10218600000.0,7018134480.0,0.16,0.12,12.43,17.94
2049,001330,博纳影业,4.57,0.66,0.03,24865.0,11358140.0,1.32,4.59,4.53,4.55,4.54,1.49,0.24,-1.64,1.45,6281551757.0,4822163848.0,0.0,-0.44,-4.19,-25.45
2050,002679,福建金森,9.1,0.66,0.06,6760.0,6134320.0,0.88,9.13,9.05,9.06,9.04,1.34,0.29,-25.58,2.88,2145379600.0,2145379600.0,0.11,0.33,2.59,12.07
2051,301218,华是科技,19.94,0.66,0.13,5531.0,10986077.0,1.51,20.06,19.76,19.8,19.81,2.3,0.79,-290.87,2.43,2273957600.0,1397172590.0,-0.05,-0.05,-16.6,-8.15
2052,833873,中设咨询,6.09,0.66,0.04,14489.0,8777680.11,0.99,6.09,6.03,6.06,6.05,1.58,1.31,-21.4,3.07,934126842.0,671139419.0,0.16,0.5,2.35,37.78
2053,600584,长电科技,32.24,0.66,0.21,29306.0,94275716.0,0.78,32.28,32.03,32.09,32.03,2.04,0.16,70.92,2.07,57690725737.0,57690725737.0,0.03,0.06,-14.53,-21.1
2054,002465,海格通信,13.79,0.66,0.09,950500.0,1314275515.78,3.43,13.98,13.51,13.67,13.7,3.55,3.84,187.68,2.74,34224490143.0,34170063233.0,-0.58,-0.29,16.96,26.28
2055,301051,信濠光电,21.23,0.66,0.14,1018.0,2158339.0,0.76,21.29,21.13,21.22,21.09,1.17,0.08,-8.53,1.62,3592177142.0,2848499265.0,0.05,0.0,-13.31,-21.54
2056,300587,天铁科技,6.07,0.66,0.04,73862.0,44571834.0,2.16,6.1,5.97,6.0,6.03,1.71,0.72,172.51,2.89,7079706848.0,6203649078.0,0.17,0.33,39.54,38.27
2057,600844,丹化科技,3.11,0.65,0.02,40197.0,12437012.0,1.62,3.13,3.08,3.09,3.09,1.61,0.49,-21.58,16.41,3161390386.0,2558692272.0,0.32,0.97,18.25,21.48
2058,002408,齐翔腾达,4.66,0.65,0.03,121937.0,56918316.32,1.3,4.7,4.64,4.65,4.63,11.26,0.45,613.23,1.14,13247642685.0,12677976857.0,0.0,0.0,-1.06,-7.36
2059,601116,三江购物,10.87,0.65,0.07,9959.0,10794889.0,1.11,10.88,10.76,10.85,10.8,1.8,0.18,21.03,1.88,5953264208.0,5953264208.0,0.0,0.18,-6.45,-0.09
2060,601992,金隅集团,1.55,0.65,0.01,15079.0,2325082.0,1.3,1.55,1.53,1.54,1.54,0.65,0.02,-3.35,0.4,16550545258.0,12917945309.0,0.65,0.65,-7.74,-12.92
2061,603579,荣泰健康,23.19,0.65,0.15,5980.0,13805345.0,1.17,23.22,22.95,22.97,23.04,1.0,0.34,23.41,2.02,4113826481.0,4113826481.0,0.17,0.22,35.38,59.93
2062,688610,埃科光电,35.75,0.65,0.23,449.0,1598887.0,0.87,35.75,35.44,35.55,35.52,1.88,0.11,70.48,1.66,2431000000.0,1439029306.0,0.22,0.17,-5.22,3.03
2063,870726,鸿智科技,18.62,0.65,0.12,2724.0,5047102.01,1.51,18.68,18.4,18.68,18.5,1.13,0.34,56.12,6.4,1645295543.0,1492995897.0,0.32,0.7,-1.01,42.25
2064,603109,神驰机电,26.29,0.65,0.17,15270.0,40044975.0,2.14,26.51,25.95,26.14,26.12,1.09,0.73,19.73,2.76,5490623384.0,5490623384.0,-0.38,-0.6,20.87,48.11
2065,600807,济高发展,3.1,0.65,0.02,36137.0,11180865.0,0.97,3.11,3.08,3.1,3.08,1.13,0.46,-25.97,40.34,2742367666.0,2439757238.0,0.32,0.65,0.32,-11.43
2066,688708,佳驰科技,55.44,0.65,0.36,3129.0,17265188.0,1.89,55.6,54.56,55.05,55.08,2.11,0.88,225.08,7.21,22176554400.0,1979794278.0,0.31,0.0,-0.7,-8.97
2067,300507,苏奥传感,7.72,0.65,0.05,33742.0,25927709.0,1.17,7.73,7.64,7.67,7.67,1.32,0.44,54.6,3.01,6180994122.0,5988147295.0,0.0,0.0,-5.51,15.22
2068,002721,ST金一,3.1,0.65,0.02,165192.0,51112465.0,1.62,3.12,3.07,3.08,3.08,3.41,0.62,-98.45,3.99,8244073707.0,8244073707.0,0.0,0.0,16.98,15.67
2069,603005,晶方科技,26.24,0.65,0.17,23196.0,60731900.0,1.11,26.27,25.98,25.98,26.07,1.6,0.36,65.46,3.94,17112985565.0,17112985565.0,0.04,-0.08,-24.94,-7.12
2070,301023,江南奕帆,44.65,0.65,0.29,2473.0,10998504.6,1.35,44.71,44.11,44.2,44.36,1.07,0.59,51.67,4.34,3491066071.0,1857477595.0,-0.07,0.11,-8.93,33.84
2071,300513,恒实科技,7.79,0.65,0.05,13169.0,10224676.12,1.29,7.81,7.71,7.78,7.74,1.94,0.47,-19.46,1.78,2443654097.0,2192392703.0,-0.26,0.0,-11.28,-14.68
2072,300230,永利股份,4.62,0.65,0.03,23862.0,11005728.0,0.87,4.63,4.59,4.61,4.59,0.99,0.38,27.93,1.21,3757046097.0,2909779945.0,0.0,0.22,-2.94,3.82
2073,688371,菲沃泰,15.4,0.65,0.1,2040.0,3145702.0,1.57,15.49,15.25,15.3,15.3,1.61,0.16,204.57,2.71,5166274282.0,1954860939.0,-0.13,0.0,-7.28,-0.77
2074,688085,三友医疗,20.58,0.64,0.13,7984.0,16295769.0,1.81,20.6,20.23,20.28,20.45,3.76,0.32,111.49,2.82,5718881841.0,5113173750.0,1.33,1.53,12.95,-2.88
2075,300441,鲍斯股份,7.86,0.64,0.05,11230.0,8805344.0,0.9,7.87,7.8,7.81,7.81,1.48,0.18,27.18,2.15,5065108722.0,4927899595.0,0.0,0.13,-16.38,-6.65
2076,002755,奥赛康,17.35,0.64,0.11,14206.0,24408383.8,2.73,17.49,17.02,17.23,17.24,1.43,0.15,73.56,5.12,16103582090.0,16103429844.0,0.46,1.17,20.65,36.51
2077,603344,星德胜,25.33,0.64,0.16,4312.0,10870899.0,1.27,25.38,25.06,25.06,25.17,1.14,0.8,29.66,2.46,4927469723.0,1368604723.0,0.0,0.6,2.88,5.02
2078,002791,坚朗五金,22.08,0.64,0.14,5306.0,11696702.35,0.96,22.1,21.89,21.89,21.94,1.82,0.28,-48.1,1.42,7813781087.0,4223380351.0,0.0,0.05,4.69,-2.04
2079,603185,弘元绿能,14.08,0.64,0.09,10640.0,15020457.0,1.22,14.18,14.01,14.02,13.99,1.82,0.16,-38.63,0.81,9560632604.0,9560632604.0,-0.07,-0.14,-12.44,-13.35
2080,688581,安杰思,64.4,0.64,0.41,694.0,4456889.0,0.92,64.48,63.89,64.16,63.99,1.29,0.17,23.18,2.13,5215034334.0,2667217190.0,0.33,0.34,-8.43,7.89
2081,300119,瑞普生物,25.22,0.64,0.16,26739.0,66999469.0,2.63,25.3,24.64,24.99,25.06,1.53,0.8,25.32,2.65,11748684189.0,8447742170.0,0.0,0.36,56.16,39.49
2082,603090,宏盛股份,25.07,0.64,0.16,10380.0,26145452.0,1.81,25.41,24.96,24.96,24.91,3.1,1.04,26.71,4.38,2507000000.0,2507000000.0,-0.32,-0.08,31.67,45.67
2083,688051,佳华科技,23.68,0.64,0.15,1984.0,4683554.0,2.29,23.9,23.36,23.71,23.53,2.23,0.26,-34.45,2.59,1831269120.0,1831269120.0,-0.38,0.13,-5.62,13.74
2084,300745,欣锐科技,17.27,0.64,0.11,10582.0,18156978.0,2.33,17.35,16.95,17.06,17.16,1.36,0.75,-21.23,1.27,2894700533.0,2439995663.0,0.06,0.23,-8.53,8.48
2085,001229,魅视科技,31.28,0.64,0.2,2335.0,7283293.0,1.35,31.39,30.97,31.07,31.08,1.05,0.79,133.5,3.13,3128000000.0,919816834.0,0.03,0.0,-11.26,-12.45
2086,301106,骏成科技,28.11,0.64,0.18,1527.0,4287373.0,1.36,28.26,27.88,28.19,27.93,1.93,0.52,28.72,2.35,2856575727.0,820399739.0,0.04,0.04,-9.53,1.26
2087,600586,金晶科技,4.71,0.64,0.03,12200.0,5724336.0,0.64,4.71,4.68,4.7,4.68,1.67,0.09,197.43,1.15,6729506700.0,6729506700.0,0.21,0.21,-21.63,-16.19
2088,000970,中科三环,11.07,0.64,0.07,48574.0,53624402.0,1.82,11.15,10.95,11.0,11.0,3.07,0.4,249.41,2.09,13458084307.0,13458084307.0,0.18,0.36,-14.12,6.96
2089,300555,ST路通,11.08,0.64,0.07,3260.0,3597565.0,1.82,11.17,10.97,10.97,11.01,1.3,0.16,-138.07,4.37,2216000000.0,2191875660.0,0.0,-0.18,19.27,27.5
2090,300219,鸿利智汇,6.27,0.64,0.04,10605.0,6630136.0,0.96,6.28,6.22,6.24,6.23,1.14,0.15,179.76,1.71,4438805783.0,4430606253.0,0.0,-0.16,-12.8,-16.29
2091,600030,中信证券,25.75,0.63,0.16,131603.0,338982571.0,1.29,25.89,25.56,25.58,25.59,2.5,0.11,14.58,1.42,381629080847.0,313546187581.0,-0.08,-0.12,-5.82,-11.72
2092,600111,北方稀土,23.8,0.63,0.15,133038.0,316586835.0,1.82,23.94,23.51,23.6,23.65,4.48,0.37,49.95,3.76,86038567040.0,86038567040.0,0.0,0.04,4.62,12.16
2093,872392,佳合科技,27.29,0.63,0.17,2859.0,7824435.68,1.33,27.5,27.14,27.23,27.12,1.18,1.02,77.09,4.84,1601923000.0,766112170.0,-0.07,0.0,19.59,52.46
2094,603189,网达软件,17.56,0.63,0.11,8994.0,15781529.0,1.26,17.63,17.41,17.59,17.45,1.12,0.33,393.34,3.07,4733269008.0,4733269008.0,0.0,0.0,1.15,18.73
2095,301552,科力装备,36.79,0.63,0.23,1614.0,5911026.2,1.09,36.82,36.42,36.42,36.56,1.31,0.8,23.54,3.14,3502408000.0,745978616.0,0.14,0.77,-5.64,-10.64
2096,605369,拱东医疗,27.17,0.63,0.17,3035.0,8205875.0,1.37,27.2,26.83,27.09,27.0,1.58,0.19,39.05,2.47,4281405536.0,4281405536.0,-0.11,0.18,-4.67,-3.24
2097,688162,巨一科技,27.29,0.63,0.17,2244.0,6106620.0,2.32,27.5,26.87,27.5,27.12,1.46,0.16,35.34,1.59,3744154570.0,3741480150.0,-0.04,0.04,5.16,0.59
2098,002368,太极股份,24.11,0.63,0.15,19282.0,46568793.0,1.59,24.38,24.0,24.1,23.96,2.64,0.31,231.01,2.86,15026106305.0,14953419429.0,-0.04,-0.17,-12.33,1.82
2099,300885,海昌新材,12.68,0.63,0.08,6850.0,8649592.3,0.95,12.68,12.56,12.6,12.6,1.68,0.41,44.65,3.68,3146564824.0,2117785387.0,0.24,0.32,-6.28,15.27
2100,603324,盛剑科技,24.12,0.63,0.15,1105.0,2657629.0,0.92,24.14,23.92,23.92,23.97,0.85,0.07,43.6,2.13,3595666327.0,3595666327.0,0.17,0.25,-11.91,-6.84
2101,688516,奥特维,33.53,0.63,0.21,5173.0,17377573.0,1.26,33.81,33.39,33.58,33.32,2.76,0.18,18.73,2.95,10583337312.0,9789012182.0,-0.03,-0.15,-20.15,-22.58
2102,001215,千味央厨,28.69,0.63,0.18,9263.0,26580630.0,1.47,28.9,28.48,28.71,28.51,2.96,0.96,32.5,1.51,2787533196.0,2776947992.0,-0.1,-0.35,-2.22,-6.49
2103,600665,天地源,3.18,0.63,0.02,8759.0,2773825.0,0.95,3.18,3.15,3.18,3.16,1.53,0.1,-11.11,0.98,2747909617.0,2747909617.0,0.32,0.32,3.58,1.6
2104,002542,中化岩土,3.2,0.63,0.02,50590.0,16175070.0,0.94,3.21,3.18,3.19,3.18,1.42,0.29,-28.01,7.53,5779573562.0,5627668109.0,0.31,0.0,-19.8,-18.37
2105,601012,隆基绿能,14.44,0.63,0.09,79793.0,115241052.0,0.7,14.49,14.39,14.4,14.35,1.32,0.11,-19.05,1.86,109427038188.0,109426929224.0,0.0,0.0,-15.36,-8.08
2106,688348,昱能科技,40.09,0.63,0.25,1914.0,7665713.0,0.98,40.19,39.8,39.86,39.84,1.81,0.24,54.24,1.72,6265162369.0,3230736157.0,0.0,0.15,-15.69,-17.85
2107,600356,恒丰纸业,8.02,0.63,0.05,6371.0,5097619.0,0.63,8.03,7.98,8.03,7.97,1.26,0.21,21.37,0.92,2395825652.0,2395825652.0,0.25,0.38,3.22,5.11
2108,301458,钧崴电子,30.15,0.63,0.19,2504.0,7537586.0,1.07,30.2,29.88,29.99,29.96,1.05,0.41,58.41,5.13,8040001005.0,1841714046.0,-0.03,0.03,-15.45,195.59
2109,002520,日发精机,6.4,0.63,0.04,65174.0,41783611.0,1.42,6.46,6.37,6.39,6.36,1.29,0.91,-24.96,10.29,4801569094.0,4591617094.0,0.0,0.0,-16.34,11.3
2110,002959,小熊电器,49.34,0.63,0.31,3812.0,18767912.0,1.26,49.51,48.89,48.96,49.03,1.19,0.25,14.93,2.69,7748288175.0,7617123953.0,-0.06,-0.02,17.09,2.98
2111,688719,爱科赛博,32.08,0.63,0.2,5348.0,17209935.0,1.91,32.49,31.88,32.2,31.88,1.19,0.61,-43.96,2.19,3701564209.0,2796335902.0,-0.43,0.22,0.25,13.36
2112,000009,中国宝安,7.98,0.63,0.05,22084.0,17641078.68,1.01,8.01,7.93,7.93,7.93,1.66,0.09,30.52,2.04,20582127441.0,20360413986.0,-0.25,-0.37,-7.64,-12.79
2113,000526,学大教育,49.82,0.63,0.31,1790.0,8903613.0,1.17,50.08,49.5,49.65,49.51,1.7,0.15,20.57,7.12,6071120450.0,5868709263.0,-0.1,-0.32,0.79,18.45
2114,600261,阳光照明,3.26,0.62,0.02,15109.0,4912704.0,0.62,3.26,3.24,3.25,3.24,1.27,0.11,18.2,1.21,4352272669.0,4352272669.0,0.31,0.0,-2.1,-0.31
2115,603729,龙韵股份,16.27,0.62,0.1,5815.0,9437305.0,1.36,16.33,16.11,16.25,16.17,1.9,0.62,-135.0,4.12,1518609260.0,1518609260.0,0.18,0.43,1.75,10.83
2116,301314,科瑞思,37.18,0.62,0.23,567.0,2104675.8,0.95,37.27,36.92,37.04,36.95,1.29,0.35,214.87,1.98,2054195000.0,604175000.0,0.05,0.05,-2.9,6.08
2117,601968,宝钢包装,4.84,0.62,0.03,8410.0,4058326.0,0.83,4.84,4.8,4.81,4.81,1.37,0.07,26.91,1.36,6174772586.0,5483909602.0,0.0,0.21,3.2,-2.22
2118,002351,漫步者,13.07,0.62,0.08,8627.0,11254513.0,1.08,13.1,12.96,12.97,12.99,0.92,0.17,28.43,4.01,11620628490.0,6810047367.0,0.0,-0.08,-14.58,-20.79
2119,300122,智飞生物,19.61,0.62,0.12,49254.0,96332756.0,1.74,19.69,19.35,19.5,19.49,2.53,0.35,-38.46,1.54,46942216939.0,27734545523.0,0.2,0.46,-20.8,-25.44
2120,301197,工大科雅,16.34,0.62,0.1,5361.0,8726460.0,1.6,16.43,16.17,16.24,16.24,3.18,0.65,286.92,1.45,1969623600.0,1344667620.0,-0.06,-0.06,3.68,8.64
2121,002863,今飞凯达,4.86,0.62,0.03,20190.0,9769620.0,1.45,4.87,4.8,4.84,4.83,1.4,0.34,28.73,1.05,2913490072.0,2913490072.0,0.21,0.21,0.41,4.74
2122,605111,新洁能,30.71,0.62,0.19,6181.0,18964648.0,0.85,30.78,30.52,30.66,30.52,1.35,0.15,29.45,3.14,12754863133.0,12754863133.0,-0.1,-0.07,-13.83,-9.44
2123,300395,菲利华,45.43,0.62,0.28,5952.0,26996526.0,1.77,45.73,44.93,45.35,45.15,1.13,0.12,56.45,5.68,23726620384.0,23307542763.0,0.11,-0.07,3.13,21.21
2124,688312,燕麦科技,22.73,0.62,0.14,2667.0,6051015.0,1.77,22.81,22.41,22.71,22.59,1.58,0.18,328.67,2.31,3309506548.0,3309506548.0,0.0,-0.13,-23.52,-26.2
2125,300566,激智科技,17.88,0.62,0.11,6150.0,10978694.0,1.29,17.95,17.72,17.8,17.77,1.73,0.27,20.04,2.3,4715698914.0,4080636770.0,-0.06,-0.11,-15.66,-9.33
2126,603408,建霖家居,11.44,0.62,0.07,3752.0,4289542.0,0.79,11.46,11.37,11.37,11.37,1.62,0.08,10.38,1.5,5120235120.0,5120235120.0,-0.09,-0.09,-7.89,-8.7
2127,002513,蓝丰生化,4.89,0.62,0.03,16517.0,8060913.0,1.65,4.93,4.85,4.86,4.86,1.64,0.63,-20.71,146.43,1835120559.0,1290256671.0,0.0,0.2,9.64,9.15
2128,603319,美湖股份,34.82,0.61,0.21,12424.0,43102123.0,1.16,34.9,34.5,34.6,34.61,0.85,0.51,38.85,3.45,8453697862.0,8435136991.0,0.03,0.14,-9.32,76.75
2129,601698,中国卫通,19.72,0.61,0.12,51367.0,101783501.0,2.09,19.99,19.58,19.58,19.6,2.7,0.12,295.64,5.27,83304880325.0,83304880325.0,0.0,0.0,-7.37,-3.33
2130,870204,沪江材料,21.27,0.61,0.13,2574.0,5489011.11,1.28,21.42,21.15,21.42,21.14,1.03,0.51,93.12,4.16,2005501442.0,1063222171.0,-0.33,-0.28,-10.03,21.96
2131,300030,阳普医疗,6.55,0.61,0.04,26128.0,17128055.0,1.84,6.62,6.5,6.56,6.51,3.38,1.01,64.84,3.3,2025176913.0,1702506615.0,0.31,0.15,8.09,18.66
2132,002182,宝武镁业,11.47,0.61,0.07,18092.0,20753703.2,0.96,11.51,11.4,11.41,11.4,2.06,0.21,100.91,2.14,11375849113.0,9927427916.0,-0.09,-0.09,-12.04,1.68
2133,300024,机器人,16.45,0.61,0.1,35742.0,58633715.0,0.92,16.46,16.31,16.36,16.35,1.85,0.23,-128.09,5.88,25754448178.0,25222751343.0,0.12,-0.06,-15.21,-8.36
2134,688362,甬矽电子,26.43,0.61,0.16,5163.0,13597893.0,1.14,26.45,26.15,26.24,26.27,1.51,0.19,109.69,4.27,10794339732.0,7362800682.0,0.19,0.19,-15.99,-21.53
2135,300323,华灿光电,6.61,0.61,0.04,17990.0,11845058.0,1.22,6.63,6.55,6.57,6.57,1.19,0.2,-27.47,1.57,10728022048.0,5811180694.0,0.15,0.15,-14.6,-20.17
2136,603898,好莱客,11.61,0.61,0.07,4199.0,4869394.0,1.13,11.63,11.5,11.57,11.54,1.77,0.13,410.55,1.19,3614013428.0,3614013428.0,0.0,0.26,16.8,23.51
2137,600151,航天机电,6.61,0.61,0.04,19589.0,12922426.0,1.22,6.63,6.55,6.55,6.57,1.53,0.14,-212.01,1.95,9480407617.0,9480407617.0,0.3,0.0,-2.65,-17.17
2138,301539,宏鑫科技,18.02,0.61,0.11,4314.0,7696705.0,1.79,18.02,17.7,17.8,17.91,2.73,0.57,65.52,3.45,2666960000.0,1352613618.0,0.39,0.61,-6.15,-2.65
2139,002568,百润股份,29.45,0.61,0.18,21704.0,63767741.76,2.66,29.76,28.98,29.27,29.27,1.21,0.3,42.6,7.06,30903915725.0,21144621879.0,0.07,0.55,13.05,5.14
2140,002919,名臣健康,16.54,0.61,0.1,26919.0,44489156.0,2.13,16.67,16.32,16.32,16.44,4.02,1.02,86.69,5.36,4408341132.0,4366529732.0,-0.06,-0.24,-11.55,0.85
2141,300187,永清环保,4.93,0.61,0.03,19115.0,9428082.84,1.22,4.96,4.9,4.92,4.9,1.13,0.3,29.01,3.0,3182917273.0,3166051137.0,-0.2,0.2,1.86,-0.6
2142,688798,艾为电子,64.56,0.61,0.39,3138.0,20190524.0,1.37,64.76,63.88,63.99,64.17,1.89,0.23,58.61,3.83,15021132526.0,8733931360.0,0.02,0.0,-18.99,-7.09
2143,001308,康冠科技,21.36,0.61,0.13,2922.0,6240458.32,0.85,21.45,21.27,21.33,21.23,1.87,0.12,17.43,1.92,14965032377.0,5123035458.0,-0.05,-0.05,-11.22,-22.33
2144,600929,雪天盐业,5.04,0.6,0.03,22680.0,11414798.0,0.8,5.05,5.01,5.02,5.01,2.26,0.14,77.19,1.1,8269186716.0,8249020406.0,0.2,0.2,-1.95,-8.36
2145,300919,中伟股份,31.81,0.6,0.19,7234.0,22991898.2,0.85,31.87,31.6,31.6,31.62,2.24,0.08,24.23,1.5,29808826983.0,28941304250.0,-0.06,-0.03,-14.24,-11.07
2146,688219,会通股份,11.76,0.6,0.07,5206.0,6106044.0,0.77,11.78,11.69,11.69,11.69,1.08,0.11,28.33,2.55,5618383712.0,5618383712.0,0.0,0.17,-12.3,14.62
2147,000620,新华联,1.67,0.6,0.01,43526.0,7237380.0,0.6,1.67,1.66,1.66,1.66,0.73,0.09,-23.94,2.03,9805931117.0,7801783656.0,0.6,0.6,-8.24,-23.74
2148,000636,风华高科,13.32,0.6,0.08,14632.0,19431715.15,0.68,13.33,13.24,13.28,13.24,1.93,0.13,59.67,1.25,15411415971.0,15411414972.0,0.15,-0.08,-9.51,-7.18
2149,601600,中国铝业,6.72,0.6,0.04,261184.0,175488366.0,1.2,6.75,6.67,6.68,6.68,2.01,0.2,8.15,1.6,115285847564.0,88257383296.0,0.0,0.0,-9.31,-8.57
2150,002997,瑞鹄模具,35.02,0.6,0.21,5242.0,18297240.0,1.15,35.05,34.65,34.8,34.81,1.59,0.25,18.81,3.33,7330432802.0,7330432802.0,0.2,0.2,-23.03,1.95
2151,688055,龙腾光电,3.38,0.6,0.02,3327.0,1121479.0,0.89,3.39,3.36,3.36,3.36,0.78,0.01,-49.22,2.66,11266666892.0,11266666892.0,0.0,0.3,-13.33,-18.16
2152,601999,出版传媒,6.75,0.6,0.04,11783.0,7946963.0,1.34,6.78,6.69,6.69,6.71,1.82,0.21,133.45,1.42,3718674225.0,3718674225.0,0.0,0.15,4.17,7.66
2153,002470,金正大,1.69,0.6,0.01,44155.0,7421393.0,1.19,1.69,1.67,1.68,1.68,1.16,0.13,157.71,2.69,5553386884.0,5552916515.0,0.6,0.6,-11.05,-13.78
2154,601567,三星医疗,21.75,0.6,0.13,67261.0,146442804.0,3.1,22.07,21.4,21.61,21.62,3.24,0.48,15.68,2.71,30689392919.0,30688483769.0,0.05,-0.46,-22.04,-29.29
2155,001278,一彬科技,16.7,0.6,0.1,3187.0,5294019.0,1.2,16.73,16.53,16.6,16.6,1.63,0.63,-72.82,1.59,2066347780.0,843926167.0,0.0,0.0,-0.71,2.77
2156,605566,福莱蒽特,20.02,0.6,0.12,3806.0,7611741.0,2.41,20.17,19.69,19.69,19.9,1.32,0.29,48.62,1.34,2669466800.0,2669466800.0,-0.3,-0.1,8.27,11.22
2157,300861,美畅股份,18.52,0.6,0.11,2373.0,4390663.0,1.03,18.56,18.37,18.42,18.41,1.08,0.1,83.97,1.37,8889822240.0,4480729670.0,-0.05,-0.05,-7.68,-7.17
2158,002841,视源股份,33.58,0.6,0.2,3847.0,12895288.0,1.26,33.72,33.3,33.43,33.38,1.27,0.07,36.08,1.82,23372235581.0,17507063391.0,0.0,-0.12,-15.9,-9.02
2159,603628,清源股份,11.82,0.6,0.07,4739.0,5602152.0,0.85,11.85,11.75,11.81,11.75,1.85,0.17,25.29,2.48,3236316000.0,3217030488.0,-0.08,-0.08,-6.86,-5.29
2160,605166,聚合顺,11.65,0.6,0.07,14769.0,17099284.0,1.38,11.66,11.5,11.55,11.58,1.43,0.47,11.35,1.9,3666559601.0,3666559601.0,0.34,0.69,-9.27,-2.67
2161,688116,天奈科技,42.23,0.6,0.25,9468.0,39861149.0,1.72,42.4,41.68,41.68,41.98,1.8,0.27,66.53,4.22,15473740754.0,14558433292.0,-0.21,-0.12,-12.31,8.81
2162,600850,电科数字,23.43,0.6,0.14,6956.0,16266035.0,0.77,23.45,23.27,23.27,23.29,1.52,0.11,79.7,3.27,16075587478.0,14376495892.0,-0.09,-0.04,-12.25,-1.97
2163,002706,良信股份,8.38,0.6,0.05,12122.0,10158350.0,1.56,8.42,8.29,8.34,8.33,1.07,0.13,22.81,2.44,9411787668.0,7665104530.0,-0.12,-0.48,3.46,12.18
2164,300385,雪浪环境,5.06,0.6,0.03,18833.0,9485575.0,2.19,5.08,4.97,5.04,5.03,2.7,0.65,-9.0,8.72,1685718416.0,1464835253.0,-0.39,0.0,5.42,7.43
2165,300417,南华仪器,11.82,0.6,0.07,3488.0,4109723.0,1.36,11.87,11.71,11.78,11.75,1.38,0.4,-102.34,3.49,1590537024.0,1028336903.0,0.17,0.25,-4.29,0.34
2166,601689,拓普集团,48.75,0.6,0.29,27412.0,133202218.0,1.3,48.87,48.24,48.48,48.46,1.43,0.16,37.46,3.73,84719484525.0,84719484525.0,0.14,0.02,-21.7,-0.51
2167,601311,骆驼股份,8.4,0.6,0.05,20280.0,16980757.0,1.2,8.41,8.31,8.36,8.35,1.63,0.17,10.41,1.01,9854427391.0,9854427391.0,-0.12,0.12,-4.44,1.33
2168,601857,中国石油,8.35,0.6,0.05,145578.0,121240435.0,0.96,8.36,8.28,8.32,8.3,1.47,0.01,8.16,0.98,1528225164780.0,1352049349780.0,0.12,0.0,9.15,-6.6
2169,688670,金迪克,13.38,0.6,0.08,2286.0,3039321.0,1.2,13.39,13.23,13.3,13.3,2.37,0.19,-23.44,1.31,1648416000.0,1648416000.0,0.45,0.9,10.12,10.4
2170,600020,中原高速,5.07,0.6,0.03,36962.0,18678627.0,1.39,5.09,5.02,5.04,5.04,2.56,0.16,8.01,0.97,11394175188.0,11394175188.0,-0.2,0.0,28.68,20.14
2171,002942,新农股份,17.02,0.59,0.1,2173.0,3686411.0,1.24,17.04,16.83,16.93,16.92,1.41,0.16,15.9,2.19,2652701969.0,2335293657.0,0.0,0.12,4.87,20.54
2172,688693,锴威特,30.45,0.59,0.18,1766.0,5384241.0,1.52,30.66,30.2,30.2,30.27,1.39,0.47,-43.7,2.54,2243684225.0,1156593373.0,0.1,0.26,-8.39,-13.35
2173,000975,山金国际,20.5,0.59,0.12,44030.0,90215712.8,1.23,20.61,20.36,20.36,20.38,2.08,0.17,20.51,4.49,56922806433.0,51812365041.0,-0.34,-0.15,23.94,36.58
2174,002753,永东股份,6.79,0.59,0.04,8289.0,5607669.0,1.04,6.81,6.74,6.75,6.75,1.94,0.34,21.5,1.09,2550966151.0,1648638814.0,0.0,0.15,5.43,8.29
2175,600363,联创光电,60.1,0.59,0.35,22173.0,132612604.0,1.94,60.45,59.29,60.0,59.75,1.6,0.49,58.68,6.39,27256218445.0,27256218445.0,0.17,0.35,9.05,25.52
2176,002068,黑猫股份,10.15,0.59,0.06,15434.0,15586768.0,0.79,10.15,10.07,10.09,10.09,0.59,0.21,-52.53,2.61,7463753739.0,7454269833.0,0.3,0.5,-15.42,-4.61
2177,300192,科德教育,15.37,0.59,0.09,21022.0,32118196.0,1.83,15.43,15.15,15.31,15.28,1.63,0.65,33.31,5.57,5058932967.0,4966597692.0,0.0,-0.26,-18.72,-2.72
2178,300126,锐奇股份,6.78,0.59,0.04,11341.0,7669992.0,1.34,6.81,6.72,6.75,6.74,1.8,0.54,952.47,1.94,2060832528.0,1428225333.0,0.0,0.3,-15.14,32.16
2179,002931,锋龙股份,15.39,0.59,0.09,10058.0,15519380.0,2.03,15.6,15.29,15.29,15.3,2.35,0.5,104.14,3.55,3362805124.0,3087412093.0,0.0,0.0,-15.95,-5.35
2180,300076,GQY视讯,6.77,0.59,0.04,13610.0,9203537.0,1.49,6.79,6.69,6.69,6.73,1.37,0.32,-74.56,3.12,2870480000.0,2870480000.0,0.15,0.0,-17.94,-4.11
2181,601628,中国人寿,39.02,0.59,0.23,20447.0,79681752.0,1.29,39.19,38.69,38.7,38.79,2.39,0.01,9.57,2.07,1102888789100.0,812534140600.0,0.08,0.1,1.61,-6.92
2182,688297,中无人机,47.84,0.59,0.28,65998.0,315491002.0,3.93,48.68,46.81,46.86,47.56,4.36,2.43,479.25,5.66,32292000000.0,12994393753.0,0.1,-0.54,7.55,18.77
2183,002662,峰璟股份,3.41,0.59,0.02,19411.0,6595690.0,0.88,3.41,3.38,3.4,3.39,1.04,0.13,29.81,1.21,5115000000.0,5114935551.0,0.29,0.29,-7.84,-10.26
2184,300602,飞荣达,18.73,0.59,0.11,15560.0,29074724.0,2.26,18.82,18.4,18.58,18.62,2.4,0.4,47.02,2.93,10863520453.0,7328324861.0,-0.16,-0.32,-17.16,-2.35
2185,002629,仁智股份,5.08,0.59,0.03,21414.0,10853104.0,1.58,5.12,5.04,5.1,5.05,1.33,0.6,-188.05,40.21,2164577840.0,1808228200.0,0.4,0.4,10.68,19.53
2186,600986,浙文互联,8.51,0.59,0.05,134335.0,113876485.0,1.42,8.53,8.41,8.49,8.46,1.18,0.9,28.77,2.43,12657553268.0,12657553268.0,0.12,-0.12,-3.3,42.31
2187,603375,盛景微,34.2,0.59,0.2,2264.0,7736111.0,0.88,34.3,34.0,34.19,34.0,1.81,0.42,206.42,2.18,3442800011.0,1853284936.0,-0.12,0.35,-8.65,-8.53
2188,688507,索辰科技,73.1,0.59,0.43,1860.0,13549787.0,1.18,73.26,72.4,72.52,72.67,1.06,0.38,-104.18,2.31,6513852110.0,3599131863.0,-0.1,0.11,-16.69,33.64
2189,688480,赛恩斯,34.19,0.59,0.2,1950.0,6663314.0,1.85,34.43,33.8,33.97,33.99,2.57,0.31,45.97,2.98,3259202060.0,2182900860.0,-0.03,0.41,11.62,25.98
2190,002855,捷荣技术,16.91,0.59,0.1,2352.0,3970680.0,0.77,16.93,16.8,16.8,16.81,1.01,0.1,-12.0,8.19,4166956823.0,4163702493.0,-0.12,-0.06,-16.45,-12.02
2191,600231,凌钢股份,1.7,0.59,0.01,4302.0,729368.0,0.59,1.7,1.69,1.7,1.69,0.54,0.02,-4.81,0.91,4848680730.0,4792614730.0,0.0,0.59,-9.09,-5.03
2192,300792,壹网壹创,24.22,0.58,0.14,8186.0,19733691.0,2.08,24.3,23.8,24.09,24.08,1.42,0.39,55.19,2.01,5738752921.0,5147565560.0,0.0,0.17,-9.05,0.92
2193,300384,三联虹普,17.46,0.58,0.1,6282.0,10947759.32,1.21,17.53,17.32,17.35,17.36,2.02,0.29,17.34,2.08,5569866847.0,3841203754.0,-0.06,-0.29,-8.83,-6.23
2194,688295,中复神鹰,20.83,0.58,0.12,6063.0,12575514.0,2.08,20.98,20.55,20.74,20.71,2.23,0.1,-103.62,4.09,18747000000.0,12531342956.0,0.39,0.53,-3.92,4.52
2195,002185,华天科技,8.74,0.58,0.05,42042.0,36638713.67,0.69,8.75,8.69,8.7,8.69,1.4,0.13,-377.89,1.7,28007195824.0,28000685791.0,0.0,0.0,-21.05,-24.33
2196,600973,宝胜股份,5.22,0.58,0.03,290247.0,151518355.0,2.89,5.32,5.17,5.2,5.19,3.94,2.12,79.02,2.05,7158531815.0,7158531815.0,0.38,0.58,3.78,-17.14
2197,688435,英方软件,29.44,0.58,0.17,2204.0,6446182.0,1.71,29.52,29.02,29.48,29.27,1.54,0.48,-50.04,2.23,2458240000.0,1358594618.0,0.14,0.24,-25.22,-2.45
2198,300660,江苏雷利,36.58,0.58,0.21,13799.0,50249861.36,1.4,36.7,36.19,36.46,36.37,1.6,0.31,43.69,4.85,16356254926.0,16343159908.0,0.03,0.55,-18.17,35.13
2199,688292,浩瀚深度,19.17,0.58,0.11,1128.0,2157409.0,0.68,19.2,19.07,19.1,19.06,0.84,0.13,-97.99,2.94,3035505606.0,1725691624.0,-0.1,-0.05,-18.43,-3.18
2200,688787,海天瑞声,92.17,0.58,0.53,3432.0,31747232.0,1.9,93.25,91.51,92.0,91.64,2.14,0.57,3740.43,7.46,5560171841.0,5560171841.0,0.46,0.1,-10.91,-6.45
2201,688718,唯赛勃,12.09,0.58,0.07,1218.0,1468865.0,0.83,12.09,11.99,12.05,12.02,1.11,0.07,102.45,2.7,2100690563.0,2100690563.0,0.25,0.0,7.85,20.9
2202,600010,包钢股份,1.74,0.58,0.01,533749.0,92883675.0,1.16,1.75,1.73,1.73,1.73,3.25,0.17,438.14,1.52,78802197666.0,54602589019.0,0.58,0.0,-5.43,-6.45
2203,688007,光峰科技,13.91,0.58,0.08,7463.0,10370069.0,0.8,13.93,13.82,13.82,13.83,1.76,0.16,-74.78,2.35,6388739827.0,6388739827.0,0.0,0.07,-25.01,-5.95
2204,872953,国子软件,50.57,0.58,0.29,2045.0,10323229.75,1.29,50.77,50.12,50.77,50.28,1.27,0.75,154.67,8.38,4647630793.0,1378723640.0,-0.02,-0.06,-8.05,72.59
2205,300388,节能国祯,6.96,0.58,0.04,12605.0,8740203.0,1.16,6.97,6.89,6.93,6.92,1.93,0.19,17.46,1.06,4740053928.0,4733591686.0,0.14,0.43,-3.47,-7.81
2206,300845,捷安高科,10.42,0.58,0.06,14836.0,15384920.0,1.25,10.45,10.32,10.36,10.36,1.41,1.04,-78.06,2.72,2121815170.0,1485863064.0,0.1,0.29,6.98,16.69
2207,600881,亚泰集团,1.74,0.58,0.01,103885.0,17976258.0,1.16,1.74,1.72,1.73,1.73,1.33,0.32,-3.0,2.53,5623942719.0,5623942719.0,0.0,0.58,-3.33,-3.87
2208,600456,宝钛股份,29.56,0.58,0.17,12032.0,35533814.0,0.61,29.59,29.41,29.41,29.39,1.93,0.25,43.51,2.01,14123104053.0,14123104053.0,0.07,0.03,3.25,3.9
2209,600979,广安爱众,5.23,0.58,0.03,41585.0,21666883.0,0.96,5.24,5.19,5.2,5.2,1.32,0.34,73.29,1.44,6598466079.0,6444718702.0,-0.19,0.19,2.95,13.2
2210,002176,江特电机,6.88,0.58,0.04,28785.0,19772227.0,1.02,6.89,6.82,6.82,6.84,1.76,0.17,-68.12,3.39,11739519997.0,11737411518.0,0.0,0.0,-15.17,-7.15
2211,600889,南京化纤,15.58,0.58,0.09,17793.0,27624698.0,1.23,15.63,15.44,15.5,15.49,1.28,0.49,-26.8,15.4,5707670836.0,5707670836.0,-0.06,-0.13,-14.16,-12.27
2212,000778,新兴铸管,3.49,0.58,0.02,48676.0,16938729.0,0.58,3.49,3.47,3.48,3.47,1.74,0.13,25.24,0.54,13831506175.0,13588750384.0,0.29,0.29,0.0,-9.11
2213,002168,*ST惠程,3.44,0.58,0.02,35035.0,12033196.0,2.92,3.47,3.37,3.41,3.42,1.7,0.45,-40.03,-36.76,2697521986.0,2697521986.0,0.0,0.0,57.08,24.19
2214,300978,东箭科技,10.34,0.58,0.06,4314.0,4456434.0,1.36,10.4,10.26,10.34,10.28,1.05,0.23,22.0,2.76,4370746321.0,1953847269.0,0.19,0.29,-8.33,-2.36
2215,301525,儒竞科技,73.38,0.58,0.42,1854.0,13575668.0,1.33,73.59,72.62,72.87,72.96,1.47,0.38,32.73,2.15,6920597536.0,3625059836.0,-0.05,-0.11,-1.62,23.12
2216,920108,宏海科技,24.46,0.58,0.14,1987.0,4835157.08,1.4,24.46,24.12,24.32,24.32,1.11,0.85,194.83,6.27,3008580000.0,569618365.0,0.37,0.41,2.77,339.14
2217,688380,中微半导,26.22,0.58,0.15,4944.0,12932229.0,0.84,26.25,26.03,26.17,26.07,1.55,0.33,76.25,3.47,10497570300.0,3874791600.0,-0.08,0.15,-22.2,-12.31
2218,000408,藏格矿业,36.49,0.58,0.21,12391.0,45324636.0,1.49,36.76,36.22,36.4,36.28,1.87,0.08,19.17,3.96,57297537435.0,57296935350.0,-0.05,-0.25,12.04,31.59
2219,600776,东方通信,10.4,0.58,0.06,10419.0,10826320.0,0.87,10.43,10.34,10.35,10.34,1.67,0.11,-58.19,3.8,13062400666.0,9942400666.0,0.0,0.1,-15.03,-7.06
2220,300241,瑞丰光电,5.17,0.58,0.03,20902.0,10790971.0,1.17,5.19,5.13,5.14,5.14,1.71,0.37,32.26,1.64,3546470603.0,2959170338.0,-0.19,0.0,-5.14,-5.83
2221,603806,福斯特,12.18,0.58,0.07,20968.0,25552151.0,0.99,12.23,12.11,12.11,12.11,2.01,0.08,19.8,1.95,31774410399.0,31774410399.0,0.0,-0.08,-18.26,-17.7
2222,600661,昂立教育,10.37,0.58,0.06,27332.0,28038750.0,2.72,10.43,10.15,10.29,10.31,2.71,0.95,55.77,42.82,2971511367.0,2971511367.0,-0.1,-0.1,-5.04,-11.52
2223,688376,美埃科技,35.1,0.57,0.2,619.0,2163861.0,0.83,35.1,34.81,34.88,34.9,0.87,0.12,28.13,2.56,4717440000.0,1789594174.0,0.17,0.37,-6.75,5.12
2224,603659,璞泰来,15.9,0.57,0.09,50653.0,80848057.0,1.71,16.06,15.79,15.8,15.81,3.18,0.24,17.42,1.8,33980929415.0,33968745308.0,-0.06,-0.44,-5.41,-0.06
2225,688418,震有科技,28.35,0.57,0.16,4660.0,13202127.0,1.49,28.53,28.11,28.15,28.19,1.7,0.24,676.55,5.95,5488843500.0,5488843500.0,-0.18,-0.35,-13.83,-2.78
2226,300681,英搏尔,28.34,0.57,0.16,8931.0,25266202.98,1.21,28.41,28.07,28.07,28.18,1.2,0.49,174.26,3.43,7451655467.0,5200044507.0,0.07,0.07,-22.7,13.95
2227,688170,德龙激光,21.33,0.57,0.12,1139.0,2427993.0,0.85,21.42,21.24,21.3,21.21,1.24,0.11,-33.46,1.81,2204668800.0,2204668800.0,0.09,-0.28,-9.77,-5.16
2228,301307,美利信,24.58,0.57,0.14,7421.0,18202534.0,1.31,24.67,24.35,24.43,24.44,0.87,0.68,-21.53,1.72,5176548000.0,2679014511.0,-0.08,0.16,-7.56,20.91
2229,002117,东港股份,10.66,0.57,0.06,24516.0,26045416.0,1.32,10.69,10.55,10.55,10.6,2.05,0.47,32.5,4.2,5582865380.0,5581092889.0,-0.09,0.0,-16.65,-7.06
2230,600375,汉马科技,7.01,0.57,0.04,125598.0,88236614.0,2.3,7.11,6.95,7.08,6.97,1.68,1.15,238.91,3.4,11237530283.0,7624677178.0,-0.14,0.0,16.25,27.22
2231,605066,天正电气,7.1,0.57,0.04,18879.0,13389263.0,0.85,7.12,7.06,7.07,7.06,2.12,0.38,26.32,2.1,3596986913.0,3567275188.0,-0.14,0.0,-32.32,23.05
2232,002188,中天服务,5.27,0.57,0.03,43349.0,22777957.0,2.86,5.34,5.19,5.24,5.24,4.41,1.68,45.16,5.54,1723837363.0,1356303047.0,0.0,0.19,10.71,16.85
2233,301105,鸿铭股份,35.0,0.57,0.2,2362.0,8256656.0,0.92,35.12,34.8,34.98,34.8,0.77,1.44,108.47,2.07,1750000000.0,575312395.0,0.09,0.23,15.44,25.9
2234,603683,晶华新材,14.14,0.57,0.08,27847.0,38936921.0,3.06,14.2,13.77,14.1,14.06,1.92,1.08,54.5,2.6,4096344723.0,3659308826.0,0.28,1.07,17.34,56.42
2235,688381,帝奥微,21.04,0.57,0.12,2535.0,5318903.0,0.96,21.07,20.87,20.97,20.92,1.12,0.14,105.03,1.94,5207400000.0,3861816256.0,0.0,0.14,-11.15,9.13
2236,600237,铜峰电子,7.08,0.57,0.04,19745.0,13968639.0,1.14,7.11,7.03,7.04,7.04,1.63,0.32,41.03,2.39,4465420817.0,4401467177.0,-0.14,-0.28,-0.14,8.09
2237,301503,智迪科技,37.01,0.57,0.21,1950.0,7171555.0,1.3,37.03,36.55,36.75,36.8,2.51,0.6,26.94,2.84,2960800000.0,1202084800.0,0.22,0.43,-12.26,7.84
2238,603311,金海高科,10.65,0.57,0.06,4932.0,5240632.0,1.13,10.67,10.55,10.64,10.59,1.95,0.21,14.38,1.85,2512163610.0,2512163610.0,-0.09,0.09,3.6,6.61
2239,000333,美的集团,76.34,0.57,0.43,88832.0,676769752.31,1.15,76.57,75.7,75.78,75.91,2.78,0.13,11.79,2.55,586080869864.0,527911103370.0,-0.08,-0.24,6.4,1.49
2240,000049,德赛电池,21.08,0.57,0.12,5142.0,10817719.0,0.67,21.11,20.97,20.97,20.96,1.91,0.13,41.66,1.25,8108180297.0,8105994891.0,-0.05,-0.09,-14.38,-9.06
2241,873001,纬达光电,21.23,0.57,0.12,4508.0,9594883.56,0.95,21.4,21.2,21.29,21.11,1.75,0.51,133.71,4.32,3262121211.0,1882910355.0,-0.14,-0.42,-15.55,27.35
2242,001306,夏厦精密,73.65,0.57,0.42,1994.0,14646745.0,1.0,73.73,73.0,73.0,73.23,1.76,1.29,88.79,3.43,4566300000.0,1141575000.0,0.2,0.18,-24.07,31.05
2243,300369,绿盟科技,7.04,0.57,0.04,24669.0,17361707.0,1.29,7.09,7.0,7.0,7.0,1.61,0.31,-13.81,2.28,5627132030.0,5619518559.0,0.14,-0.14,-16.59,-2.09
2244,300183,东软载波,15.89,0.57,0.09,12184.0,19315956.0,1.01,15.93,15.77,15.85,15.8,2.06,0.3,466.35,2.36,7350859187.0,6459874710.0,0.06,0.06,-34.64,-17.45
2245,601279,英利汽车,3.54,0.57,0.02,13084.0,4622313.0,1.42,3.56,3.51,3.55,3.52,1.11,0.08,-37.86,1.32,5613682387.0,5613682387.0,0.28,0.57,-5.35,-7.57
2246,301560,众捷汽车,35.56,0.57,0.2,3300.0,11729770.64,0.62,35.62,35.4,35.53,35.36,1.13,1.43,53.06,4.75,4324096000.0,821421776.0,-0.11,0.06,115.52,115.52
2247,688141,杰华特,31.66,0.57,0.18,14198.0,45047287.0,2.83,32.14,31.25,32.0,31.48,2.13,0.54,-31.19,7.19,14148220800.0,8356537199.0,0.16,-0.16,-7.62,3.43
2248,002700,新疆浩源,8.89,0.57,0.05,2020.0,1788486.0,0.79,8.89,8.82,8.83,8.84,0.82,0.06,56.7,2.79,3677154565.0,2975800142.0,0.11,0.11,-19.84,-13.01
2249,603496,恒为科技,24.76,0.57,0.14,10724.0,26452287.0,1.14,24.8,24.52,24.69,24.62,1.32,0.33,-250.94,5.89,7928380857.0,7928380857.0,-0.04,0.12,-30.9,-8.84
2250,000825,太钢不锈,3.54,0.57,0.02,43201.0,15271147.0,1.14,3.55,3.51,3.53,3.52,1.85,0.08,26.87,0.62,20202474130.0,20164717198.0,0.0,-0.28,-3.8,1.72
2251,300182,捷成股份,5.27,0.57,0.03,101183.0,53349572.72,1.15,5.29,5.23,5.24,5.24,1.58,0.45,26.77,1.68,14038361081.0,11907872410.0,0.0,0.0,-13.89,-10.22
2252,000917,电广传媒,7.15,0.56,0.04,26136.0,18651213.28,1.13,7.17,7.09,7.11,7.11,1.58,0.18,840.38,0.98,10135527817.0,10134834445.0,0.0,0.0,-6.66,1.13
2253,001206,依依股份,21.69,0.56,0.12,24048.0,51936343.88,2.41,21.84,21.32,21.6,21.57,2.52,2.26,18.53,2.2,4010346696.0,2305982349.0,-0.14,0.05,6.17,34.22
2254,301077,星华新材,19.74,0.56,0.11,3687.0,7255031.16,1.32,19.76,19.5,19.5,19.63,1.08,0.39,24.24,2.99,3349645956.0,1876995627.0,0.2,0.25,10.4,11.15
2255,002482,广田集团,1.81,0.56,0.01,46935.0,8495202.0,1.11,1.82,1.8,1.8,1.8,1.62,0.13,-41.44,12.71,6789241877.0,6776114740.0,0.56,0.56,-7.65,-16.2
2256,001323,慕思股份,30.6,0.56,0.17,2666.0,8194298.0,2.96,31.35,30.45,30.52,30.43,3.66,0.34,25.92,2.88,12240306000.0,2384811000.0,-0.2,-0.58,-12.04,-19.07
2257,002269,美邦服饰,1.79,0.56,0.01,270381.0,48624828.0,2.25,1.82,1.78,1.78,1.78,3.75,1.08,175.97,15.63,4497375000.0,4497375000.0,0.0,-0.56,-12.68,-12.25
2258,688757,胜科纳米,23.54,0.56,0.13,3185.0,7480919.0,1.03,23.58,23.34,23.46,23.41,1.57,0.98,206.05,10.37,9493952380.0,766809191.0,-0.04,0.0,159.25,159.25
2259,603505,金石资源,21.56,0.56,0.12,6705.0,14464167.0,0.93,21.65,21.45,21.58,21.44,1.97,0.11,48.75,7.84,13038889343.0,13038889343.0,-0.05,0.05,-14.1,-9.18
2260,300168,万达信息,7.22,0.56,0.04,20236.0,14612194.0,0.97,7.25,7.18,7.2,7.18,1.17,0.14,-17.14,6.99,10409630850.0,10390897975.0,0.14,0.0,-17.67,-9.07
2261,600739,辽宁成大,10.7,0.56,0.06,18733.0,20021995.0,0.75,10.72,10.64,10.65,10.64,2.27,0.12,11.78,0.55,16367895031.0,16367895031.0,0.0,-0.09,-0.09,3.38
2262,300838,浙江力诺,14.28,0.56,0.08,3011.0,4291456.0,0.7,14.29,14.19,14.25,14.2,1.49,0.3,77.8,1.97,1970325840.0,1453059615.0,-0.07,0.07,-8.7,12.8
2263,688079,美迪凯,8.96,0.56,0.05,3557.0,3177753.0,1.23,8.99,8.88,8.94,8.91,0.73,0.09,-56.97,2.69,3644369774.0,3565354222.0,0.0,0.11,-11.81,3.46
2264,688317,之江生物,17.86,0.56,0.1,4224.0,7526698.0,1.13,17.91,17.71,17.91,17.76,2.46,0.22,-53.57,0.97,3431941862.0,3431941862.0,-0.06,0.0,2.58,9.91
2265,002786,银宝山新,8.91,0.56,0.05,14584.0,12981182.0,1.02,8.95,8.86,8.86,8.86,1.99,0.3,-67.93,20.23,4415902920.0,4402537920.0,0.0,0.22,-17.42,-3.68
2266,002158,汉钟精机,17.87,0.56,0.1,8434.0,15034329.0,0.9,17.9,17.74,17.77,17.77,1.69,0.16,20.3,2.39,9555520364.0,9535470403.0,0.0,-0.11,-6.68,-3.51
2267,688160,步科股份,83.7,0.56,0.47,1224.0,10219362.0,1.44,83.98,82.78,83.42,83.23,1.1,0.15,158.03,9.22,7030800000.0,7030800000.0,0.0,0.04,-14.38,46.69
2268,002150,通润装备,10.68,0.56,0.06,6161.0,6573408.0,0.94,10.71,10.61,10.61,10.62,1.48,0.17,52.95,2.06,3879345026.0,3829277186.0,0.0,0.0,-16.43,-13.17
2269,600160,巨化股份,26.94,0.56,0.15,34895.0,93858871.0,1.64,27.07,26.63,26.78,26.79,2.22,0.13,22.48,4.04,72731159422.0,72731159422.0,-0.04,0.0,9.29,11.69
2270,002761,浙江建投,9.01,0.56,0.05,32275.0,29064399.0,1.23,9.04,8.93,8.94,8.96,1.32,0.3,10.76,1.43,9746870020.0,9746870020.0,-0.11,-0.11,-1.85,2.62
2271,002723,小崧股份,7.19,0.56,0.04,26018.0,18585060.0,1.96,7.24,7.1,7.16,7.15,2.75,0.82,-64.16,2.29,2286469438.0,2280045224.0,0.0,-0.14,-19.03,3.45
2272,430718,合肥高科,18.02,0.56,0.1,1055.0,1894075.95,1.06,18.02,17.83,17.83,17.92,1.18,0.25,22.84,2.82,1633813934.0,747633023.0,0.11,0.0,1.12,45.79
2273,300642,透景生命,14.27,0.56,0.08,4285.0,6105697.0,0.92,14.33,14.2,14.22,14.19,1.76,0.31,1232.97,1.57,2326323098.0,1965078405.0,0.21,0.28,-2.79,2.15
2274,600100,同方股份,7.18,0.56,0.04,57700.0,41321734.0,0.7,7.19,7.14,7.17,7.14,1.0,0.17,-20.91,1.48,24055137579.0,24055137579.0,0.0,0.14,-17.28,0.98
2275,300725,药石科技,35.63,0.56,0.2,43930.0,157001963.64,2.74,36.37,35.4,35.75,35.43,4.23,2.61,49.71,2.5,7116378795.0,5999938969.0,0.31,0.37,-8.73,6.93
2276,002138,顺络电子,26.84,0.56,0.15,16774.0,45021612.0,1.24,27.0,26.67,26.67,26.69,1.68,0.22,23.21,3.65,21641584621.0,20221039160.0,-0.07,-0.52,-9.75,-13.11
2277,600998,九州通,5.34,0.56,0.03,54655.0,29146136.0,1.32,5.36,5.29,5.32,5.31,2.03,0.11,6.94,1.02,26926791050.0,26926791050.0,-0.37,0.19,6.37,4.3
2278,002817,黄山胶囊,7.3,0.55,0.04,13170.0,9585625.12,1.38,7.33,7.23,7.29,7.26,2.88,0.45,28.98,2.36,2183416641.0,2117286854.0,-0.27,-0.14,13.88,17.74
2279,600096,云天化,21.84,0.55,0.12,31764.0,69358583.0,1.01,21.91,21.69,21.72,21.72,1.86,0.17,7.77,1.9,40061739834.0,40061739834.0,-0.05,-0.18,11.49,4.45
2280,601059,信达证券,14.56,0.55,0.08,34720.0,50542176.0,1.31,14.63,14.44,14.46,14.48,2.75,0.5,57.64,2.47,47218080000.0,10069696000.0,-0.14,-0.07,-8.37,-2.8
2281,300605,恒锋信息,14.6,0.55,0.08,20117.0,29162942.0,2.0,14.65,14.36,14.52,14.52,1.71,1.69,-2594.26,5.15,2402860685.0,1736348990.0,0.07,-0.07,4.21,24.68
2282,301101,明月镜片,42.13,0.55,0.23,7811.0,32750073.0,1.69,42.26,41.55,41.91,41.9,1.88,0.41,45.02,5.25,8489704773.0,8043326891.0,0.17,-0.02,-23.57,-0.59
2283,003816,中国广核,3.68,0.55,0.02,275295.0,101400142.08,1.09,3.7,3.66,3.66,3.66,2.39,0.07,15.36,1.52,185834888848.0,144752748848.0,-0.27,0.0,0.0,-10.9
2284,601298,青岛港,9.09,0.55,0.05,73519.0,66718627.0,1.55,9.15,9.01,9.07,9.04,5.58,0.14,10.52,1.34,59004099000.0,49013961750.0,0.44,0.44,7.83,-0.22
2285,301446,福事特,21.97,0.55,0.12,1095.0,2400154.0,0.87,22.04,21.85,21.9,21.85,1.04,0.34,23.37,1.99,2284880000.0,698030840.0,-0.05,0.14,-3.17,0.14
2286,301658,首航新能,27.54,0.55,0.15,4401.0,12120196.0,1.06,27.6,27.31,27.39,27.39,1.32,1.14,54.1,3.21,11356701058.0,1066569368.0,-0.15,-0.18,133.39,133.39
2287,000608,*ST阳光,1.83,0.55,0.01,43312.0,7940910.62,1.65,1.85,1.82,1.82,1.82,2.0,0.58,-21.14,0.6,1372341355.0,1362910084.0,-0.54,-0.54,-13.27,-18.67
2288,300938,信测标准,19.98,0.55,0.11,4914.0,9794689.0,0.91,20.02,19.84,19.86,19.87,1.26,0.32,30.79,3.26,4575179441.0,3035050491.0,-0.2,0.05,-9.63,10.02
2289,002001,新 和 成,22.05,0.55,0.12,26974.0,59223567.0,1.05,22.05,21.82,21.91,21.93,1.63,0.09,9.01,2.33,67768948044.0,66966113012.0,0.27,0.18,3.96,3.67
2290,300160,秀强股份,5.46,0.55,0.03,12912.0,7026607.0,0.92,5.47,5.42,5.44,5.43,1.55,0.17,12.54,1.67,4220286754.0,4162482963.0,0.0,0.0,4.2,2.25
2291,603088,宁波精达,9.1,0.55,0.05,11430.0,10377610.0,0.77,9.11,9.04,9.1,9.05,1.39,0.26,29.4,4.93,4278182108.0,3963897101.0,0.11,0.11,-7.99,3.88
2292,300868,杰美特,29.0,0.55,0.16,2728.0,7865305.0,1.73,29.11,28.61,28.83,28.84,1.93,0.34,-253.69,2.43,3712000000.0,2336252557.0,0.1,0.42,-6.18,7.09
2293,000776,广发证券,16.44,0.55,0.09,99672.0,164124845.0,1.47,16.57,16.33,16.33,16.35,3.1,0.17,11.34,1.01,125040100201.0,97062570673.0,-0.12,-0.24,6.61,1.42
2294,601865,福莱特,14.54,0.55,0.08,15729.0,22868256.0,1.04,14.59,14.44,14.45,14.46,1.24,0.08,80.25,1.6,34066058821.0,27626947121.0,0.0,0.0,-30.7,-26.16
2295,603893,瑞芯微,145.6,0.55,0.8,8442.0,122416519.0,1.04,145.91,144.4,144.94,144.8,1.61,0.2,72.79,16.21,60992378720.0,60967408320.0,0.16,-0.01,-11.62,32.59
2296,688048,长光华芯,53.29,0.55,0.29,5494.0,29162290.0,1.58,53.49,52.65,52.99,53.0,1.93,0.52,-313.16,3.16,9393958162.0,5659927862.0,0.0,0.19,-10.42,36.68
2297,000821,京山轻机,10.97,0.55,0.06,9052.0,9912539.0,0.73,10.98,10.9,10.91,10.91,1.76,0.15,17.9,1.65,6832936315.0,6633018881.0,0.09,0.0,-20.39,-11.89
2298,300923,研奥股份,23.61,0.55,0.13,2505.0,5903834.0,1.11,23.72,23.46,23.48,23.48,1.19,0.33,101.32,1.66,1855746000.0,1802765160.0,-0.04,0.04,15.57,24.46
2299,688327,云从科技-UW,12.9,0.55,0.07,34541.0,44483893.0,1.17,12.95,12.8,12.84,12.83,1.38,0.41,-27.02,12.85,13397275908.0,10751389416.0,-0.31,-0.23,-32.88,6.61
2300,603661,恒林股份,27.29,0.55,0.15,882.0,2400734.0,0.63,27.29,27.12,27.12,27.14,1.35,0.06,18.29,1.01,3795139276.0,3795139276.0,0.22,0.15,-9.09,-10.93
2301,002615,哈尔斯,7.32,0.55,0.04,9125.0,6656052.0,0.96,7.33,7.26,7.27,7.28,1.51,0.3,20.59,2.07,3413079798.0,2240272875.0,0.0,0.0,-8.27,-4.94
2302,300245,天玑科技,16.39,0.55,0.09,29125.0,47496510.0,2.02,16.43,16.1,16.19,16.3,2.14,0.94,395.62,4.01,5137568310.0,5101820934.0,0.0,-0.18,-27.77,4.86
2303,688601,力芯微,34.91,0.55,0.19,2012.0,7005595.0,1.24,34.99,34.56,34.88,34.72,1.22,0.15,116.99,3.82,4667212157.0,4667212157.0,0.09,0.26,-21.69,-15.74
2304,600821,金开新能,5.49,0.55,0.03,15160.0,8310880.0,0.73,5.5,5.46,5.47,5.46,1.38,0.08,22.77,1.16,10964976357.0,10964976357.0,0.18,0.0,-8.04,1.67
2305,920066,科拜尔,31.43,0.54,0.17,2022.0,6317229.3,2.72,31.7,30.85,31.25,31.26,1.8,1.19,53.23,5.16,1975480036.0,536015109.0,0.0,0.0,0.03,26.68
2306,601886,江河集团,5.57,0.54,0.03,11605.0,6456178.0,0.9,5.59,5.54,5.56,5.54,1.43,0.1,10.93,0.89,6310821474.0,6310821474.0,-0.36,0.18,6.3,11.4
2307,688777,中控技术,44.37,0.54,0.24,10450.0,46233411.0,1.11,44.45,43.96,44.12,44.13,1.56,0.13,73.02,3.55,35078534029.0,34725004384.0,-0.07,0.07,-18.59,-9.38
2308,003036,泰坦股份,12.94,0.54,0.07,5895.0,7596062.0,1.4,12.98,12.8,12.93,12.87,1.21,0.27,36.82,2.02,2795570760.0,2795570760.0,0.08,0.31,11.26,6.24
2309,300067,安诺其,5.57,0.54,0.03,105840.0,58802501.0,1.62,5.6,5.51,5.52,5.54,0.95,1.13,-170.29,2.54,6429866377.0,5221784103.0,0.0,-0.18,-7.78,-9.72
2310,300378,鼎捷数智,33.41,0.54,0.18,9796.0,32574453.0,1.66,33.55,33.0,33.25,33.23,1.5,0.36,-272.03,4.16,9067234450.0,9000005178.0,-0.06,-0.18,-10.07,29.15
2311,600782,新钢股份,3.73,0.54,0.02,38343.0,14302601.0,0.81,3.75,3.72,3.72,3.71,0.98,0.12,235.25,0.45,11733282516.0,11733282516.0,0.27,0.0,-17.11,11.68
2312,920098,科隆新材,31.45,0.54,0.17,1790.0,5593830.5,1.47,31.47,31.01,31.4,31.28,2.25,0.41,57.78,2.78,2557525605.0,1369261577.0,0.32,0.32,-9.03,5.68
2313,300250,初灵信息,14.86,0.54,0.08,7260.0,10761952.0,1.29,14.93,14.74,14.78,14.78,1.37,0.46,28178.08,6.13,3181042738.0,2343047483.0,0.0,0.07,-21.54,5.39
2314,000682,东方电子,9.24,0.54,0.05,9517.0,8784334.93,0.44,9.25,9.21,9.22,9.19,1.05,0.07,25.62,2.37,12388317545.0,12387094631.0,0.0,0.0,-3.95,-13.73
2315,600191,华资实业,7.45,0.54,0.04,11034.0,8188063.0,1.21,7.47,7.38,7.41,7.41,2.84,0.23,83.56,2.19,3612743400.0,3612743400.0,0.0,0.27,-3.12,7.66
2316,002348,高乐股份,3.7,0.54,0.02,57913.0,21328096.28,1.9,3.71,3.64,3.68,3.68,1.55,0.64,-59.01,7.92,3504640000.0,3343069321.0,0.0,-0.27,-3.14,24.58
2317,000045,深纺织Ａ,11.13,0.54,0.06,34033.0,37727546.3,1.36,11.15,11.0,11.08,11.07,1.58,0.74,67.55,1.92,5637588179.0,5086419449.0,-0.09,0.18,7.23,5.4
2318,300608,思特奇,11.25,0.54,0.06,12437.0,13959687.0,1.43,11.3,11.14,11.2,11.19,1.47,0.43,-14.08,2.58,3726326835.0,3235117478.0,-0.09,-0.09,-17.04,3.4
2319,002119,康强电子,14.9,0.54,0.08,9816.0,14597533.0,0.88,14.94,14.81,14.88,14.82,1.44,0.26,53.93,4.05,5591731600.0,5591731600.0,0.0,-0.07,-22.11,-3.56
2320,834950,迅安科技,18.76,0.54,0.1,858.0,1607972.91,1.18,18.84,18.62,18.63,18.66,0.82,0.23,27.86,4.78,1375483200.0,695058000.0,0.0,0.05,3.25,48.18
2321,301042,安联锐视,33.48,0.54,0.18,1265.0,4221972.0,1.05,33.49,33.14,33.3,33.3,1.46,0.19,84.35,2.24,2334847558.0,2279480008.0,0.27,0.39,-12.06,-6.97
2322,301071,力量钻石,30.02,0.54,0.16,17859.0,53615401.1,2.78,30.48,29.65,29.65,29.86,2.44,0.92,134.17,1.48,7813374836.0,5841716893.0,-0.1,-0.46,-9.17,-17.19
2323,002845,同兴达,13.11,0.54,0.07,7400.0,9692531.0,0.92,13.16,13.04,13.06,13.04,1.93,0.3,-26.07,1.63,4294202853.0,3280585452.0,0.0,0.0,-22.06,-13.29
2324,601599,浙文影业,3.74,0.54,0.02,34224.0,12763328.0,1.34,3.75,3.7,3.73,3.72,1.85,0.29,27.7,2.79,4340428774.0,4340428774.0,0.27,0.27,-1.32,4.47
2325,000715,中兴商业,5.59,0.54,0.03,27711.0,15523453.51,1.44,5.63,5.55,5.57,5.56,1.96,0.51,36.99,1.58,3021029537.0,3012973100.0,-0.36,-0.18,15.5,6.07
2326,000822,山东海化,5.61,0.54,0.03,21147.0,11843739.0,0.72,5.62,5.58,5.59,5.58,1.05,0.24,-18.87,0.98,5021465705.0,5021465705.0,0.0,0.0,8.51,-1.23
2327,300209,有棵树,5.54,0.54,0.03,27553.0,15234793.0,1.45,5.55,5.47,5.51,5.51,0.93,0.56,7438.9,5.57,5144644138.0,2714702712.0,0.0,-0.18,17.37,2.4
2328,603601,再升科技,3.71,0.54,0.02,32422.0,12017414.0,0.81,3.72,3.69,3.7,3.69,1.94,0.32,28.24,1.8,3790327384.0,3790327384.0,0.0,0.0,8.48,10.42
2329,002595,豪迈科技,63.17,0.54,0.34,5168.0,32424753.0,1.91,63.4,62.2,62.47,62.83,1.24,0.07,24.31,4.85,50536000000.0,50175020278.0,0.21,-0.25,19.69,25.86
2330,002011,盾安环境,11.34,0.53,0.06,18618.0,21153128.0,2.04,11.49,11.26,11.29,11.28,2.67,0.2,13.89,2.11,12082046304.0,10390971616.0,0.0,-0.18,-10.43,4.9
2331,002689,远大智能,3.8,0.53,0.02,33688.0,12795125.0,1.32,3.82,3.77,3.78,3.78,1.68,0.32,-29.13,3.46,3964580755.0,3963063791.0,0.0,0.26,-13.44,8.88
2332,301631,壹连科技,111.0,0.53,0.58,1105.0,12225469.62,1.1,111.23,110.01,110.84,110.42,1.46,0.8,30.12,3.11,7247870319.0,1524914115.0,0.17,0.52,-20.83,-15.78
2333,300917,特发服务,41.53,0.53,0.22,9529.0,39690097.0,1.4,41.91,41.33,41.4,41.31,2.5,0.56,54.2,6.36,7018570000.0,7018570000.0,-0.19,-0.36,-18.41,-13.71
2334,600176,中国巨石,11.38,0.53,0.06,32340.0,36789070.0,1.33,11.43,11.28,11.31,11.32,1.76,0.08,15.59,1.53,45555695965.0,45555695965.0,0.18,0.0,0.44,2.06
2335,000698,沈阳化工,3.77,0.53,0.02,22855.0,8591367.0,1.6,3.79,3.73,3.77,3.75,1.76,0.29,23.88,2.19,3089569269.0,2962128483.0,-0.26,0.0,17.08,11.87
2336,603212,赛伍技术,9.48,0.53,0.05,6952.0,6586472.0,0.64,9.5,9.44,9.48,9.43,1.39,0.16,-31.27,1.57,4147411229.0,4147411229.0,0.11,0.11,-10.23,-6.88
2337,002775,文科股份,3.77,0.53,0.02,11511.0,4316601.0,2.4,3.78,3.69,3.75,3.75,1.8,0.26,172.34,25.02,2274650567.0,1654462947.0,0.0,0.53,5.6,-2.08
2338,601089,福元医药,16.98,0.53,0.09,15752.0,26739281.0,1.12,17.09,16.9,16.9,16.89,5.81,0.77,15.6,2.37,8150400000.0,3486782093.0,0.06,0.3,12.67,6.13
2339,000725,京东方Ａ,3.82,0.53,0.02,623857.0,237817353.0,0.53,3.82,3.8,3.81,3.8,2.04,0.17,22.14,1.08,142929629217.0,140217111768.0,0.0,0.26,-12.79,-12.98
2340,600585,海螺水泥,22.9,0.53,0.12,36469.0,83593012.0,0.88,22.99,22.79,22.8,22.78,2.24,0.09,16.76,0.64,121354029059.0,91593189059.0,-0.09,-0.17,-4.62,-3.7
2341,301150,中一科技,20.83,0.53,0.11,3943.0,8205306.72,1.11,20.95,20.72,20.72,20.72,2.08,0.43,-292.53,1.07,3772775468.0,1925771036.0,0.0,0.14,-6.97,-2.85
2342,300331,苏大维格,20.7,0.53,0.11,8668.0,17898296.0,1.12,20.8,20.57,20.62,20.59,0.92,0.42,77.49,3.48,5375009320.0,4267860071.0,0.1,-0.05,-5.05,-4.3
2343,300324,旋极信息,3.82,0.53,0.02,94993.0,36242112.79,1.58,3.84,3.78,3.79,3.8,1.37,0.56,-27.9,2.3,6599396073.0,6531692028.0,0.0,-0.26,-30.8,15.41
2344,600506,统一股份,18.82,0.53,0.1,9235.0,17251556.0,1.92,18.83,18.47,18.78,18.72,1.77,0.63,21.84,7.45,3613796338.0,2779843350.0,0.43,0.53,-3.64,-8.64
2345,688450,光格科技,24.85,0.53,0.13,935.0,2322269.0,1.13,24.99,24.71,24.82,24.72,1.34,0.19,-29.83,1.64,1640100000.0,1197204290.0,0.0,0.08,-1.82,15.15
2346,300659,中孚信息,13.32,0.53,0.07,8262.0,11007225.01,1.58,13.43,13.22,13.25,13.25,1.22,0.43,-10.07,2.74,3468426475.0,2535231950.0,-0.08,-0.22,-25.71,-17.73
2347,301353,普莱得,30.27,0.53,0.16,1214.0,3665866.0,1.0,30.38,30.08,30.12,30.11,1.88,0.49,32.38,1.85,2300520000.0,756750000.0,0.07,0.46,3.31,10.31
2348,000708,中信特钢,11.28,0.53,0.06,29544.0,33300328.8,1.16,11.33,11.2,11.21,11.22,2.73,0.06,10.29,1.45,56931933340.0,56931933340.0,-0.18,-0.44,-3.01,3.49
2349,688189,南新制药,7.53,0.53,0.04,39568.0,29578816.0,2.54,7.58,7.39,7.5,7.49,4.46,1.44,-64.34,2.23,2066232000.0,2066232000.0,-0.13,0.27,13.06,15.14
2350,603059,倍加洁,26.43,0.53,0.14,5867.0,15390267.0,2.02,26.44,25.91,26.28,26.29,2.42,0.58,53.48,2.64,2654859141.0,2654859141.0,0.19,0.23,5.38,13.29
2351,300135,宝利国际,3.78,0.53,0.02,19307.0,7293852.0,1.06,3.79,3.75,3.76,3.76,1.78,0.21,268.88,3.6,3483648000.0,3483648000.0,0.0,0.0,-6.67,-4.55
2352,688161,威高骨科,26.32,0.53,0.14,1917.0,5034274.0,0.95,26.35,26.1,26.17,26.18,2.53,0.05,50.82,2.63,10528000000.0,10528000000.0,0.04,0.15,-4.78,4.36
2353,688084,晶品特装,68.75,0.53,0.36,2470.0,16878328.0,3.54,69.98,67.56,68.49,68.39,2.11,0.67,-363.69,3.34,5201560788.0,2533385938.0,-0.04,0.13,-4.75,22.11
2354,002917,金奥博,13.28,0.53,0.07,7995.0,10596479.0,0.61,13.29,13.21,13.21,13.21,1.06,0.31,32.31,2.85,4616316536.0,3459447052.0,0.0,0.23,-13.32,38.91
2355,002545,东方铁塔,7.62,0.53,0.04,13129.0,9998898.0,0.79,7.65,7.59,7.59,7.58,1.49,0.12,11.51,1.04,9479753072.0,8611847455.0,0.0,0.0,1.46,8.39
2356,002236,大华股份,15.24,0.53,0.08,41385.0,63033190.44,0.66,15.27,15.17,15.2,15.16,2.08,0.2,19.25,1.43,50302163205.0,32144817341.0,-0.07,-0.13,-5.16,-1.93
2357,002489,浙江永强,3.85,0.52,0.02,65039.0,24969787.0,1.31,3.86,3.81,3.81,3.83,1.06,0.34,5.62,1.91,8350712805.0,7365161373.0,0.0,0.26,13.24,18.83
2358,688062,迈威生物-U,25.05,0.52,0.13,40303.0,99662968.0,3.89,25.16,24.19,24.75,24.92,2.69,1.97,-8.58,7.84,10009980000.0,5114458500.0,0.6,1.42,35.04,24.01
2359,688448,磁谷科技,29.09,0.52,0.15,2755.0,7981904.0,1.35,29.17,28.78,29.09,28.94,1.5,0.57,-119.21,2.04,2084365407.0,1395514207.0,0.1,0.45,-9.01,3.41
2360,002063,远光软件,5.75,0.52,0.03,40123.0,23078495.24,0.87,5.77,5.72,5.73,5.72,1.8,0.23,291.7,2.97,10954302000.0,9840372659.0,0.0,-0.17,-14.31,-0.17
2361,603602,纵横通信,15.35,0.52,0.08,17979.0,27524610.0,1.57,15.39,15.15,15.15,15.27,2.2,0.78,257.34,3.36,3520342798.0,3520342798.0,0.07,0.0,-25.7,-4.06
2362,002193,如意集团,5.77,0.52,0.03,18809.0,10856794.0,1.92,5.83,5.72,5.74,5.74,2.39,0.72,-15.57,2.35,1510098724.0,1510090069.0,-0.17,0.0,-7.09,1.94
2363,002540,亚太科技,5.79,0.52,0.03,8518.0,4935549.0,0.87,5.81,5.76,5.77,5.76,1.34,0.1,19.31,1.36,7246825357.0,5033446014.0,0.0,0.0,-3.34,-2.85
2364,002047,*ST宝鹰,1.93,0.52,0.01,23845.0,4605633.0,1.56,1.95,1.92,1.93,1.92,1.7,0.16,-45.16,-136.91,2926359977.0,2926211404.0,-0.52,-0.52,-25.48,-37.74
2365,002073,软控股份,7.78,0.52,0.04,21907.0,16979682.0,1.16,7.79,7.7,7.71,7.74,1.4,0.22,26.1,1.34,7932733311.0,7709692770.0,0.0,0.0,-12.58,-5.81
2366,002407,多氟多,11.52,0.52,0.06,13980.0,16115610.67,0.79,11.57,11.48,11.49,11.46,1.7,0.13,52.96,1.61,13713783195.0,12447945516.0,0.09,0.0,-6.65,-4.0
2367,600380,健康元,11.53,0.52,0.06,55580.0,63885288.0,1.48,11.56,11.39,11.4,11.47,3.26,0.3,12.1,1.44,21093597541.0,21093597541.0,0.0,0.17,2.49,2.31
2368,000628,高新发展,44.24,0.52,0.23,6516.0,28774048.0,1.05,44.33,43.87,43.97,44.01,1.17,0.34,1397.45,7.37,15584867200.0,8497733560.0,0.02,-0.16,-15.6,-28.98
2369,688233,神工股份,27.17,0.52,0.14,10451.0,28319800.0,1.78,27.3,26.82,27.02,27.03,3.11,0.61,40.57,2.56,4627206847.0,4627206847.0,-0.07,0.0,10.18,15.86
2370,300321,同大股份,31.06,0.52,0.16,4429.0,13706047.0,1.72,31.18,30.65,30.8,30.9,1.15,0.5,238.34,4.38,2758128000.0,2753816872.0,-0.16,0.19,-5.79,51.07
2371,002156,通富微电,23.38,0.52,0.12,25088.0,58623918.74,0.82,23.45,23.26,23.26,23.26,1.51,0.17,87.49,2.4,35481415803.0,35478032950.0,-0.09,-0.26,-19.04,-20.88
2372,301072,中捷精工,21.38,0.52,0.11,2410.0,5148026.0,1.41,21.53,21.23,21.3,21.27,1.58,0.36,-52.24,2.93,2246071624.0,1435451554.0,-0.05,0.33,3.59,12.88
2373,002144,宏达高科,11.67,0.52,0.06,7294.0,8489488.0,1.03,11.68,11.56,11.61,11.61,1.64,0.53,29.35,1.0,2062818702.0,1606308701.0,0.09,0.34,10.41,12.1
2374,300197,节能铁汉,1.99,0.51,0.01,51859.0,10315317.0,1.52,2.0,1.97,1.98,1.98,1.38,0.17,-9.54,3.64,5900943179.0,5900793929.0,0.0,0.51,-8.29,-13.85
2375,600062,华润双鹤,19.84,0.51,0.1,30732.0,60879841.0,1.01,19.88,19.68,19.73,19.74,3.2,0.3,10.17,1.89,20610516596.0,20487395528.0,0.05,0.2,4.64,0.2
2376,300146,汤臣倍健,11.86,0.51,0.06,27146.0,32138996.0,0.76,11.88,11.79,11.81,11.8,1.86,0.24,11.09,1.85,20172026812.0,13401646520.0,0.08,0.25,6.46,1.45
2377,600513,联环药业,9.82,0.51,0.05,31551.0,30918646.0,1.43,9.88,9.74,9.77,9.77,3.19,1.11,30.39,1.98,2803180571.0,2803180571.0,0.2,0.51,3.26,-0.91
2378,001373,翔腾新材,29.75,0.51,0.15,1902.0,5646947.0,1.15,29.84,29.5,29.58,29.6,1.71,0.57,-229.9,2.28,2043434918.0,985669027.0,-0.13,-0.07,-12.22,1.26
2379,002304,洋河股份,66.37,0.51,0.34,11667.0,77418182.0,0.77,66.57,66.06,66.06,66.03,1.95,0.08,6.87,1.93,99982759561.0,99980400108.0,0.09,-0.02,-13.17,-18.26
2380,688689,银河微电,21.72,0.51,0.11,860.0,1863518.0,1.06,21.76,21.53,21.54,21.61,0.92,0.07,114.74,2.4,2799776787.0,2799776787.0,-0.18,0.0,-11.56,2.5
2381,001210,金房能源,15.75,0.51,0.08,4405.0,6930495.52,0.83,15.8,15.67,15.77,15.67,2.69,0.55,3.96,1.5,2058166373.0,1250846163.0,-0.32,-0.19,9.38,12.74
2382,002745,木林森,7.81,0.51,0.04,27861.0,21733732.0,0.77,7.83,7.77,7.79,7.77,1.66,0.26,20.29,0.89,11591339576.0,8315119786.0,-0.13,0.0,-17.96,-10.44
2383,603068,博通集成,31.49,0.51,0.16,5754.0,18079899.0,0.89,31.58,31.3,31.38,31.33,0.81,0.38,71.8,2.8,4736882179.0,4736882179.0,-0.16,0.0,-13.23,13.89
2384,688119,中钢洛耐,3.93,0.51,0.02,11098.0,4355086.0,1.02,3.94,3.9,3.9,3.91,1.5,0.19,56.4,1.49,4421250000.0,2245995000.0,0.0,0.0,3.97,0.77
2385,300715,凯伦股份,9.81,0.51,0.05,6520.0,6386471.0,2.05,9.93,9.73,9.83,9.76,2.17,0.2,140.07,2.07,3708723768.0,3278098574.0,-0.1,0.41,-0.71,32.21
2386,301303,真兰仪表,13.9,0.51,0.07,1503.0,2086144.2,0.65,13.91,13.82,13.88,13.83,1.03,0.15,20.08,1.76,5682320000.0,1411958567.0,0.0,0.14,-1.49,-9.27
2387,300296,利亚德,5.92,0.51,0.03,68717.0,40664020.76,0.85,5.94,5.89,5.94,5.89,1.26,0.3,52.43,2.05,16054905154.0,13465200302.0,-0.17,-0.34,-18.68,-6.62
2388,603233,大参林,17.61,0.51,0.09,13220.0,23295235.0,1.6,17.75,17.47,17.47,17.52,1.9,0.12,10.9,2.8,20055111431.0,20055111431.0,0.23,0.46,20.2,16.93
2389,603271,永杰新材,35.3,0.51,0.18,1930.0,6799616.0,1.11,35.4,35.01,35.12,35.12,1.51,0.5,22.93,2.59,6944216000.0,1361534096.0,-0.14,-0.08,71.36,71.36
2390,603285,键邦股份,23.82,0.51,0.12,5682.0,13520554.0,1.9,23.93,23.48,23.48,23.7,1.21,1.42,26.01,2.37,3811200000.0,952800000.0,0.04,0.17,4.29,4.47
2391,300960,通业科技,21.66,0.51,0.11,10274.0,22169017.0,2.74,21.96,21.37,21.96,21.55,1.84,0.79,-281.15,5.46,3113195114.0,2819355554.0,-0.14,0.79,34.45,22.51
2392,603786,科博达,54.69,0.51,0.28,2018.0,11053541.0,0.79,54.98,54.55,54.56,54.41,0.93,0.05,26.83,4.25,22087065117.0,22006605189.0,-0.26,0.05,-10.39,-11.5
2393,301103,何氏眼科,21.58,0.51,0.11,7785.0,16818396.0,2.33,21.8,21.3,21.41,21.47,5.4,0.94,26.21,1.81,3410211244.0,1793085027.0,0.0,0.14,-0.28,8.06
2394,301117,佳缘科技,19.55,0.51,0.1,7359.0,14420986.6,1.75,19.79,19.45,19.5,19.45,1.84,0.93,-43.81,1.94,2525246521.0,1553245291.0,-0.1,-0.05,-22.42,-10.57
2395,300959,线上线下,41.17,0.51,0.21,8411.0,34335316.0,2.69,41.54,40.44,41.14,40.96,4.39,1.61,80.31,2.92,3308742326.0,2155464366.0,0.02,0.64,-6.98,-6.07
2396,601162,天风证券,3.95,0.51,0.02,263764.0,104185540.0,1.27,3.97,3.92,3.94,3.93,2.63,0.3,354.22,1.46,34229741983.0,34229741983.0,-0.25,-0.25,-11.83,-11.83
2397,300305,裕兴股份,5.93,0.51,0.03,7845.0,4632049.0,1.36,5.94,5.86,5.9,5.9,1.46,0.24,-9.84,1.04,2226123732.0,1906341959.0,0.34,0.51,5.89,8.81
2398,002725,跃岭股份,11.73,0.51,0.06,7388.0,8645740.0,0.86,11.75,11.65,11.71,11.67,1.09,0.35,108.22,2.95,3002880000.0,2485897200.0,-0.17,0.26,-23.78,9.32
2399,000422,湖北宜化,12.16,0.5,0.06,51394.0,62520768.0,0.83,12.21,12.11,12.15,12.1,1.05,0.49,96.76,1.78,13163318098.0,12863057043.0,0.0,0.16,-0.65,-3.65
2400,601555,东吴证券,8.05,0.5,0.04,73302.0,59000640.0,1.12,8.09,8.0,8.02,8.01,2.5,0.15,10.21,0.97,39998057838.0,39998057838.0,-0.12,-0.12,0.37,3.21
2401,002267,陕天然气,8.11,0.5,0.04,30903.0,24944362.1,1.24,8.12,8.02,8.05,8.07,1.32,0.28,4.91,1.3,9018931859.0,9018931859.0,0.12,0.25,6.99,-4.02
2402,002668,TCL智家,10.14,0.5,0.05,11762.0,11906390.0,0.5,10.15,10.1,10.1,10.09,1.7,0.11,9.1,4.04,10992889880.0,10992889880.0,0.0,0.0,-14.79,-22.71
2403,002203,海亮股份,10.09,0.5,0.05,4382.0,4430319.68,1.1,10.16,10.05,10.05,10.04,0.84,0.02,14.62,1.48,20163052059.0,19455443356.0,0.0,-0.1,5.77,-6.14
2404,601113,华鼎股份,4.01,0.5,0.02,25808.0,10320160.0,1.25,4.02,3.97,3.99,3.99,2.51,0.23,11.72,1.14,4427650426.0,4427650426.0,0.25,0.25,-7.6,2.82
2405,002106,莱宝高科,10.12,0.5,0.05,18013.0,18198943.0,1.09,10.14,10.03,10.03,10.07,1.55,0.26,23.8,1.3,7142859539.0,7125842739.0,-0.1,-0.2,-10.44,-7.24
2406,300588,熙菱信息,12.18,0.5,0.06,6820.0,8286119.0,1.24,12.22,12.07,12.15,12.12,1.82,0.39,-38.82,7.75,2332117145.0,2153692325.0,-0.08,0.16,-18.26,-21.72
2407,688425,铁建重工,4.03,0.5,0.02,20292.0,8175907.0,0.75,4.04,4.01,4.01,4.01,1.18,0.14,16.18,1.2,21493992910.0,5956166710.0,0.0,0.25,-5.4,-8.41
2408,601818,光大银行,4.05,0.5,0.02,380121.0,154271153.0,0.99,4.08,4.04,4.04,4.03,3.04,0.08,4.8,0.5,239296481797.0,187947603022.0,-0.25,-0.25,5.19,7.43
2409,300606,金太阳,18.13,0.5,0.09,4018.0,7271247.0,1.11,18.2,18.0,18.04,18.04,1.27,0.34,67.22,3.83,2540321210.0,2163388267.0,-0.06,-0.06,-15.95,-5.52
2410,603860,中公高科,30.09,0.5,0.15,2086.0,6257490.0,0.73,30.11,29.89,30.09,29.94,2.07,0.31,-1334.15,2.53,2006401200.0,2006401200.0,0.03,0.13,2.63,2.56
2411,300612,宣亚国际,14.08,0.5,0.07,10127.0,14274096.0,2.0,14.2,13.92,14.1,14.01,1.71,0.56,-157.64,5.22,2540799304.0,2532703304.0,0.07,-0.14,-12.6,-10.83
2412,300607,拓斯达,32.26,0.5,0.16,43633.0,140394761.2,1.21,32.39,32.0,32.03,32.1,1.15,1.29,997.92,5.49,15387130011.0,10893878981.0,0.0,0.5,-11.03,26.56
2413,600861,北京人力,20.19,0.5,0.1,2445.0,4922333.0,1.0,20.2,20.0,20.08,20.09,1.39,0.07,4.84,1.6,11429815776.0,7401146181.0,0.05,0.05,0.65,4.34
2414,002313,日海智能,10.14,0.5,0.05,107432.0,107070326.0,4.56,10.29,9.83,10.01,10.09,2.77,2.87,-31.7,102.28,3796416000.0,3796377215.0,0.0,2.63,-12.44,29.34
2415,603665,康隆达,25.97,0.5,0.13,12039.0,31387066.0,2.83,26.35,25.62,25.74,25.84,2.66,0.75,9.17,5.75,4184054150.0,4159555351.0,0.04,0.08,51.78,83.92
2416,002901,大博医疗,38.49,0.5,0.19,6621.0,25392025.0,1.8,38.74,38.05,38.25,38.3,1.74,0.23,38.64,5.33,15935610786.0,11104856633.0,0.0,0.6,16.6,26.82
2417,301133,金钟股份,22.27,0.5,0.11,1190.0,2640743.0,1.4,22.36,22.05,22.24,22.16,1.01,0.12,54.37,2.34,2374494522.0,2145513157.0,-0.09,0.27,-5.4,1.32
2418,001260,坤泰股份,18.06,0.5,0.09,2042.0,3679432.0,0.83,18.1,17.95,17.97,17.97,1.37,0.64,78.95,2.64,2076900000.0,573405000.0,-0.06,0.11,6.49,14.67
2419,600746,江苏索普,8.11,0.5,0.04,15329.0,12386330.0,1.12,8.13,8.04,8.09,8.07,1.85,0.13,41.48,1.74,9471205789.0,9456927834.0,0.0,0.62,10.79,15.69
2420,300437,清水源,8.28,0.49,0.04,11395.0,9383187.0,1.46,8.31,8.19,8.27,8.24,1.49,0.65,-100.99,1.47,2090061703.0,1455711743.0,-0.12,0.61,2.48,-7.8
2421,300310,宜通世纪,6.11,0.49,0.03,35719.0,21771410.0,1.32,6.13,6.05,6.06,6.08,1.1,0.52,-125.03,2.84,5386933624.0,4226534125.0,0.0,0.0,-29.45,-19.18
2422,300302,同有科技,14.25,0.49,0.07,16007.0,22723100.0,1.27,14.3,14.12,14.18,14.18,1.78,0.43,-64.87,6.58,6829509122.0,5256666754.0,0.0,0.0,-28.14,-9.58
2423,002036,联创电子,10.21,0.49,0.05,38864.0,39592591.6,1.08,10.23,10.12,10.2,10.16,0.96,0.37,828.81,5.06,10816336420.0,10750222260.0,0.0,-0.1,-21.1,8.62
2424,600784,鲁银投资,6.19,0.49,0.03,8354.0,5153239.0,0.81,6.19,6.14,6.16,6.16,1.18,0.12,13.18,1.3,4182287595.0,4182287595.0,0.16,0.16,0.49,5.09
2425,301487,盟固利,18.36,0.49,0.09,20495.0,37563229.0,1.37,18.47,18.22,18.25,18.27,1.39,0.75,-89.17,4.54,8438557802.0,5008497913.0,-0.27,-0.11,-21.91,-13.68
2426,002340,格林美,6.12,0.49,0.03,70149.0,42930866.7,0.99,6.14,6.08,6.09,6.09,1.79,0.14,15.34,1.54,31372904329.0,31116440404.0,0.0,-0.16,-9.87,-6.28
2427,300970,华绿生物,14.27,0.49,0.07,6326.0,8983846.0,1.69,14.34,14.1,14.21,14.2,1.6,0.68,277.62,1.15,1715288248.0,1323248952.0,0.07,0.49,16.39,19.92
2428,837344,三元基因,24.77,0.49,0.12,9862.0,24069158.11,3.04,24.77,24.02,24.53,24.65,2.39,0.87,-61.57,4.96,3017233700.0,2812900917.0,1.23,1.06,9.12,39.24
2429,603409,汇通控股,34.65,0.49,0.17,1033.0,3575351.0,0.52,34.66,34.48,34.48,34.48,0.64,0.33,37.57,2.98,4366939500.0,1069849831.0,0.09,0.0,-23.93,43.3
2430,688100,威胜信息,33.08,0.49,0.16,2155.0,7133988.0,1.06,33.25,32.9,32.92,32.92,1.2,0.04,29.18,5.14,16264945589.0,16264945589.0,-0.21,-0.21,-14.52,-7.29
2431,301223,中荣股份,16.4,0.49,0.08,1350.0,2207857.0,1.04,16.42,16.25,16.25,16.32,1.39,0.12,20.12,1.09,3167291984.0,1837046984.0,0.06,0.0,0.24,1.86
2432,834407,驰诚股份,24.47,0.49,0.12,820.0,1991339.96,1.93,24.6,24.13,24.6,24.35,0.63,0.32,415.29,6.09,1607189600.0,634412891.0,0.33,0.82,-11.66,39.75
2433,600389,江山股份,18.64,0.49,0.09,17966.0,33461157.0,1.13,18.72,18.51,18.7,18.55,0.91,0.42,12.91,2.1,8027316000.0,8027316000.0,-0.05,0.0,34.39,29.0
2434,605090,九丰能源,26.81,0.49,0.13,7267.0,19493162.0,1.35,26.97,26.61,26.66,26.68,1.91,0.11,8.63,1.88,17468880899.0,17292964779.0,0.19,0.07,9.38,-3.28
2435,000055,方大集团,4.12,0.49,0.02,11959.0,4913749.0,0.49,4.12,4.1,4.11,4.1,1.6,0.18,33.49,0.72,4424361815.0,2784520247.0,0.24,0.24,1.98,5.91
2436,002601,龙佰集团,16.54,0.49,0.08,11325.0,18703940.14,0.73,16.58,16.46,16.48,16.46,0.94,0.06,14.38,1.75,39469290454.0,32878472687.0,-0.06,-0.12,-8.06,-6.4
2437,605366,宏柏新材,6.11,0.49,0.03,53977.0,32791567.0,1.81,6.13,6.02,6.02,6.08,2.07,0.85,-172.61,1.97,3879824405.0,3863418108.0,0.49,0.49,3.56,12.73
2438,688045,必易微,32.71,0.49,0.16,1697.0,5552294.0,1.44,32.87,32.4,32.83,32.55,0.98,0.45,-43.49,1.67,2284395059.0,1233005707.0,0.03,0.03,-10.65,2.54
2439,600785,新华百货,12.24,0.49,0.06,5796.0,7066384.0,0.99,12.25,12.13,12.23,12.18,1.26,0.26,8.63,1.19,2761726867.0,2761726867.0,0.16,0.41,4.44,-6.35
2440,300622,博士眼镜,30.6,0.49,0.15,15140.0,46033171.6,1.94,30.66,30.07,30.2,30.45,2.29,0.98,57.75,8.82,6970738140.0,4734218320.0,0.03,0.13,-21.74,-19.94
2441,000541,佛山照明,6.19,0.49,0.03,21510.0,13283380.0,0.65,6.19,6.15,6.18,6.16,0.92,0.17,36.7,1.43,9506467244.0,7617000545.0,0.0,0.0,-0.96,-0.16
2442,300951,博硕科技,28.44,0.49,0.14,1664.0,4721653.6,0.95,28.47,28.2,28.34,28.3,1.86,0.11,23.06,2.13,4819848296.0,4297398670.0,0.0,0.04,-11.43,-2.84
2443,688156,路德环境,14.38,0.49,0.07,3780.0,5428106.0,2.45,14.6,14.25,14.55,14.31,2.4,0.38,288.63,1.73,1448269578.0,1448269578.0,-0.07,0.14,6.2,6.28
2444,603992,松霖科技,22.86,0.48,0.11,1742.0,3975806.0,0.88,22.93,22.73,22.75,22.75,0.97,0.04,54.43,3.12,9895986169.0,9709814329.0,-0.09,-0.04,4.96,25.54
2445,301022,海泰科,27.44,0.48,0.13,3107.0,8501098.0,2.09,27.68,27.11,27.58,27.31,1.2,0.6,41.77,2.39,2325829986.0,1432735669.0,-0.11,0.04,-10.5,35.17
2446,300059,东方财富,20.76,0.48,0.1,436605.0,905862559.59,1.45,20.87,20.57,20.65,20.66,2.51,0.33,30.21,3.97,328091822133.0,277693781311.0,-0.1,-0.19,-9.42,-19.41
2447,600052,东望时代,4.18,0.48,0.02,18147.0,7585192.0,1.44,4.21,4.15,4.16,4.16,2.24,0.21,-857.54,1.39,3528734017.0,3528734017.0,0.48,0.48,-9.91,-7.52
2448,688172,燕东微,18.69,0.48,0.09,1765.0,3298463.0,0.81,18.75,18.6,18.61,18.6,0.98,0.03,-26.69,1.55,22482090935.0,10938356348.0,-0.05,-0.05,-13.95,-6.78
2449,000623,吉林敖东,16.68,0.48,0.08,21326.0,35537220.04,0.84,16.72,16.58,16.61,16.6,2.48,0.18,9.65,0.68,19947535055.0,19867203441.0,-0.06,-0.18,1.83,-3.42
2450,300550,和仁科技,12.52,0.48,0.06,4275.0,5346564.0,1.28,12.6,12.44,12.5,12.46,1.07,0.16,-213.79,2.97,3287252965.0,3284200840.0,0.0,-0.08,-17.52,-17.36
2451,300316,晶盛机电,27.05,0.48,0.13,6866.0,18552162.0,0.56,27.1,26.95,27.08,26.92,1.33,0.06,15.46,2.12,35422889209.0,33313574463.0,0.0,-0.07,-15.73,-14.13
2452,000420,吉林化纤,4.16,0.48,0.02,255225.0,105810155.56,1.21,4.18,4.13,4.17,4.14,0.93,1.04,309.23,2.33,10228892307.0,10225397075.0,0.24,0.73,7.49,15.24
2453,688378,奥来德,19.0,0.48,0.09,5020.0,9528038.0,0.79,19.05,18.9,18.96,18.91,1.44,0.25,38.87,2.28,3954816199.0,3823103677.0,0.11,0.11,-25.26,-16.7
2454,601136,首创证券,18.94,0.48,0.09,24585.0,46516725.0,0.95,18.98,18.8,18.82,18.85,2.31,0.51,85.68,3.89,51769342172.0,9119303172.0,0.0,0.05,-7.79,-13.91
2455,301102,兆讯传媒,10.37,0.48,0.05,8966.0,9258952.85,2.33,10.44,10.2,10.44,10.32,2.18,0.88,50.44,1.37,4210220000.0,1052555000.0,0.1,0.0,-4.07,-5.12
2456,688090,瑞松科技,44.13,0.48,0.21,2840.0,12624454.0,3.3,44.96,43.51,44.96,43.92,1.48,0.3,494.08,4.61,4156802358.0,4156802358.0,-0.34,-0.27,-22.54,24.24
2457,603215,比依股份,16.89,0.48,0.08,6910.0,11604909.0,1.07,16.89,16.71,16.81,16.81,0.83,0.37,53.02,2.8,3183906859.0,3162287338.0,0.24,0.06,-6.58,-0.76
2458,002412,汉森制药,6.33,0.48,0.03,94020.0,59798918.5,3.17,6.43,6.23,6.3,6.3,6.6,1.89,70.74,1.45,3185256000.0,3151358850.0,-0.16,-0.31,5.15,5.32
2459,002409,雅克科技,52.71,0.48,0.25,5124.0,26957997.0,0.72,52.76,52.38,52.47,52.46,1.1,0.16,24.1,3.44,25086147907.0,16789333994.0,-0.04,-0.09,-15.23,-8.63
2460,300142,沃森生物,10.55,0.48,0.05,68861.0,72376141.47,1.52,10.58,10.42,10.54,10.5,2.68,0.44,1594.06,1.79,16873127108.0,16451778148.0,0.0,0.29,-9.98,-12.59
2461,301196,唯科科技,60.21,0.48,0.29,5902.0,35547271.0,2.02,60.88,59.67,60.05,59.92,1.53,0.88,24.27,2.35,7514208000.0,4050163410.0,-0.23,-0.08,15.1,83.18
2462,301456,盘古智能,23.13,0.48,0.11,1419.0,3277793.0,0.78,23.18,23.0,23.0,23.02,1.33,0.24,65.72,1.6,3436752662.0,1358690155.0,0.0,0.17,-11.99,2.39
2463,688686,奥普特,86.41,0.48,0.41,1407.0,12172139.0,1.2,86.88,85.85,86.78,86.0,1.95,0.12,45.64,3.58,10562365667.0,10562365667.0,-0.45,-0.28,-8.74,14.28
2464,600535,天士力,16.81,0.48,0.08,45923.0,76950427.0,1.49,16.89,16.64,16.71,16.73,3.12,0.31,19.97,2.11,25113299584.0,25113299584.0,-0.3,0.3,13.27,17.88
2465,301408,华人健康,12.46,0.48,0.06,22897.0,28367607.0,1.77,12.5,12.28,12.28,12.4,3.03,1.53,20.35,2.41,4984124600.0,1858674435.0,0.48,0.65,5.06,12.96
2466,600101,明星电力,10.44,0.48,0.05,47720.0,49591825.0,1.73,10.48,10.3,10.37,10.39,1.37,0.87,19.65,1.87,5719684197.0,5719684197.0,-0.29,0.0,12.5,18.64
2467,300894,火星人,12.54,0.48,0.06,7148.0,8937300.0,0.72,12.56,12.47,12.5,12.48,1.6,0.24,-23.6,4.05,5112845605.0,3687675545.0,0.24,0.08,-18.94,-8.47
2468,002524,光正眼科,4.27,0.47,0.02,22481.0,9586231.0,1.41,4.3,4.24,4.28,4.25,1.66,0.44,964.63,19.41,2213854406.0,2170438540.0,0.0,0.23,0.95,17.31
2469,603297,永新光学,83.07,0.47,0.39,983.0,8135591.0,1.08,83.29,82.4,82.84,82.68,1.31,0.09,41.48,4.63,9233272035.0,9198266337.0,0.33,0.39,-14.71,-11.46
2470,688368,晶丰明源,91.01,0.47,0.43,1203.0,10926060.0,1.77,91.8,90.2,91.0,90.58,1.7,0.14,-299.19,6.67,7993087035.0,7993087035.0,-0.47,-0.1,-1.23,2.82
2471,603990,麦迪科技,15.07,0.47,0.07,16319.0,24450814.0,1.6,15.14,14.9,14.96,15.0,1.2,0.53,48.9,5.61,4615680756.0,4615680756.0,0.4,0.47,-5.93,46.6
2472,301021,英诺激光,27.83,0.47,0.13,3380.0,9373999.0,1.59,27.94,27.5,27.69,27.7,0.99,0.22,-153.82,4.29,4234388268.0,4233632683.0,0.04,0.14,-4.33,7.49
2473,002816,*ST和科,19.08,0.47,0.09,13029.0,24857700.0,2.74,19.33,18.81,19.07,18.99,1.32,1.3,146.02,8.38,1908000000.0,1908000000.0,0.05,-0.63,40.71,29.53
2474,603203,快克智能,23.37,0.47,0.11,2212.0,5166098.0,0.77,23.45,23.27,23.27,23.26,1.39,0.09,21.94,3.93,5822713042.0,5822713042.0,0.04,-0.09,-6.14,1.52
2475,000973,佛塑科技,6.43,0.47,0.03,43106.0,27601195.0,1.09,6.43,6.36,6.38,6.4,1.19,0.45,78.1,2.16,6220530990.0,6220530990.0,0.16,0.47,-12.28,8.25
2476,000968,蓝焰控股,6.48,0.47,0.03,7140.0,4621666.99,0.62,6.49,6.45,6.46,6.45,1.24,0.07,8.49,1.02,6269417237.0,6269417237.0,0.15,0.15,6.4,-2.56
2477,603160,汇顶科技,69.13,0.47,0.32,3875.0,26761945.0,0.92,69.35,68.72,68.72,68.81,1.42,0.08,40.88,3.63,31939887175.0,31939887175.0,-0.12,-0.06,-12.1,-13.75
2478,688597,煜邦电力,10.77,0.47,0.05,4044.0,4329090.0,1.12,10.78,10.66,10.78,10.72,1.46,0.16,123.7,3.31,2661281906.0,2661281906.0,0.19,0.47,-1.37,10.69
2479,002127,南极电商,4.26,0.47,0.02,99159.0,41805938.0,1.89,4.27,4.19,4.22,4.24,1.59,0.5,-191.86,2.54,10457747917.0,8440167783.0,-0.23,0.71,1.43,-2.29
2480,600063,皖维高新,4.32,0.47,0.02,16854.0,7263835.0,0.7,4.32,4.29,4.3,4.3,0.94,0.09,19.31,1.09,9091950749.0,8319865069.0,0.23,0.47,13.39,9.64
2481,600993,马应龙,29.82,0.47,0.14,30596.0,92364849.0,2.96,30.57,29.69,29.69,29.68,5.42,0.71,15.79,3.01,12854027030.0,12831755217.0,-0.2,-0.37,24.77,14.21
2482,600906,财达证券,6.48,0.47,0.03,24192.0,15662959.0,0.93,6.5,6.44,6.44,6.45,2.21,0.11,44.51,1.74,21027600000.0,13765042476.0,0.0,0.0,-3.57,-8.73
2483,002688,金河生物,6.43,0.47,0.03,88918.0,56855234.0,1.56,6.45,6.35,6.4,6.4,1.81,1.19,24.27,2.23,4961609179.0,4790760665.0,-0.16,0.31,46.47,43.85
2484,300538,同益股份,14.97,0.47,0.07,6898.0,10269748.0,1.07,14.98,14.82,14.9,14.9,1.48,0.61,210.76,2.84,2723321038.0,1693727971.0,0.13,0.13,-6.67,-1.71
2485,600962,国投中鲁,14.97,0.47,0.07,9803.0,14605329.0,1.28,14.99,14.8,14.9,14.9,1.15,0.37,36.33,4.23,3925283700.0,3925283700.0,-0.07,0.0,10.32,13.84
2486,603276,恒兴新材,14.98,0.47,0.07,11927.0,17835885.0,2.35,15.13,14.78,14.99,14.91,1.65,1.54,60.36,1.78,3110589465.0,1163189465.0,-0.79,-0.33,-0.13,9.82
2487,688503,聚和材料,31.91,0.47,0.15,8996.0,28885027.0,1.89,32.39,31.79,31.86,31.76,2.87,0.5,21.54,1.63,7723293548.0,5765014757.0,-0.56,-0.65,-28.93,-27.95
2488,301595,太力科技,38.49,0.47,0.18,8603.0,33094240.18,1.51,38.7,38.12,38.15,38.31,1.55,3.72,53.6,4.73,4167697200.0,889084590.0,0.03,-0.18,125.75,125.75
2489,600778,友好集团,6.41,0.47,0.03,13453.0,8591989.0,1.1,6.42,6.35,6.4,6.38,1.13,0.43,24.25,8.42,1996659566.0,1994887394.0,0.0,0.16,-7.37,-29.48
2490,688238,和元生物,6.39,0.47,0.03,42699.0,27313522.0,1.73,6.45,6.34,6.45,6.36,2.66,0.67,-17.43,2.56,4147344513.0,4096921023.0,0.16,0.31,14.72,29.35
2491,603025,大豪科技,12.77,0.47,0.06,3626.0,4627702.0,0.71,12.78,12.69,12.71,12.71,1.26,0.03,21.03,6.54,14164161851.0,14164161851.0,0.0,0.08,-9.62,-14.3
2492,688251,井松智能,21.49,0.47,0.1,3384.0,7243870.0,2.24,21.63,21.15,21.5,21.39,0.67,0.65,-649.88,2.23,1866337947.0,1110883666.0,0.0,0.14,10.83,33.48
2493,300109,新开源,17.27,0.47,0.08,37674.0,65050989.0,1.63,17.46,17.18,17.35,17.19,3.27,0.84,26.02,2.25,8370769086.0,7742806258.0,0.0,0.0,9.17,8.28
2494,300132,青松股份,6.39,0.47,0.03,87275.0,55062391.0,2.2,6.39,6.25,6.38,6.36,1.43,1.72,432.16,2.54,3300951862.0,3246639405.0,0.47,1.27,14.11,29.61
2495,600103,青山纸业,2.2,0.46,0.01,20538.0,4506978.0,0.46,2.2,2.19,2.2,2.19,0.62,0.09,40.38,1.26,4957161103.0,4867123903.0,0.0,0.46,0.92,-13.73
2496,600155,华创云信,6.59,0.46,0.03,27975.0,18425759.0,0.76,6.61,6.56,6.58,6.56,1.96,0.13,-92.47,0.74,14658992889.0,14658992889.0,0.0,-0.15,-8.22,-10.95
2497,000783,长江证券,6.62,0.46,0.03,87374.0,57828980.59,1.37,6.66,6.57,6.57,6.59,2.95,0.16,9.34,1.07,36609082916.0,36609082916.0,-0.15,-0.15,3.12,-2.93
2498,600519,贵州茅台,1515.97,0.46,6.97,4713.0,714676933.0,0.91,1523.0,1509.22,1510.5,1509.0,1.87,0.04,17.73,7.37,1904358178866.0,1904358178866.0,0.1,-0.07,3.38,-0.53
2499,301203,国泰环保,30.72,0.46,0.14,864.0,2654193.0,0.88,30.84,30.57,30.57,30.58,1.46,0.2,23.1,1.74,2457600000.0,1346841600.0,-0.1,0.0,0.52,4.35
2500,002577,雷柏科技,19.83,0.46,0.09,5546.0,10969790.0,1.17,19.9,19.67,19.82,19.74,1.8,0.2,175.0,4.7,5587237344.0,5586939894.0,0.15,0.0,-21.74,4.75
2501,002986,宇新股份,11.02,0.46,0.05,3669.0,4033323.24,0.73,11.03,10.95,11.0,10.97,1.71,0.12,30.16,1.03,4226171675.0,3327391936.0,0.0,0.18,-1.78,-7.24
2502,002983,芯瑞达,19.56,0.46,0.09,2168.0,4236864.52,1.54,19.63,19.33,19.47,19.47,1.3,0.17,23.73,3.17,4366469069.0,2506192854.0,-0.1,0.05,1.93,-0.41
2503,300708,聚灿光电,11.01,0.46,0.05,15284.0,16787207.4,0.82,11.02,10.93,10.96,10.96,1.78,0.29,30.47,2.77,7488477329.0,5753874587.0,0.0,0.18,-13.24,-10.78
2504,002048,宁波华翔,15.23,0.46,0.07,17407.0,26519466.06,1.72,15.33,15.07,15.24,15.16,1.23,0.25,12.11,1.04,12394678448.0,10810275063.0,-0.13,-0.26,-4.45,20.68
2505,603061,金海通,75.66,0.46,0.35,978.0,7386674.0,0.96,75.8,75.08,75.51,75.31,1.57,0.23,44.23,3.39,4539600000.0,3164580430.0,0.16,0.04,0.8,5.21
2506,688179,阿拉丁,15.27,0.46,0.07,9439.0,14360407.0,1.25,15.32,15.13,15.14,15.2,2.09,0.34,43.79,4.27,4235676677.0,4235676677.0,0.26,0.33,-4.02,11.46
2507,300655,晶瑞电材,8.69,0.46,0.04,44891.0,38847978.0,1.27,8.71,8.6,8.67,8.65,1.58,0.45,52.91,3.83,9207680584.0,8668887827.0,0.12,0.23,-4.51,-6.76
2508,603868,飞科电器,37.3,0.46,0.17,919.0,3411692.0,1.29,37.3,36.82,36.82,37.13,0.91,0.02,22.45,5.42,16247880000.0,16247880000.0,0.46,0.43,6.57,-10.16
2509,688308,欧科亿,17.5,0.46,0.08,1271.0,2223272.0,0.86,17.56,17.41,17.41,17.42,0.85,0.08,90.65,1.09,2778679890.0,2778679890.0,-0.11,0.0,-11.26,-3.05
2510,002175,东方智造,4.4,0.46,0.02,56986.0,25062008.0,1.6,4.42,4.35,4.37,4.38,1.41,0.45,1681.33,9.41,5617835199.0,5617835199.0,-0.23,-0.23,-18.52,5.26
2511,301059,金三江,10.81,0.46,0.05,5064.0,5450039.0,1.12,10.83,10.71,10.76,10.76,2.17,0.24,40.5,4.4,2498774740.0,2234827251.0,0.09,0.28,2.37,-10.88
2512,300822,贝仕达克,19.51,0.46,0.09,5887.0,11445754.1,1.08,19.56,19.35,19.44,19.42,0.74,0.2,143.63,4.89,6078071262.0,5638039561.0,0.15,0.36,-9.72,-5.52
2513,688570,天玛智控,19.51,0.46,0.09,992.0,1931984.0,0.77,19.56,19.41,19.46,19.42,0.83,0.05,39.3,1.98,8447830000.0,3629055100.0,-0.15,0.0,-7.62,3.34
2514,601336,新华保险,51.29,0.45,0.23,43300.0,222660793.0,1.57,51.73,50.93,50.93,51.06,3.84,0.21,6.8,2.0,160001545114.0,106962183749.0,-0.14,-0.31,7.1,3.2
2515,601868,中国能建,2.23,0.45,0.01,509699.0,113660882.0,0.9,2.24,2.22,2.23,2.22,3.77,0.16,14.42,0.86,92971294908.0,72316062628.0,0.0,-0.45,-4.29,-2.19
2516,300460,惠伦晶体,8.91,0.45,0.04,11079.0,9846580.0,1.01,8.93,8.84,8.9,8.87,1.53,0.39,-42.18,4.03,2501965876.0,2501965876.0,0.0,0.22,-32.04,-26.61
2517,688323,瑞华泰,13.27,0.45,0.06,2072.0,2756093.0,1.51,13.4,13.2,13.2,13.21,1.27,0.12,-32.43,2.98,2388602972.0,2388602972.0,-0.08,0.23,-23.91,7.97
2518,300374,中铁装配,15.49,0.45,0.07,3885.0,6006160.0,0.65,15.5,15.4,15.48,15.42,0.98,0.19,-30.25,4.56,3809182100.0,3151043848.0,0.0,0.0,-12.39,-12.34
2519,000826,启迪环境,2.21,0.45,0.01,2243332.0,475965675.82,9.55,2.26,2.05,2.05,2.2,16.23,15.74,-5.94,4.57,3150030678.0,3149632239.0,0.45,-0.9,15.71,10.5
2520,688778,厦钨新能,44.3,0.45,0.2,3350.0,14894019.0,1.45,44.68,44.04,44.04,44.1,1.64,0.08,39.94,2.1,18640155344.0,18640155344.0,-0.34,0.0,-17.35,-2.94
2521,001287,中电港,18.01,0.45,0.08,12054.0,21626120.0,1.06,18.05,17.86,17.95,17.93,1.94,0.28,40.46,2.62,13685800747.0,7877474909.0,0.06,0.06,-15.01,-11.32
2522,001333,光华股份,19.97,0.45,0.09,3091.0,6155643.0,0.65,19.99,19.86,19.99,19.88,1.35,0.7,25.02,1.5,2556160000.0,878680000.0,0.05,0.15,-4.81,15.37
2523,300193,佳士科技,8.88,0.45,0.04,11347.0,10063935.7,0.57,8.89,8.84,8.87,8.84,1.54,0.26,23.13,1.92,4383156163.0,3880804502.0,0.0,0.0,-13.37,-0.11
2524,300176,鸿特科技,6.72,0.45,0.03,11001.0,7384135.0,1.35,6.76,6.67,6.74,6.69,1.46,0.28,76.28,2.76,2602526976.0,2602526976.0,0.0,0.0,-8.57,-2.89
2525,603190,亚通精工,22.47,0.45,0.1,1507.0,3383407.0,1.07,22.54,22.3,22.3,22.37,1.06,0.37,19.0,1.26,2696400000.0,910472716.0,-0.09,-0.18,-1.66,0.22
2526,601989,中国重工,4.48,0.45,0.02,191187.0,85464655.0,1.12,4.49,4.44,4.46,4.46,2.31,0.08,49.19,1.21,102153118252.0,102153118252.0,0.22,0.0,7.18,-6.86
2527,300102,乾照光电,11.07,0.45,0.05,22608.0,25004472.0,0.91,11.11,11.01,11.02,11.02,1.33,0.25,91.59,2.47,10188095863.0,10098777557.0,0.09,0.0,-1.69,7.27
2528,688004,博汇科技,19.91,0.45,0.09,2896.0,5733842.0,1.87,20.0,19.63,19.89,19.82,1.21,0.36,-90.43,2.62,1594552080.0,1594552080.0,-0.1,-0.15,15.89,31.51
2529,603165,荣晟环保,11.04,0.45,0.05,5426.0,5979063.0,1.0,11.07,10.96,10.96,10.99,0.88,0.2,10.66,1.39,3009756021.0,3009756021.0,0.09,0.27,-18.94,-6.12
2530,430198,微创光电,13.52,0.45,0.06,7858.0,10585473.06,1.49,13.58,13.38,13.58,13.46,1.42,1.12,-13.47,5.43,2181639549.0,949703991.0,0.0,0.15,-14.86,29.75
2531,688321,微芯生物,22.5,0.45,0.1,65468.0,144188976.0,4.2,22.56,21.62,22.21,22.4,4.01,1.61,-119.75,6.38,9175420733.0,9175420733.0,1.44,1.99,22.28,21.1
2532,601808,中海油服,13.54,0.45,0.06,14814.0,20032062.0,0.52,13.55,13.48,13.5,13.48,2.4,0.05,18.21,1.45,64607355680.0,40084736720.0,-0.07,-0.07,-3.63,-11.21
2533,300360,炬华科技,15.66,0.45,0.07,7080.0,11065575.0,0.71,15.67,15.56,15.61,15.59,1.23,0.14,11.51,2.06,8052170393.0,7833051930.0,0.06,0.06,-7.77,-4.34
2534,301348,蓝箭电子,22.33,0.45,0.1,4417.0,9832648.0,0.94,22.36,22.15,22.15,22.23,1.47,0.34,-153.16,2.94,4466000000.0,2886881396.0,0.09,-0.13,-10.47,-12.84
2535,688772,珠海冠宇,13.42,0.45,0.06,18471.0,24769657.0,1.27,13.47,13.3,13.35,13.36,1.74,0.16,-160.25,2.16,15192363980.0,15192363980.0,0.0,-0.07,-21.34,-16.54
2536,600548,深高速,11.08,0.45,0.05,8560.0,9498310.0,1.0,11.14,11.03,11.05,11.03,2.23,0.06,14.71,1.22,28119445887.0,15880635212.0,-0.09,-0.18,-9.11,-17.8
2537,301178,天亿马,44.62,0.45,0.2,6299.0,27931523.0,2.41,44.88,43.81,44.28,44.42,1.43,1.27,1319.14,3.93,2994394656.0,2207634380.0,0.43,0.38,37.89,59.64
2538,301337,亚华电子,28.84,0.45,0.13,2576.0,7409242.0,1.25,28.91,28.55,28.68,28.71,1.7,0.66,-126.44,2.74,3005128000.0,1119676229.0,0.03,0.14,-16.79,-0.89
2539,300706,阿石创,20.74,0.44,0.09,3491.0,7227544.0,1.16,20.84,20.6,20.66,20.65,1.05,0.31,-214.11,4.38,3177793149.0,2355540294.0,0.0,0.29,-12.6,-13.76
2540,002899,英派斯,20.4,0.44,0.09,9885.0,20167923.0,1.48,20.55,20.25,20.31,20.31,1.56,0.67,53.12,1.76,3015058310.0,3015058310.0,-0.2,-0.1,-21.11,-9.01
2541,603266,天龙股份,18.23,0.44,0.08,7678.0,13934338.0,1.32,18.25,18.01,18.18,18.15,1.66,0.39,35.44,2.35,3625705453.0,3625705453.0,0.22,0.33,6.48,13.23
2542,688456,有研粉材,33.89,0.44,0.15,690.0,2339773.0,0.95,33.98,33.66,33.98,33.74,0.9,0.07,84.96,2.88,3513037400.0,3513037400.0,-0.15,0.03,-13.44,1.96
2543,300327,中颖电子,20.73,0.44,0.09,5417.0,11217109.0,0.68,20.79,20.65,20.72,20.64,1.3,0.16,113.72,4.02,7076998717.0,7054733225.0,0.0,-0.1,-20.33,-15.28
2544,300508,维宏股份,27.37,0.44,0.12,1647.0,4504411.76,0.95,27.5,27.24,27.24,27.25,1.33,0.2,57.3,3.9,3006214604.0,2271251498.0,-0.11,0.11,-19.1,1.86
2545,870508,丰安股份,20.36,0.44,0.09,992.0,2011492.84,1.97,20.4,20.0,20.36,20.27,1.01,0.24,30.89,2.66,1267206400.0,832714797.0,0.3,0.44,8.88,63.01
2546,600641,万业企业,13.84,0.44,0.06,8475.0,11707266.0,1.6,13.88,13.66,13.8,13.78,1.54,0.09,-157.18,1.57,12879918093.0,12879918093.0,0.0,-0.14,-0.43,-5.34
2547,301239,普瑞眼科,40.86,0.44,0.18,2900.0,11833175.0,1.75,41.12,40.41,40.73,40.68,1.89,0.41,56.03,2.86,6113434301.0,2892457458.0,-0.02,0.2,-22.32,-12.88
2548,300131,英唐智控,6.89,0.44,0.03,20247.0,13923321.0,0.87,6.9,6.84,6.85,6.86,0.98,0.19,112.28,4.42,7820284252.0,7181223185.0,0.0,0.0,-22.23,-15.04
2549,601881,中国银河,15.95,0.44,0.07,80335.0,128198796.0,1.26,16.04,15.84,15.89,15.88,2.49,0.11,14.46,1.55,174403715983.0,115532511087.0,-0.06,-0.13,-3.22,4.73
2550,301611,珂玛科技,52.91,0.44,0.23,4535.0,23972552.0,0.95,53.0,52.5,52.5,52.68,2.3,0.76,66.22,14.75,23068760000.0,3174600000.0,0.02,-0.02,-16.22,-10.11
2551,300226,上海钢联,20.57,0.44,0.09,10667.0,21914127.0,1.27,20.64,20.38,20.45,20.48,1.73,0.35,31.6,3.21,6556099651.0,6301736008.0,-0.15,-0.24,-16.14,-10.06
2552,688569,铁科轨道,20.57,0.44,0.09,1058.0,2174262.0,0.68,20.61,20.47,20.53,20.48,1.91,0.05,49.86,1.55,4333414019.0,4333414019.0,-0.1,0.29,0.05,-1.48
2553,002021,中捷资源,2.3,0.44,0.01,35434.0,8145323.0,1.75,2.32,2.28,2.3,2.29,1.62,0.29,59.94,4.32,2772447193.0,2772356499.0,-0.43,-0.43,-5.35,-6.12
2554,300263,隆华科技,6.89,0.44,0.03,8139.0,5598135.0,0.58,6.9,6.86,6.89,6.86,0.74,0.11,34.63,2.02,6231730785.0,5322617850.0,0.0,0.15,-4.83,-4.97
2555,600690,海尔智家,24.84,0.44,0.11,67798.0,168479835.0,0.65,24.92,24.76,24.8,24.73,2.11,0.11,10.62,1.98,233071567217.0,155361807200.0,-0.16,-0.2,-5.26,-12.75
2556,001288,运机集团,20.48,0.44,0.09,2558.0,5230801.4,1.03,20.55,20.34,20.39,20.39,0.87,0.17,30.94,2.28,4812029952.0,3105958072.0,0.05,-0.1,-8.24,-5.36
2557,688078,龙软科技,29.88,0.44,0.13,783.0,2335731.0,1.18,29.95,29.6,29.95,29.75,1.19,0.11,60.54,2.89,2178042840.0,2178042840.0,-0.07,0.03,-16.19,14.0
2558,300988,津荣天宇,20.66,0.44,0.09,8990.0,18543997.0,2.14,20.86,20.42,20.6,20.57,2.03,0.84,25.39,2.36,2898543396.0,2202172064.0,0.05,0.29,-2.04,14.52
2559,300070,碧水源,4.52,0.44,0.02,35134.0,15816750.0,0.89,4.52,4.48,4.49,4.5,1.26,0.1,68.21,0.6,16381426321.0,15524306102.0,0.22,0.22,-3.42,-10.67
2560,600935,华塑股份,2.33,0.43,0.01,28735.0,6709424.0,1.72,2.35,2.31,2.33,2.32,2.33,0.08,-36.86,1.4,8172246222.0,8172246222.0,0.0,0.0,1.3,-7.54
2561,300349,金卡智能,11.62,0.43,0.05,5995.0,6960782.0,0.69,11.65,11.57,11.59,11.57,1.39,0.16,27.81,1.14,4861078415.0,4302023924.0,0.0,0.0,-15.86,-11.77
2562,603813,*ST原尚,13.92,0.43,0.06,1826.0,2551167.0,2.16,14.07,13.77,13.99,13.86,3.33,0.2,-24.92,2.56,1461808800.0,1251992640.0,-0.57,-0.22,0.07,20.1
2563,688306,均普智能,9.44,0.43,0.04,17901.0,16864353.0,1.28,9.47,9.35,9.39,9.4,1.66,0.15,-96.1,6.57,11594989632.0,11594989632.0,0.0,0.11,-18.97,21.81
2564,002678,珠江钢琴,4.72,0.43,0.02,5162.0,2425021.0,0.85,4.72,4.68,4.71,4.7,1.28,0.04,-31.05,1.89,6418295285.0,6407751395.0,0.43,0.64,2.16,5.59
2565,688469,芯联集成-U,4.71,0.43,0.02,53197.0,25053631.0,0.43,4.72,4.7,4.71,4.69,1.33,0.12,-45.66,2.71,33295391292.0,20864358000.0,0.21,0.0,-8.54,-8.19
2566,688535,华海诚科,70.2,0.43,0.3,2672.0,18679337.0,1.66,70.5,69.34,70.5,69.9,2.55,0.51,196.46,5.43,5664891001.0,3682379470.0,0.04,0.37,-20.5,-5.58
2567,301002,崧盛股份,18.82,0.43,0.08,5256.0,9846539.0,2.29,18.99,18.56,18.88,18.74,0.87,0.72,-16085.82,3.07,2312535824.0,1374883432.0,-0.32,-0.16,6.93,10.77
2568,605001,威奥股份,7.07,0.43,0.03,7109.0,5006598.0,1.7,7.1,6.98,7.06,7.04,0.91,0.18,42.06,1.04,2777704020.0,2777704020.0,0.14,0.57,-0.28,8.44
2569,001896,豫能控股,4.68,0.43,0.02,48422.0,22588719.0,1.29,4.7,4.64,4.66,4.66,1.89,0.32,40.31,2.25,7140656624.0,7140656624.0,-0.21,0.65,20.31,12.77
2570,300842,帝科股份,39.27,0.43,0.17,6092.0,23909413.0,1.53,39.5,38.9,39.0,39.1,1.74,0.48,40.19,3.21,5567010155.0,4955407276.0,-0.15,0.1,-19.41,-3.56
2571,688252,天德钰,23.14,0.43,0.1,5652.0,13041173.0,0.87,23.17,22.97,23.12,23.04,1.93,0.31,33.53,4.2,9464753831.0,4219335683.0,0.0,0.22,-14.3,-3.38
2572,603218,日月股份,11.8,0.43,0.05,12653.0,14909774.0,1.45,11.85,11.68,11.68,11.75,1.75,0.12,25.17,1.19,12160669950.0,12130827750.0,0.0,-0.17,-10.81,-2.07
2573,300011,鼎汉技术,7.08,0.43,0.03,10928.0,7710362.0,0.71,7.08,7.03,7.08,7.05,1.49,0.22,-65.93,3.02,3955244740.0,3551532109.0,0.43,0.43,-20.0,-2.75
2574,002963,豪尔赛,11.75,0.43,0.05,4483.0,5260912.0,0.94,11.8,11.69,11.71,11.7,1.46,0.36,-19.72,1.36,1766729178.0,1445180064.0,0.09,0.09,1.64,2.53
2575,000727,冠捷科技,2.34,0.43,0.01,68035.0,15900759.0,1.29,2.35,2.32,2.33,2.33,1.28,0.15,-15.6,3.73,10599186733.0,10599186733.0,0.43,0.43,-19.31,-15.83
2576,833030,立方控股,32.58,0.43,0.14,3003.0,9750155.78,1.48,32.78,32.3,32.36,32.44,0.85,0.54,-90.18,5.81,3005284629.0,1807074559.0,0.03,-0.06,48.63,110.19
2577,002976,瑞玛精密,23.12,0.43,0.1,2331.0,5385177.0,1.52,23.25,22.9,23.25,23.02,1.63,0.36,54.23,3.57,2801485080.0,1507799700.0,-0.04,0.09,4.76,5.72
2578,002972,科安达,11.68,0.43,0.05,4660.0,5426057.0,0.86,11.7,11.6,11.63,11.63,0.96,0.35,22.43,2.37,2873382784.0,1555042660.0,0.26,0.34,7.35,13.95
2579,000898,鞍钢股份,2.34,0.43,0.01,37948.0,8884035.6,0.86,2.35,2.33,2.34,2.33,1.7,0.05,-9.89,0.46,21923977744.0,18619842555.0,-0.43,-0.43,-7.51,-2.5
2580,002219,新里程,2.36,0.43,0.01,47189.0,11110189.0,0.85,2.37,2.35,2.35,2.35,1.01,0.14,77.91,3.96,7994220937.0,7722023179.0,0.0,0.0,-14.18,-10.61
2581,600168,武汉控股,4.72,0.43,0.02,9694.0,4563537.0,0.64,4.72,4.69,4.71,4.7,0.81,0.1,37.51,0.88,4688836526.0,4688836526.0,0.21,0.21,4.19,6.55
2582,000069,华侨城Ａ,2.34,0.43,0.01,26591.0,6225689.0,0.86,2.35,2.33,2.34,2.33,1.15,0.04,-3.31,0.39,18808353844.0,16141945110.0,0.0,0.0,-3.31,-12.36
2583,688095,福昕软件,65.12,0.42,0.27,2105.0,13803324.0,1.56,66.0,64.99,65.94,64.85,1.76,0.23,-255.21,2.36,5954541803.0,5954541803.0,-0.03,-0.28,-4.67,-3.04
2584,300996,普联软件,14.39,0.42,0.06,6396.0,9177455.6,1.33,14.46,14.27,14.35,14.33,1.18,0.27,-72.92,3.29,4069147331.0,3408772977.0,-0.07,-0.07,-18.19,11.81
2585,688283,坤恒顺维,26.13,0.42,0.11,288.0,754101.0,1.35,26.34,25.99,26.1,26.02,1.16,0.03,-1099.07,3.28,3182634000.0,2233894750.0,0.0,0.19,-7.41,6.13
2586,603610,麒盛科技,11.93,0.42,0.05,13219.0,15688176.0,1.01,11.94,11.82,11.87,11.88,1.2,0.37,24.04,1.4,4276776764.0,4276776764.0,0.0,0.51,-0.58,-4.64
2587,301565,中仑新材,21.46,0.42,0.09,11530.0,24658852.0,1.59,21.54,21.2,21.37,21.37,2.18,1.92,70.95,3.62,8584214600.0,1287814600.0,0.05,0.28,-6.7,0.28
2588,601669,中国电建,4.75,0.42,0.02,209273.0,99483633.0,1.06,4.77,4.72,4.73,4.73,4.81,0.16,7.76,0.58,81824256837.0,62089747788.0,0.0,0.0,-3.26,-13.0
2589,300166,东方国信,9.6,0.42,0.04,35518.0,34099972.0,1.46,9.66,9.52,9.57,9.56,1.67,0.39,-100.24,1.82,10931959181.0,8695464595.0,-0.1,-0.31,-22.64,2.13
2590,301100,风光股份,16.69,0.42,0.07,1658.0,2761117.0,1.14,16.73,16.54,16.62,16.62,1.68,0.33,-76.08,1.64,3338000000.0,834500000.0,-0.12,0.0,0.48,0.54
2591,301067,显盈科技,30.77,0.42,0.13,8412.0,25691099.0,2.19,30.97,30.3,30.35,30.64,2.34,1.32,150.62,3.57,2991951720.0,1964015253.0,0.23,0.36,-7.21,-2.81
2592,300150,世纪瑞尔,4.76,0.42,0.02,20279.0,9632791.0,1.05,4.78,4.73,4.77,4.74,0.88,0.39,577.95,1.81,2785104812.0,2450133540.0,0.0,0.0,-8.81,8.68
2593,600429,三元股份,4.81,0.42,0.02,39267.0,18842388.0,1.46,4.84,4.77,4.8,4.79,1.69,0.26,20.66,1.43,7259136767.0,7203251219.0,-0.41,-0.41,15.35,9.32
2594,301265,华新环保,9.63,0.42,0.04,10457.0,10025382.0,4.17,9.77,9.37,9.77,9.59,3.51,0.62,66.77,1.4,2917631743.0,1635146583.0,-0.1,0.1,6.17,7.48
2595,300831,派瑞股份,14.4,0.42,0.06,11699.0,16842043.0,0.98,14.46,14.32,14.32,14.34,1.21,0.63,75.68,4.96,4608000000.0,2656573056.0,-0.07,0.0,-7.1,-10.56
2596,001382,新亚电缆,21.52,0.42,0.09,8748.0,18828804.0,0.89,21.59,21.4,21.5,21.43,0.84,1.45,73.23,5.38,8866240000.0,1294201889.0,0.0,0.05,190.81,190.81
2597,600562,国睿科技,26.49,0.42,0.11,61260.0,163656139.0,4.25,27.23,26.11,26.11,26.38,2.87,0.5,109.2,5.41,32896814182.0,32689501243.0,-0.04,-0.23,28.34,32.92
2598,601339,百隆东方,4.81,0.42,0.02,16081.0,7720920.0,0.42,4.81,4.79,4.79,4.79,1.29,0.11,10.4,0.77,7212926890.0,7212926890.0,0.42,0.21,-3.99,-7.14
2599,603811,诚意药业,9.49,0.42,0.04,18530.0,17508260.0,1.69,9.5,9.34,9.46,9.45,2.72,0.57,16.96,2.39,3106117997.0,3106117997.0,0.11,0.53,18.33,22.93
2600,603283,赛腾股份,41.11,0.42,0.17,5318.0,21840210.0,0.98,41.22,40.82,40.91,40.94,1.47,0.27,30.06,2.56,8218367849.0,8016517749.0,0.1,-0.1,-32.3,-40.56
2601,000766,通化金马,21.62,0.42,0.09,62105.0,133581441.99,1.72,21.67,21.3,21.45,21.53,2.77,0.64,451.01,9.22,20895615565.0,20885086063.0,-0.14,0.46,26.21,37.71
2602,301501,恒鑫生活,86.14,0.42,0.36,10443.0,89825066.34,2.21,86.9,85.0,85.0,85.78,1.64,4.32,26.83,4.44,8786280000.0,2083242665.0,0.26,-0.23,115.78,115.78
2603,002795,永和智控,4.81,0.42,0.02,20220.0,9736138.0,2.09,4.86,4.76,4.81,4.79,1.6,0.47,-27.34,4.3,2144077115.0,2091255951.0,-0.21,-0.41,-10.93,17.89
2604,300504,天邑股份,14.38,0.42,0.06,4332.0,6229222.0,1.12,14.48,14.32,14.33,14.32,1.35,0.2,-41.87,1.81,3897333460.0,3137871750.0,-0.07,0.0,-12.64,-20.24
2605,601158,重庆水务,4.76,0.42,0.02,18102.0,8610881.0,0.63,4.77,4.74,4.75,4.74,1.56,0.04,24.09,1.37,22848000000.0,22848000000.0,0.0,0.21,4.39,-0.21
2606,600378,昊华科技,24.15,0.42,0.1,5358.0,12924861.0,0.42,24.16,24.06,24.09,24.05,1.7,0.06,42.16,1.8,31153490823.0,22007292240.0,0.0,0.0,-9.21,-16.46
2607,002242,九阳股份,9.64,0.42,0.04,6933.0,6683923.0,0.83,9.68,9.6,9.66,9.6,2.56,0.09,18.21,2.14,7394043880.0,7381402948.0,-0.21,-0.21,-1.13,-5.58
2608,301359,东南电子,19.08,0.42,0.08,2585.0,4915284.8,1.16,19.11,18.89,19.07,19.0,1.4,0.71,51.76,2.78,2292958080.0,697401723.0,0.1,0.42,10.1,22.07
2609,600779,水井坊,43.07,0.42,0.18,5755.0,24770206.0,0.51,43.13,42.91,42.91,42.89,2.03,0.12,27.58,3.91,20996762738.0,20996762738.0,0.02,0.07,-7.56,-19.53
2610,002079,苏州固锝,9.49,0.42,0.04,15170.0,14355303.0,0.74,9.5,9.43,9.46,9.45,1.5,0.19,52.2,2.51,7688222109.0,7681001756.0,0.11,0.21,-11.72,-7.59
2611,603026,石大胜华,33.56,0.42,0.14,2011.0,6738403.0,1.23,33.62,33.21,33.4,33.42,1.87,0.1,-59.58,1.75,6801940800.0,6801940800.0,0.03,0.18,-7.5,-4.11
2612,688186,广大特材,26.38,0.42,0.11,13008.0,34221614.0,2.17,26.58,26.01,26.58,26.27,2.12,0.6,19.11,1.74,5674715076.0,5674715076.0,-0.04,-0.11,30.59,71.86
2613,603698,航天工程,17.32,0.41,0.07,10311.0,17828911.0,1.8,17.42,17.11,17.12,17.25,2.57,0.19,68.54,2.75,9283346800.0,9283346800.0,0.0,0.0,0.7,12.1
2614,300375,鹏翎股份,4.9,0.41,0.02,22950.0,11190328.0,1.02,4.9,4.85,4.9,4.88,0.82,0.45,39.94,1.62,3701356208.0,2475081753.0,0.41,0.2,-2.0,6.29
2615,688475,萤石网络,31.97,0.41,0.13,2518.0,8055056.0,1.29,32.21,31.8,31.8,31.84,1.19,0.06,45.59,4.7,25176375000.0,13091715000.0,-0.09,-0.19,-18.21,7.14
2616,300717,华信新材,17.31,0.41,0.07,4577.0,7892741.0,2.44,17.38,16.96,17.28,17.24,1.49,0.45,27.99,2.47,1779035250.0,1763082354.0,0.12,0.12,14.86,24.26
2617,301369,联动科技,49.1,0.41,0.2,1519.0,7426864.5,0.94,49.16,48.7,48.75,48.9,1.42,0.61,-328.25,2.35,3460507509.0,1228730839.0,-0.02,-0.12,-11.52,-5.79
2618,300304,云意电气,7.43,0.41,0.03,24350.0,18038288.0,0.54,7.43,7.39,7.4,7.4,0.82,0.28,16.77,2.14,6524607825.0,6356984543.0,0.13,0.13,-10.7,-6.42
2619,600854,春兰股份,4.92,0.41,0.02,10874.0,5340160.0,0.61,4.93,4.9,4.92,4.9,1.69,0.21,215.56,1.08,2555736007.0,2555736007.0,0.2,0.2,5.58,7.42
2620,603290,斯达半导,80.14,0.41,0.33,2275.0,18215044.0,0.44,80.25,79.9,80.12,79.81,1.66,0.09,46.26,2.83,19191403565.0,19191403565.0,0.05,-0.07,-12.1,-10.78
2621,301535,浙江华远,19.43,0.41,0.08,7100.0,13777340.28,1.03,19.52,19.32,19.5,19.35,0.85,1.19,53.63,7.44,8263464713.0,1163876877.0,0.05,0.05,304.79,304.79
2622,000717,中南股份,2.45,0.41,0.01,41989.0,10302963.0,1.64,2.47,2.43,2.45,2.44,1.99,0.17,-11.21,0.76,5938421696.0,5937663727.0,0.0,0.0,-18.06,-9.93
2623,002080,中材科技,17.25,0.41,0.07,49952.0,86027770.75,1.92,17.35,17.02,17.24,17.18,1.69,0.3,19.99,1.56,28947631824.0,28947631824.0,-0.23,-0.46,21.48,34.14
2624,000993,闽东电力,9.83,0.41,0.04,15826.0,15512585.0,1.02,9.86,9.76,9.8,9.79,1.12,0.36,100.14,1.79,4501662803.0,4322718633.0,0.0,0.31,17.02,17.72
2625,600801,华新水泥,12.2,0.41,0.05,7427.0,9054767.0,0.82,12.24,12.14,12.15,12.15,1.2,0.06,27.11,0.83,25363746918.0,16400162918.0,0.0,0.08,-1.05,0.83
2626,600478,科力远,4.89,0.41,0.02,72686.0,35470637.0,1.85,4.93,4.84,4.86,4.87,1.68,0.44,55.11,2.9,8144495079.0,8144495079.0,0.0,0.2,1.03,18.4
2627,603933,睿能科技,14.87,0.41,0.06,4151.0,6147588.0,1.08,14.91,14.75,14.82,14.81,1.51,0.2,58.84,2.36,3086187830.0,3086187830.0,0.0,0.27,-11.65,-4.31
2628,688576,西山科技,63.52,0.41,0.26,460.0,2913916.0,1.09,63.75,63.06,63.68,63.26,2.42,0.21,64.34,1.71,2953856649.0,1419871072.0,0.41,0.41,-6.53,2.48
2629,300882,万胜智能,14.66,0.41,0.06,3486.0,5106402.0,0.96,14.72,14.58,14.67,14.6,2.27,0.13,28.58,3.55,4195709416.0,3904354230.0,0.07,0.27,-5.72,-8.55
2630,600559,老白干酒,16.99,0.41,0.07,19929.0,33838196.0,0.65,17.03,16.92,16.92,16.92,2.25,0.22,25.49,2.84,15541559074.0,15363571834.0,0.0,-0.06,-7.41,-19.06
2631,002666,德联集团,4.91,0.41,0.02,20219.0,9875584.0,1.02,4.92,4.87,4.89,4.89,0.95,0.4,34.58,1.1,3869076568.0,2458280867.0,0.41,0.61,3.81,12.61
2632,688320,禾川科技,42.09,0.41,0.17,6331.0,26545032.0,1.98,42.33,41.5,42.22,41.92,1.48,0.57,-58.99,4.92,6356165286.0,4666787129.0,-0.38,0.26,-12.57,8.2
2633,002224,三 力 士,4.85,0.41,0.02,244777.0,119479605.0,2.48,4.95,4.83,4.91,4.83,1.72,3.04,55.77,1.36,4375264171.0,3910944790.0,-0.21,-0.21,10.23,12.27
2634,000020,深华发Ａ,12.17,0.41,0.05,2848.0,3461106.0,1.24,12.24,12.09,12.12,12.12,1.2,0.16,145.44,8.41,3446072133.0,2204782808.0,0.0,0.41,-3.72,-2.01
2635,000016,深康佳Ａ,4.92,0.41,0.02,34220.0,16783280.0,0.61,4.92,4.89,4.9,4.9,1.07,0.21,31.24,5.0,11847091407.0,7855241496.0,0.2,0.0,-10.55,-10.87
2636,300218,安利股份,14.7,0.41,0.06,9067.0,13297275.0,0.89,14.75,14.62,14.65,14.64,1.62,0.42,17.18,2.24,3189708900.0,3179262992.0,0.2,0.14,-11.76,-2.97
2637,603153,上海建科,17.18,0.41,0.07,2663.0,4562059.0,1.29,17.27,17.05,17.05,17.11,1.76,0.2,212.82,1.94,7041413801.0,2319300000.0,0.12,0.12,-8.37,-17.28
2638,300671,富满微,31.79,0.41,0.13,10809.0,34254584.76,1.2,31.88,31.5,31.66,31.66,1.02,0.5,-69.07,4.3,6921460997.0,6902772768.0,0.35,0.13,-14.38,-10.55
2639,688029,南微医学,67.86,0.41,0.28,3141.0,21265537.0,1.58,68.15,67.08,67.7,67.58,1.89,0.17,19.8,3.19,12747326057.0,12747326057.0,-0.01,-0.03,-1.35,0.4
2640,002494,华斯股份,4.84,0.41,0.02,17306.0,8350337.98,1.24,4.86,4.8,4.82,4.82,1.91,0.6,362.86,1.48,1826183875.0,1387968920.0,0.0,0.21,12.82,21.3
2641,002975,博杰股份,32.53,0.4,0.13,3189.0,10337000.12,1.02,32.55,32.22,32.22,32.4,0.87,0.3,-62.42,2.37,5156092603.0,3443592619.0,0.09,0.22,-21.39,6.8
2642,002912,中新赛克,22.5,0.4,0.09,3496.0,7859429.0,0.98,22.57,22.35,22.39,22.41,1.36,0.22,-24.27,2.39,3841920000.0,3649995248.0,-0.09,-0.09,-21.58,-11.38
2643,300496,中科创达,54.97,0.4,0.22,9553.0,52404599.0,0.64,55.0,54.65,54.73,54.75,1.29,0.26,68.29,2.57,25286860684.0,20222191269.0,0.07,0.0,-13.43,-7.61
2644,000665,湖北广电,4.98,0.4,0.02,52940.0,26296900.2,1.41,5.0,4.93,4.96,4.96,1.59,0.47,-12.77,1.32,5663004485.0,5662809443.0,-0.2,-0.2,14.48,8.26
2645,002137,实益达,7.59,0.4,0.03,19701.0,14920956.0,1.19,7.62,7.53,7.56,7.56,1.33,0.5,82.6,2.93,4383261842.0,3009123476.0,-0.13,-0.13,-17.5,-15.57
2646,000629,钒钛股份,2.51,0.4,0.01,124133.0,31156767.0,1.2,2.52,2.49,2.49,2.5,2.13,0.13,-59.51,1.88,23330374813.0,23318579517.0,0.0,0.0,-14.04,-12.85
2647,688589,力合微,24.82,0.4,0.1,1617.0,4008872.0,1.05,24.94,24.68,24.75,24.72,1.12,0.13,59.71,3.17,3007622572.0,3007622572.0,0.08,0.2,-16.18,-9.32
2648,001296,长江材料,17.64,0.4,0.07,3038.0,5340149.6,0.97,17.66,17.49,17.5,17.57,2.01,0.4,19.87,1.53,2638786757.0,1355657620.0,0.0,0.17,-2.7,3.04
2649,688109,品茗科技,27.78,0.4,0.11,1938.0,5366008.0,1.66,27.97,27.51,27.67,27.67,2.21,0.25,544.87,2.89,2190239094.0,2190239094.0,0.14,0.54,-2.32,15.08
2650,603733,仙鹤股份,20.19,0.4,0.08,2833.0,5704820.0,0.75,20.21,20.06,20.12,20.11,1.53,0.04,15.08,1.77,14253657742.0,14253657742.0,-0.05,-0.05,-10.62,-2.13
2651,603828,ST柯利达,5.02,0.4,0.02,7766.0,3889756.0,2.0,5.05,4.95,4.95,5.0,0.98,0.13,58.55,3.96,2991719993.0,2991616918.0,-0.2,0.0,53.05,73.1
2652,603176,汇通集团,4.96,0.4,0.02,18681.0,9239651.0,1.62,4.99,4.91,4.96,4.94,1.09,0.4,-13.96,2.2,2352633187.0,2290459587.0,0.0,0.2,-1.0,11.46
2653,301479,弘景光电,92.8,0.4,0.37,4118.0,38172275.56,2.06,93.9,92.0,92.11,92.43,1.09,2.07,59.61,7.35,8255982902.0,1845310461.0,0.17,-0.03,221.55,221.55
2654,301327,华宝新能,48.1,0.4,0.19,2544.0,12192071.15,1.06,48.16,47.65,47.75,47.91,2.48,0.53,24.65,1.36,8387743224.0,2315975943.0,0.06,0.17,-2.59,-11.06
2655,600059,古越龙山,10.15,0.4,0.04,48331.0,48898054.0,1.19,10.18,10.06,10.1,10.11,0.67,0.53,39.19,1.57,9252155492.0,9252155492.0,0.0,0.3,22.44,14.3
2656,603214,爱婴室,20.08,0.4,0.08,11666.0,23361708.0,1.45,20.17,19.88,20.01,20.0,1.99,0.84,103.9,2.47,2781883923.0,2781883923.0,-0.2,0.05,-3.37,-10.0
2657,688737,中自科技,20.28,0.4,0.08,2081.0,4201954.0,1.24,20.33,20.08,20.08,20.2,1.1,0.17,78.71,1.32,2424768243.0,2424768243.0,0.25,0.6,8.16,13.87
2658,601456,国联民生,9.98,0.4,0.04,40312.0,40241103.0,1.11,10.03,9.92,9.92,9.94,1.9,0.17,37.68,1.12,56692316204.0,23843549017.0,0.0,-0.2,-10.41,-26.18
2659,002673,西部证券,7.52,0.4,0.03,38165.0,28678639.03,0.8,7.54,7.48,7.49,7.49,1.8,0.09,28.87,1.16,33611254422.0,30901143452.0,0.0,0.0,-6.7,-7.5
2660,002888,惠威科技,17.81,0.39,0.07,2420.0,4309368.0,1.01,17.89,17.71,17.71,17.74,1.32,0.32,1666.16,6.69,2629529168.0,1334378986.0,-0.06,0.0,-1.55,-3.31
2661,000156,华数传媒,7.75,0.39,0.03,23230.0,18007103.64,1.42,7.79,7.68,7.72,7.72,2.3,0.14,27.49,0.95,14360226426.0,13174038047.0,0.13,-0.13,-4.79,7.64
2662,688609,九联科技,10.21,0.39,0.04,13741.0,14011333.0,1.18,10.28,10.16,10.26,10.17,1.39,0.27,-22.59,5.85,5105000000.0,5105000000.0,-0.1,-0.1,-3.68,-3.68
2663,605577,龙版传媒,12.78,0.39,0.05,4927.0,6273319.0,0.86,12.78,12.67,12.7,12.73,1.38,0.11,13.07,1.48,5680000007.0,5680000007.0,0.31,0.24,-1.99,-12.04
2664,688628,优利德,33.56,0.39,0.13,2013.0,6742747.0,0.69,33.67,33.44,33.55,33.43,2.46,0.18,17.02,2.89,3751371971.0,3747103139.0,0.12,0.21,-13.06,-8.9
2665,603466,风语筑,10.23,0.39,0.04,21508.0,21970984.0,1.28,10.28,10.15,10.15,10.19,1.41,0.36,37.77,2.91,6084659256.0,6084659256.0,0.2,0.1,10.0,12.17
2666,600477,杭萧钢构,2.57,0.39,0.01,23852.0,6133794.0,0.78,2.58,2.56,2.56,2.56,1.54,0.1,30.87,1.19,6088243006.0,6088243006.0,0.0,0.0,-11.68,0.0
2667,601198,东兴证券,10.4,0.39,0.04,47561.0,49438759.0,1.25,10.45,10.32,10.35,10.36,2.72,0.15,22.13,1.18,33617433408.0,33617433408.0,-0.19,-0.1,-10.65,-5.54
2668,688420,美腾科技,22.99,0.39,0.09,436.0,1002597.0,1.05,23.08,22.84,22.96,22.9,1.09,0.13,203.56,1.4,2033005700.0,784165910.0,-0.04,0.31,-2.67,5.56
2669,000875,吉电股份,5.18,0.39,0.02,55866.0,28885557.25,0.58,5.18,5.15,5.15,5.16,2.43,0.2,7.54,1.08,18789261843.0,14452025429.0,0.0,0.19,2.37,-1.52
2670,603759,海天股份,7.78,0.39,0.03,5570.0,4325218.0,0.65,7.79,7.74,7.78,7.75,1.46,0.12,18.0,1.29,3592492800.0,3592492800.0,-0.13,0.13,-1.27,-12.88
2671,000728,国元证券,7.65,0.39,0.03,45014.0,34405263.0,0.79,7.67,7.61,7.62,7.62,2.07,0.1,13.03,0.9,33382900866.0,33382895129.0,-0.13,-0.13,-4.73,-7.83
2672,002315,焦点科技,41.36,0.39,0.16,5828.0,24069309.6,1.7,41.6,40.9,41.17,41.2,1.25,0.29,29.29,5.4,13120875542.0,8356089678.0,0.0,-0.07,-6.02,0.56
2673,003007,直真科技,28.44,0.39,0.11,2073.0,5885366.0,1.31,28.58,28.21,28.33,28.33,1.2,0.28,-25.15,3.45,2957760000.0,2106483568.0,-0.14,0.04,-17.04,-6.78
2674,688696,极米科技,118.71,0.39,0.46,1027.0,12195930.0,1.4,119.3,117.65,117.65,118.25,2.55,0.15,33.16,2.78,8309700000.0,8309700000.0,0.04,0.06,-9.22,21.11
2675,688695,中创股份,28.6,0.39,0.11,794.0,2261960.0,1.23,28.62,28.27,28.5,28.49,1.17,0.15,-348.75,3.05,2432469411.0,1466298948.0,-0.03,0.11,-14.96,-5.95
2676,002695,煌上煌,10.22,0.39,0.04,12137.0,12367111.0,1.08,10.25,10.14,10.15,10.18,1.7,0.24,32.22,2.08,5717496433.0,5225600505.0,-0.1,0.2,9.54,21.38
2677,688280,精进电动-UW,7.8,0.39,0.03,75919.0,59165224.0,2.45,7.9,7.71,7.85,7.77,1.48,1.46,23.72,7.32,4603729003.0,4060244331.0,0.65,0.65,40.79,77.68
2678,920489,佳先股份,24.08,0.38,0.09,7609.0,18273115.35,1.04,24.15,23.9,24.13,23.99,0.99,0.89,146.95,6.53,3285937536.0,2063505476.0,0.21,0.0,-1.63,46.83
2679,002044,美年健康,5.25,0.38,0.02,111947.0,58835740.24,1.72,5.29,5.2,5.24,5.23,2.02,0.29,-18.66,2.69,20549833096.0,20330355780.0,-0.19,-0.19,-20.45,14.38
2680,688061,灿瑞科技,29.23,0.38,0.11,466.0,1358870.0,1.17,29.28,28.94,28.94,29.12,0.87,0.11,-62.27,1.38,3358216899.0,1265593817.0,0.07,0.17,-9.76,1.21
2681,603633,徕木股份,7.9,0.38,0.03,7237.0,5701458.0,1.02,7.92,7.84,7.85,7.87,1.15,0.17,44.77,1.72,3371805462.0,3371805462.0,0.0,0.13,-8.46,-3.3
2682,688681,科汇股份,13.36,0.38,0.05,2403.0,3210574.0,1.13,13.46,13.31,13.31,13.31,1.81,0.23,-593.41,2.43,1398391200.0,1398391200.0,-0.15,0.3,1.98,24.05
2683,603878,武进不锈,5.29,0.38,0.02,9947.0,5269829.0,0.95,5.31,5.26,5.26,5.27,1.97,0.18,24.47,1.14,2968055883.0,2968055883.0,0.0,0.0,-4.17,-7.52
2684,301387,光大同创,36.81,0.38,0.14,2790.0,10224921.0,1.45,36.93,36.4,36.68,36.67,1.66,0.65,55.31,2.39,3929980926.0,1571543907.0,0.16,0.35,0.41,7.32
2685,688092,爱科科技,21.34,0.38,0.08,1663.0,3539611.0,1.03,21.42,21.2,21.23,21.26,1.95,0.2,42.82,2.75,1764618620.0,1764618620.0,0.33,-0.05,-5.91,4.1
2686,605218,伟时电子,21.27,0.38,0.08,2640.0,5610916.0,0.99,21.38,21.17,21.32,21.19,0.98,0.12,82.79,3.46,4526967694.0,4526967694.0,-0.14,0.19,-7.92,-20.1
2687,603307,扬州金泉,37.3,0.38,0.14,1415.0,5248447.0,2.37,37.4,36.52,37.11,37.16,1.74,0.83,20.6,1.79,2531812100.0,634100000.0,0.0,0.19,4.51,4.19
2688,601878,浙商证券,10.56,0.38,0.04,60332.0,63633693.0,0.76,10.58,10.5,10.53,10.52,2.78,0.13,21.73,1.35,48299292508.0,48299292508.0,-0.09,0.0,-8.41,-13.37
2689,301519,舜禹股份,13.07,0.38,0.05,2200.0,2872363.0,0.84,13.11,13.0,13.08,13.02,1.17,0.28,-32.45,1.46,2145571200.0,1019623375.0,-0.08,0.23,-1.43,-3.26
2690,300767,震安科技,10.57,0.38,0.04,14710.0,15524342.2,1.9,10.68,10.48,10.57,10.53,2.12,0.61,-102.13,1.79,2920396166.0,2533602512.0,0.09,0.19,-3.82,17.18
2691,300782,卓胜微,70.87,0.38,0.27,6956.0,49261412.32,0.79,71.07,70.51,70.63,70.6,1.99,0.16,-203.26,3.75,37905452794.0,31742726719.0,-0.04,-0.06,-16.33,-20.9
2692,300277,海联讯,13.17,0.38,0.05,9818.0,12922624.0,0.76,13.2,13.1,13.2,13.12,1.21,0.29,-1094.92,8.98,4411950000.0,4406975691.0,-0.08,0.08,-0.9,16.86
2693,301272,英华特,34.6,0.38,0.13,1427.0,4922261.0,0.99,34.66,34.32,34.5,34.47,1.41,0.46,-250.8,2.04,2024179580.0,1083966100.0,-0.06,0.03,-2.34,2.03
2694,688359,三孚新科,47.28,0.38,0.18,1360.0,6417862.0,1.44,47.47,46.79,46.94,47.1,1.43,0.14,211.76,6.24,4579524252.0,4579524252.0,-0.06,-0.21,-3.9,19.76
2695,002887,绿茵生态,7.95,0.38,0.03,8654.0,6859821.1,1.14,7.97,7.88,7.92,7.92,2.72,0.44,22.77,1.08,2432594265.0,1547072862.0,0.0,-0.13,9.5,14.06
2696,300278,华昌达,5.33,0.38,0.02,20802.0,11079984.0,0.75,5.34,5.3,5.3,5.31,1.15,0.15,509.45,4.21,7576629688.0,7552957409.0,-0.19,0.0,-23.97,-8.89
2697,300567,精测电子,57.72,0.38,0.22,3814.0,21985245.0,0.77,57.82,57.38,57.39,57.5,1.45,0.19,107.37,4.54,16146787259.0,11670039701.0,-0.09,-0.12,-9.9,-10.23
2698,300593,新雷能,13.38,0.38,0.05,8028.0,10741608.0,1.43,13.5,13.31,13.32,13.33,1.23,0.18,-41.49,3.0,7258629515.0,6024525643.0,0.22,0.15,-7.98,19.46
2699,300002,神州泰岳,10.76,0.37,0.04,111273.0,119907310.0,1.77,10.86,10.67,10.67,10.72,2.46,0.61,22.12,2.91,21117198905.0,19560728536.0,-0.09,-0.28,-23.69,-7.16
2700,603917,合力科技,13.42,0.37,0.05,7857.0,10532179.0,2.92,13.61,13.22,13.45,13.37,1.67,0.39,256.47,1.65,2735532800.0,2735532800.0,0.15,0.37,-0.59,14.21
2701,600738,丽尚国潮,5.45,0.37,0.02,50739.0,27425380.0,1.66,5.46,5.37,5.4,5.43,1.17,0.67,17.63,2.08,4149277036.0,4145630768.0,0.18,0.0,8.57,9.66
2702,601106,中国一重,2.7,0.37,0.01,49449.0,13353243.0,0.74,2.71,2.69,2.7,2.69,0.85,0.07,-55.67,3.5,18516013903.0,18516013903.0,0.0,0.0,-0.74,-7.22
2703,601216,君正集团,5.36,0.37,0.02,56217.0,30033385.0,1.12,5.37,5.31,5.34,5.34,1.12,0.07,11.22,1.67,45227773210.0,45227773210.0,0.0,0.19,-6.78,1.9
2704,300022,吉峰科技,8.21,0.37,0.03,20068.0,16387312.0,1.47,8.23,8.11,8.21,8.18,1.31,0.41,232.71,7.49,4057713520.0,4057623620.0,-0.12,-0.12,17.12,52.89
2705,300408,三环集团,32.68,0.37,0.12,32111.0,104639900.2,1.07,32.76,32.41,32.65,32.56,2.99,0.17,29.4,3.07,62631134084.0,61105325996.0,0.28,0.46,-18.05,-15.14
2706,000402,金 融 街,2.73,0.37,0.01,24765.0,6764711.0,0.74,2.74,2.72,2.73,2.72,1.82,0.08,-5.34,0.33,8159778646.0,8158106715.0,0.0,0.0,-9.6,-16.26
2707,002752,昇兴股份,5.41,0.37,0.02,9776.0,5270008.0,1.11,5.42,5.36,5.39,5.39,0.94,0.1,14.22,1.51,5285128912.0,5284317412.0,-0.18,0.19,-2.35,-14.8
2708,688370,XD丛麟科,18.76,0.37,0.07,806.0,1513824.0,0.91,18.87,18.7,18.87,18.69,1.29,0.18,126.85,0.98,2572143810.0,820733416.0,0.16,0.32,-3.35,-2.65
2709,688322,奥比中光-UW,51.08,0.37,0.19,12440.0,63670300.0,2.63,51.64,50.3,50.75,50.89,2.5,0.48,210.08,7.05,20432051080.0,13130869984.0,-0.53,-0.82,-27.9,9.85
2710,300749,顶固集创,8.18,0.37,0.03,5259.0,4284505.0,1.47,8.22,8.1,8.15,8.15,0.96,0.33,82.11,3.14,1678285692.0,1287496008.0,0.0,0.25,16.69,33.01
2711,002032,苏 泊 尔,54.28,0.37,0.2,2467.0,13409728.7,0.72,54.49,54.1,54.12,54.08,1.29,0.03,21.89,9.28,43497806307.0,43445562513.0,-0.02,-0.37,8.32,7.66
2712,688501,青达环保,29.81,0.37,0.11,6283.0,18764845.0,1.92,30.0,29.43,29.5,29.7,1.6,0.51,13.35,3.57,3668746510.0,3668746510.0,-0.33,-0.2,79.36,112.47
2713,600999,招商证券,16.36,0.37,0.06,42247.0,69125204.0,0.98,16.44,16.28,16.29,16.3,2.99,0.06,15.41,1.22,142275178546.0,121424006250.0,-0.12,-0.18,-9.91,-14.61
2714,000797,中国武夷,2.68,0.37,0.01,35338.0,9460316.0,1.12,2.69,2.66,2.67,2.67,2.67,0.23,-23.2,0.82,4209621302.0,4209138398.0,0.37,0.0,-9.76,-3.25
2715,002077,大港股份,13.47,0.37,0.05,9173.0,12339890.0,0.67,13.5,13.41,13.42,13.42,1.37,0.16,125.0,2.36,7817294470.0,7817294470.0,0.07,0.07,-12.13,-8.18
2716,002019,亿帆医药,13.5,0.37,0.05,41533.0,55753264.0,1.56,13.52,13.31,13.48,13.45,1.69,0.49,26.8,1.91,16421266148.0,11359900080.0,0.07,0.45,26.29,27.12
2717,688711,宏微科技,16.26,0.37,0.06,2893.0,4709572.0,1.85,16.44,16.14,16.24,16.2,0.89,0.14,798.56,3.34,3461496848.0,3461496848.0,0.0,-0.18,-9.97,-5.9
2718,603198,迎驾贡酒,40.79,0.37,0.15,11197.0,45657859.0,1.08,40.95,40.51,40.63,40.64,1.7,0.14,9.85,3.06,32632000000.0,32632000000.0,0.05,-0.12,-24.84,-24.38
2719,002221,东华能源,8.14,0.37,0.03,15882.0,12905607.0,0.86,8.16,8.09,8.14,8.11,1.88,0.11,60.99,1.15,12829680023.0,11891643477.0,0.0,0.12,-18.92,-14.23
2720,000862,银星能源,5.48,0.37,0.02,34036.0,18623289.0,0.92,5.5,5.45,5.46,5.46,1.62,0.54,17.33,1.16,5030391734.0,3441259642.0,-0.18,0.0,14.17,10.93
2721,002362,汉王科技,21.49,0.37,0.08,6127.0,13134794.0,1.17,21.54,21.29,21.42,21.41,1.27,0.3,-95.31,4.66,5253330343.0,4461193599.0,-0.05,0.05,-14.04,-5.16
2722,000651,格力电器,45.14,0.36,0.16,70695.0,319324126.56,0.8,45.35,44.99,45.05,44.98,1.8,0.13,10.71,1.84,252847455149.0,248944834604.0,-0.2,-0.38,9.94,1.55
2723,688065,凯赛生物,47.05,0.36,0.17,3883.0,18321124.0,1.49,47.4,46.7,46.75,46.88,1.97,0.07,61.95,1.93,33936684808.0,27447936735.0,-0.3,-0.51,-2.06,21.26
2724,601100,恒立液压,66.94,0.36,0.24,11540.0,77280086.0,1.05,67.3,66.6,66.65,66.7,1.78,0.09,36.33,5.47,89754557204.0,89754557204.0,-0.13,-0.31,-21.11,26.85
2725,301016,雷尔伟,16.64,0.36,0.06,7275.0,12104786.4,1.63,16.8,16.53,16.71,16.58,1.27,0.35,246.43,3.8,3634176000.0,3446978612.0,0.18,0.24,9.19,14.44
2726,002712,思美传媒,5.62,0.36,0.02,47591.0,26610780.0,2.32,5.66,5.53,5.61,5.6,3.88,0.88,-143.83,2.23,3058832233.0,3039891990.0,0.36,0.36,-1.06,10.2
2727,000008,神州高铁,2.81,0.36,0.01,73799.0,20643055.0,0.71,2.81,2.79,2.79,2.8,1.24,0.27,-44.77,2.55,7633021289.0,7632617340.0,0.0,0.36,0.0,-3.1
2728,000957,中通客车,11.26,0.36,0.04,43924.0,49430496.0,1.16,11.33,11.2,11.27,11.22,1.15,0.74,21.81,2.21,6676098319.0,6676098319.0,0.09,0.0,2.09,2.64
2729,838837,华原股份,16.52,0.36,0.06,1978.0,3270958.6,2.49,16.71,16.3,16.53,16.46,0.95,0.14,36.86,4.59,2506295241.0,2259734241.0,-0.42,-0.48,8.97,69.26
2730,300823,建科智能,13.92,0.36,0.05,3378.0,4699005.2,0.65,13.96,13.87,13.88,13.87,0.96,0.4,-139.83,1.99,1823279560.0,1180268810.0,0.0,0.0,-7.39,9.78
2731,603080,新疆火炬,16.73,0.36,0.06,3990.0,6665779.0,0.84,16.79,16.65,16.65,16.67,1.62,0.28,13.01,1.58,2367295000.0,2367295000.0,0.12,0.24,9.2,7.8
2732,002992,宝明科技,52.77,0.36,0.19,3401.0,17986680.36,1.35,53.12,52.41,52.41,52.58,1.1,0.43,-136.41,13.51,9606414651.0,4149086843.0,0.0,-0.3,-16.34,-15.7
2733,002500,山西证券,5.63,0.36,0.02,46753.0,26339013.4,0.89,5.65,5.6,5.62,5.61,2.65,0.13,20.25,1.11,20210413810.0,20210413810.0,-0.18,0.0,-6.48,-10.35
2734,002539,云图控股,8.3,0.36,0.03,22347.0,18504301.0,0.85,8.32,8.25,8.28,8.27,2.12,0.25,9.88,1.12,10024107225.0,7330062498.0,-0.12,0.12,7.24,7.51
2735,002058,*ST威尔,11.06,0.36,0.04,3366.0,3729826.0,1.27,11.14,11.0,11.09,11.02,0.65,0.24,-70.32,13.2,1586538552.0,1581968173.0,-0.54,-0.63,2.12,3.08
2736,000567,海德股份,5.56,0.36,0.02,19246.0,10674923.5,1.08,5.58,5.52,5.55,5.54,2.49,0.1,28.0,2.04,10867532382.0,10841613891.0,0.18,0.18,-11.04,-18.59
2737,002394,联发股份,8.3,0.36,0.03,10188.0,8442998.0,0.85,8.32,8.25,8.27,8.27,1.73,0.32,9.21,0.65,2686710000.0,2683270530.0,0.0,0.24,10.52,11.86
2738,688605,先锋精科,55.7,0.36,0.2,1510.0,8401959.0,0.59,55.78,55.45,55.5,55.5,1.17,0.4,67.12,7.38,11272557979.0,2119113574.0,0.07,0.07,-24.1,-27.55
2739,002926,华西证券,8.36,0.36,0.03,25494.0,21310947.0,0.96,8.4,8.32,8.33,8.33,2.14,0.1,18.23,0.92,21945000000.0,21945000000.0,0.12,0.0,0.36,0.6
2740,000868,安凯客车,5.57,0.36,0.02,39307.0,21858208.0,0.72,5.58,5.54,5.54,5.55,0.91,0.54,299.36,6.06,5233097074.0,4084639288.0,0.18,0.0,-22.85,9.22
2741,603605,珀莱雅,89.78,0.36,0.32,11295.0,100756570.0,1.16,89.85,88.81,89.39,89.46,1.7,0.29,22.79,6.19,35575111862.0,35499470417.0,0.41,0.43,7.08,6.0
2742,600198,大唐电信,8.47,0.36,0.03,35067.0,29745539.0,0.95,8.53,8.45,8.51,8.44,1.15,0.27,-37.42,44.55,11041521992.0,11027514840.0,0.12,0.0,-12.23,-1.85
2743,000570,苏常柴Ａ,5.63,0.36,0.02,12721.0,7149800.0,0.71,5.65,5.61,5.62,5.61,1.26,0.23,22.72,1.17,3973048814.0,3128548814.0,0.18,0.18,2.55,10.83
2744,688218,江苏北人,22.12,0.36,0.08,4635.0,10236851.0,1.77,22.35,21.96,22.35,22.04,0.81,0.39,-34.53,2.83,2623470157.0,2623470157.0,0.09,0.0,-11.16,6.81
2745,600109,国金证券,8.41,0.36,0.03,50918.0,42800869.0,1.19,8.45,8.35,8.36,8.38,2.86,0.14,13.4,0.91,31222625479.0,31222625479.0,-0.12,-0.12,-1.52,-3.67
2746,300489,光智科技,46.99,0.36,0.17,7100.0,33314906.0,1.22,47.12,46.55,47.0,46.82,1.3,0.52,169.08,10.34,6469246517.0,6441911400.0,0.04,-0.04,-13.0,-14.06
2747,002918,蒙娜丽莎,8.41,0.36,0.03,5051.0,4241362.0,0.84,8.43,8.36,8.37,8.38,1.5,0.23,-14.73,1.08,3491708651.0,1845724904.0,0.0,0.12,-6.56,-20.36
2748,603075,热威股份,19.33,0.36,0.07,2154.0,4163553.0,0.88,19.44,19.27,19.38,19.26,1.97,0.54,28.27,4.11,7781321230.0,773393300.0,-0.05,0.21,-0.87,7.81
2749,603373,安邦护卫,36.63,0.36,0.13,5111.0,18495806.0,2.55,36.73,35.8,36.5,36.5,1.14,1.13,46.43,2.17,3938709688.0,1664104856.0,0.71,1.02,21.05,22.55
2750,300413,芒果超媒,22.4,0.36,0.08,17069.0,38212378.0,0.9,22.46,22.26,22.33,22.32,1.54,0.17,27.66,1.83,41904146256.0,22886079059.0,0.04,-0.04,-17.13,-16.7
2751,300522,世名科技,13.75,0.36,0.05,9446.0,12954724.0,1.17,13.78,13.62,13.69,13.7,0.96,0.39,203.62,5.61,4433708221.0,3352894408.0,0.15,0.15,-2.55,11.34
2752,601777,千里科技,8.3,0.36,0.03,55701.0,46522424.0,1.45,8.42,8.3,8.33,8.27,1.98,0.12,468.02,3.54,37525130589.0,37525130589.0,-0.12,-0.24,-8.69,8.5
2753,002239,奥特佳,2.9,0.35,0.01,55470.0,16091879.0,0.69,2.91,2.89,2.9,2.89,0.93,0.17,51.39,1.72,9597909148.0,9405144118.0,-0.34,0.0,-7.94,-4.92
2754,300545,联得装备,28.41,0.35,0.1,5440.0,15410683.0,1.2,28.5,28.16,28.31,28.31,1.83,0.48,29.88,2.62,5115248995.0,3244047329.0,0.04,0.0,-15.14,-8.74
2755,601010,文峰股份,2.86,0.35,0.01,34595.0,9863542.0,0.7,2.86,2.84,2.85,2.85,1.62,0.19,44.11,1.23,5285280000.0,5285280000.0,0.0,0.35,-7.44,4.0
2756,002970,锐明技术,48.92,0.35,0.17,4472.0,21911809.0,1.21,49.29,48.7,49.0,48.75,1.3,0.37,21.66,5.14,8727559930.0,5919690031.0,-0.37,-0.35,0.74,4.24
2757,603938,三孚股份,14.25,0.35,0.05,7479.0,10621742.0,1.34,14.29,14.1,14.16,14.2,0.99,0.2,50.48,2.22,5452399082.0,5452399082.0,0.0,-0.07,28.84,31.82
2758,688599,天合光能,14.2,0.35,0.05,66026.0,94391720.0,2.26,14.47,14.15,14.3,14.15,2.88,0.3,-5.86,1.26,30946988850.0,30946988850.0,0.0,0.21,-15.17,-26.42
2759,688653,康希通信,11.49,0.35,0.04,7049.0,8090129.0,1.48,11.56,11.39,11.42,11.45,1.62,0.23,-40.37,3.36,4877275200.0,3567810364.0,0.09,0.17,-18.28,-9.53
2760,600067,冠城新材,2.89,0.35,0.01,58859.0,16935756.0,1.39,2.9,2.86,2.87,2.88,3.34,0.42,28.89,0.68,4021922656.0,4021922656.0,0.0,0.35,9.89,9.06
2761,301528,多浦乐,48.82,0.35,0.17,1250.0,6108538.0,1.27,49.23,48.61,48.65,48.65,0.91,0.39,125.67,2.02,3021958000.0,1554914852.0,-0.14,0.16,13.22,25.7
2762,601066,中信建投,23.2,0.35,0.08,15089.0,35004635.0,0.99,23.29,23.06,23.11,23.12,2.44,0.02,24.42,2.3,179955319290.0,150699568012.0,0.0,-0.09,-4.76,-9.9
2763,300599,雄塑科技,8.55,0.35,0.03,8739.0,7456794.0,1.06,8.59,8.5,8.57,8.52,0.78,0.41,-16327.32,1.53,3062024898.0,1814229348.0,-0.12,0.12,19.41,18.42
2764,600938,中国海油,26.01,0.35,0.09,48670.0,126467490.0,0.58,26.03,25.88,25.97,25.92,2.08,0.16,8.45,1.58,1236254103124.0,77769900000.0,0.04,-0.04,5.3,-11.86
2765,300785,值得买,31.75,0.35,0.11,8184.0,25914442.0,1.86,31.89,31.3,31.65,31.64,0.77,0.67,-183.65,3.38,6313653965.0,3881102696.0,-0.13,-0.09,-10.03,-5.22
2766,601668,中国建筑,5.71,0.35,0.02,386530.0,221784272.0,1.23,5.76,5.69,5.7,5.69,2.89,0.09,3.93,0.5,235939429435.0,235939429435.0,-0.7,-0.7,5.35,-4.83
2767,688289,圣湘生物,20.16,0.35,0.07,6824.0,13734352.0,0.9,20.18,20.0,20.08,20.09,1.75,0.12,31.83,1.59,11680462201.0,11680462201.0,0.15,0.3,-16.45,-11.19
2768,300088,长信科技,5.71,0.35,0.02,34793.0,19856795.2,0.7,5.73,5.69,5.71,5.69,1.54,0.14,44.74,1.65,14262058736.0,14192225824.0,-0.17,-0.17,-13.75,-12.69
2769,603381,永臻股份,20.87,0.34,0.07,1043.0,2172999.0,0.58,20.87,20.75,20.78,20.8,1.12,0.2,46.09,1.31,4951539524.0,1114096740.0,0.0,0.1,-2.84,-4.79
2770,001376,百通能源,11.96,0.34,0.04,5277.0,6298965.72,0.84,11.98,11.88,11.91,11.92,1.22,0.25,27.21,5.03,5512364000.0,2527347911.0,0.08,0.25,-9.26,-17.63
2771,002302,西部建设,5.9,0.34,0.02,15754.0,9301381.3,0.68,5.92,5.88,5.88,5.88,2.31,0.12,-7.34,0.86,7447890394.0,7447890394.0,-0.17,0.0,-7.23,-10.33
2772,603918,金桥信息,17.91,0.34,0.06,73580.0,129877246.0,2.58,17.94,17.48,17.68,17.85,2.52,2.01,-70.88,6.4,6564425605.0,6559154692.0,0.79,0.79,-1.92,40.8
2773,001379,腾达科技,20.74,0.34,0.07,10957.0,22935354.0,2.66,21.19,20.64,20.71,20.67,5.38,1.63,59.36,2.84,4148000000.0,1395802000.0,-0.1,-0.34,-6.28,-8.84
2774,300883,龙利得,5.98,0.34,0.02,6925.0,4124860.0,1.01,5.99,5.93,5.95,5.96,0.87,0.21,295.17,1.46,2069080000.0,1977433959.0,0.34,0.5,2.05,11.57
2775,300540,蜀道装备,20.91,0.34,0.07,2555.0,5333884.0,0.62,20.93,20.8,20.84,20.84,1.51,0.18,-1317.96,3.15,3458012014.0,3034687746.0,-0.05,-0.05,-12.33,-14.72
2776,835184,国源科技,14.61,0.34,0.05,3367.0,4944249.38,2.54,14.9,14.53,14.88,14.56,1.41,0.38,263.54,3.2,1947513000.0,1281643768.0,0.0,0.34,-9.25,35.28
2777,002377,国创高新,2.98,0.34,0.01,40365.0,12037484.0,1.35,3.0,2.96,2.98,2.97,2.05,0.46,311.94,5.79,2730649099.0,2597639320.0,-0.33,0.34,8.76,-9.97
2778,600167,联美控股,5.91,0.34,0.02,7251.0,4286037.0,0.68,5.93,5.89,5.91,5.89,1.67,0.03,5.41,1.17,13373387136.0,13373387136.0,-0.17,0.17,4.6,3.14
2779,000680,山推股份,8.94,0.34,0.03,23323.0,20780249.0,1.12,8.97,8.87,8.93,8.91,0.94,0.18,12.3,2.43,13412927063.0,11753434128.0,0.11,-0.22,-16.91,-7.55
2780,002862,实丰文化,20.66,0.34,0.07,45781.0,94028692.4,3.25,20.81,20.14,20.27,20.59,1.67,3.63,390.83,7.53,3470880000.0,2608281945.0,-0.29,0.1,2.43,-0.86
2781,871753,XD天纺标,29.18,0.34,0.1,2963.0,8680728.95,1.38,29.5,29.1,29.36,29.08,3.35,0.94,187.9,6.34,2375379458.0,918700202.0,-0.14,0.14,-6.86,4.93
2782,831856,浩淼科技,26.23,0.34,0.09,13938.0,36561114.77,3.14,26.54,25.72,25.87,26.14,2.48,2.92,62.88,4.82,2268337691.0,1253295551.0,0.42,0.5,9.29,212.63
2783,600582,天地科技,5.94,0.34,0.02,39733.0,23609832.0,0.51,5.96,5.93,5.94,5.92,0.9,0.1,4.28,1.0,24583218018.0,24583218018.0,0.0,-0.17,1.02,1.37
2784,688660,电气风电,8.79,0.34,0.03,50842.0,44806774.0,2.05,8.9,8.72,8.78,8.76,2.37,0.38,-15.64,2.38,11720000586.0,11720000586.0,-0.45,-0.68,4.64,-2.33
2785,003013,地铁设计,14.78,0.34,0.05,3593.0,5317435.0,1.22,14.88,14.7,14.74,14.73,2.42,0.09,27.35,2.15,6035071552.0,5910486159.0,-0.34,-0.27,-1.92,-2.25
2786,688098,申联生物,5.98,0.34,0.02,5228.0,3108459.0,0.84,5.98,5.93,5.96,5.96,1.84,0.13,-203.29,1.75,2455651120.0,2455651120.0,0.34,0.67,4.91,9.32
2787,301173,毓恬冠佳,44.05,0.34,0.15,667.0,2934032.1,0.75,44.18,43.85,43.85,43.9,0.77,0.4,47.87,2.82,3869121707.0,742767708.0,0.07,0.02,-26.92,55.49
2788,002133,广宇集团,2.97,0.34,0.01,49345.0,14690925.0,1.69,3.0,2.95,2.98,2.96,1.36,0.64,-15.06,0.8,2299208200.0,2286514497.0,-0.34,0.0,14.23,16.47
2789,600060,海信视像,23.63,0.34,0.08,11220.0,26474187.0,0.76,23.69,23.51,23.55,23.55,1.28,0.09,13.93,1.52,30836494362.0,30603080388.0,0.0,0.08,6.3,18.51
2790,601016,节能风电,2.93,0.34,0.01,33188.0,9710813.0,0.34,2.93,2.92,2.93,2.92,0.8,0.06,12.1,1.07,18967030297.0,17482849583.0,0.34,0.0,-0.68,-7.57
2791,601618,中国中冶,2.94,0.34,0.01,82421.0,24152803.0,0.68,2.94,2.92,2.93,2.93,1.96,0.05,9.48,0.59,60927440360.0,52486700360.0,0.34,0.34,-5.16,-10.91
2792,603511,爱慕股份,14.56,0.34,0.05,4110.0,5982421.0,0.9,14.63,14.5,14.55,14.51,1.7,0.1,17.3,1.37,5919454079.0,5851479263.0,0.0,0.14,-5.82,12.0
2793,300687,赛意信息,26.56,0.34,0.09,18089.0,47879593.0,1.59,26.67,26.25,26.46,26.47,1.79,0.55,111.08,3.97,10894461781.0,8787585240.0,-0.15,-0.19,-22.63,46.5
2794,603638,艾迪精密,17.61,0.34,0.06,3564.0,6261947.0,0.85,17.67,17.52,17.65,17.55,1.33,0.04,35.85,4.43,14635466301.0,14635466301.0,0.11,0.06,-12.65,4.26
2795,300303,聚飞光电,5.89,0.34,0.02,26559.0,15631334.77,0.68,5.91,5.87,5.87,5.87,1.5,0.2,29.35,2.19,8294914842.0,7778906426.0,0.0,-0.17,-14.64,-13.64
2796,002868,*ST绿康,23.68,0.34,0.08,5497.0,12885081.0,2.37,23.76,23.2,23.69,23.6,2.19,0.36,-31.29,-66.38,3680247020.0,3647616714.0,0.55,1.54,49.21,18.58
2797,600460,士兰微,23.96,0.34,0.08,18064.0,43247562.0,0.71,24.05,23.88,23.89,23.88,1.57,0.11,67.09,3.23,39871161406.0,39871161406.0,-0.08,-0.08,-8.69,-7.92
2798,605058,澳弘电子,23.39,0.34,0.08,9057.0,21122210.0,1.72,23.52,23.12,23.31,23.31,3.92,0.63,22.82,1.9,3342991191.0,3342991191.0,0.0,-0.13,4.37,17.95
2799,871981,晶赛科技,36.0,0.33,0.12,2824.0,10139930.41,1.81,36.17,35.52,35.58,35.88,1.88,0.76,672.66,5.38,2752848000.0,1343146248.0,-0.28,0.0,-0.83,35.95
2800,300072,海新能科,3.02,0.33,0.01,24639.0,7427466.0,1.33,3.04,3.0,3.04,3.01,1.21,0.11,-35.55,1.2,7096155312.0,7040707354.0,0.0,0.0,-8.76,-14.93
2801,688691,灿芯股份,54.82,0.33,0.18,10480.0,57731292.0,2.86,55.87,54.31,54.72,54.64,4.65,1.47,-63.71,4.9,6578400000.0,3917711848.0,-0.31,-0.58,-38.68,-28.81
2802,601908,京运通,3.08,0.33,0.01,103587.0,31779959.0,0.98,3.08,3.05,3.07,3.07,1.15,0.43,-20.34,0.83,7436976812.0,7436976812.0,0.0,0.0,15.79,0.98
2803,300365,恒华科技,6.16,0.33,0.02,20222.0,12438379.0,1.14,6.18,6.11,6.13,6.14,1.81,0.43,230.07,1.97,3695109689.0,2921673321.0,0.0,0.0,-7.23,0.33
2804,002338,奥普光电,43.04,0.33,0.14,10403.0,44652048.0,1.28,43.12,42.57,42.91,42.9,0.96,0.43,186.94,7.79,10329600000.0,10329600000.0,0.02,0.19,6.83,14.1
2805,603116,红蜻蜓,6.01,0.33,0.02,11733.0,7027585.0,1.67,6.05,5.95,5.98,5.99,1.08,0.2,213.08,1.23,3462966808.0,3462966808.0,0.33,0.5,-4.91,8.29
2806,002670,国盛金控,12.13,0.33,0.04,36576.0,44330601.8,1.16,12.18,12.04,12.07,12.09,1.45,0.23,83.37,2.11,23472576841.0,19691243190.0,-0.16,0.0,-9.21,-7.33
2807,688193,仁度生物,39.8,0.33,0.13,661.0,2619430.0,1.21,39.88,39.4,39.74,39.67,2.37,0.21,325.98,1.74,1592000000.0,1256422161.0,0.15,0.35,3.19,11.33
2808,601399,国机重装,3.05,0.33,0.01,219758.0,67060161.0,1.32,3.07,3.03,3.04,3.04,1.69,0.3,49.54,1.52,22001345465.0,22001345465.0,0.0,0.0,4.81,-0.97
2809,301056,森赫股份,9.21,0.33,0.03,7411.0,6800219.0,1.2,9.24,9.13,9.16,9.18,2.47,0.42,37.3,2.77,2457105203.0,1620921594.0,-0.11,-0.11,3.48,12.59
2810,002587,奥拓电子,6.04,0.33,0.02,22510.0,13561715.0,1.16,6.05,5.98,6.04,6.02,1.53,0.44,72.33,2.98,3935326702.0,3111946823.0,0.0,-0.17,-4.43,0.67
2811,600827,百联股份,9.24,0.33,0.03,9697.0,8942231.0,0.43,9.25,9.21,9.23,9.21,0.99,0.06,21.38,0.83,16485713401.0,14825117261.0,0.0,0.11,-0.86,-15.46
2812,300958,建工修复,12.32,0.33,0.04,4953.0,6100186.0,0.81,12.37,12.27,12.32,12.28,1.27,0.54,-63.88,1.47,1930994653.0,1121728941.0,-0.08,0.16,3.7,6.94
2813,300266,兴源环境,3.05,0.33,0.01,100944.0,30733054.0,2.63,3.08,3.0,3.04,3.04,2.19,0.65,-45.8,72.51,4739112308.0,4736389725.0,-0.33,0.0,17.31,7.02
2814,002985,北摩高科,27.5,0.33,0.09,20157.0,55873216.0,2.44,28.12,27.45,27.8,27.41,5.11,1.02,42.41,3.58,9125974000.0,5447287285.0,0.04,0.0,10.04,17.02
2815,002828,贝肯能源,9.11,0.33,0.03,14339.0,12991807.0,1.21,9.13,9.02,9.08,9.08,1.9,0.74,91.13,2.68,1830997036.0,1766483715.0,0.33,0.11,1.11,6.43
2816,603309,维力医疗,12.3,0.33,0.04,9371.0,11519643.0,0.82,12.35,12.25,12.25,12.26,2.51,0.32,15.28,2.0,3602276621.0,3590018441.0,-0.08,0.16,11.21,7.14
2817,001223,欧克科技,39.57,0.33,0.13,2389.0,9439103.2,1.67,39.77,39.11,39.39,39.44,1.57,1.02,22.78,1.95,3693938640.0,924038640.0,0.1,-0.15,-1.2,26.71
2818,000153,丰原药业,6.22,0.32,0.02,27405.0,17004648.2,1.13,6.24,6.17,6.2,6.2,2.88,0.61,19.01,1.43,2890892551.0,2817309951.0,0.0,0.65,4.71,3.15
2819,000679,大连友谊,6.31,0.32,0.02,7925.0,4985513.0,0.79,6.32,6.27,6.3,6.29,1.14,0.22,-43.32,9.31,2248884000.0,2248884000.0,0.16,0.16,-10.11,-3.52
2820,600618,氯碱化工,9.32,0.32,0.03,5372.0,4991288.0,0.75,9.33,9.26,9.29,9.29,1.18,0.07,11.64,1.21,10777647776.0,6988508576.0,0.0,0.22,-7.81,-5.48
2821,002218,拓日新能,3.14,0.32,0.01,12421.0,3892161.0,0.32,3.14,3.13,3.14,3.13,1.1,0.09,-27.18,1.07,4436884524.0,4372130502.0,0.32,0.32,-7.92,-20.91
2822,600482,中国动力,21.87,0.32,0.07,11921.0,26036737.0,1.06,21.95,21.72,21.81,21.8,1.38,0.05,31.14,1.24,49267922786.0,49267922786.0,-0.09,-0.18,2.48,-10.63
2823,688612,威迈斯,24.7,0.32,0.08,2015.0,4962286.0,0.97,24.79,24.55,24.7,24.62,1.21,0.08,25.78,3.26,10397641407.0,6271996777.0,-0.04,-0.24,-23.29,4.93
2824,000860,顺鑫农业,15.63,0.32,0.05,13600.0,21216477.0,0.51,15.64,15.56,15.59,15.58,1.61,0.18,10.27,1.59,11593818038.0,11593818038.0,0.0,0.06,-8.06,-19.72
2825,688559,海目星,28.44,0.32,0.09,6282.0,17821934.0,1.06,28.52,28.22,28.23,28.35,2.67,0.25,-9.29,2.31,7013434824.0,7013434824.0,0.07,0.11,-15.43,-17.33
2826,301616,浙江华业,41.25,0.32,0.13,1623.0,6690019.0,0.66,41.38,41.11,41.38,41.12,1.07,0.81,48.83,2.55,3300000000.0,825000000.0,-0.1,0.02,97.65,97.65
2827,603587,地素时尚,12.6,0.32,0.04,6193.0,7787397.0,0.8,12.6,12.5,12.56,12.56,1.77,0.13,18.18,1.61,6007217353.0,5973569116.0,0.32,0.16,5.62,0.0
2828,688561,奇安信-U,31.66,0.32,0.1,15001.0,47822103.0,2.41,32.2,31.44,31.55,31.56,2.63,0.22,-12.98,2.6,21692557456.0,21692557456.0,0.16,-0.09,-20.55,18.0
2829,603585,苏利股份,15.81,0.32,0.05,3698.0,5823574.0,1.21,15.85,15.66,15.85,15.76,1.07,0.21,21.29,1.22,2906722143.0,2845853643.0,0.19,0.13,18.69,32.08
2830,601058,赛轮轮胎,12.39,0.32,0.04,29540.0,36631923.0,0.97,12.45,12.33,12.35,12.35,1.35,0.09,9.81,2.06,40739562209.0,40739562209.0,-0.16,-0.16,-18.54,-13.54
2831,605011,杭州热电,22.26,0.32,0.07,4025.0,8930893.0,0.81,22.27,22.09,22.12,22.19,1.29,0.1,60.43,3.87,8906226000.0,8906226000.0,0.04,0.09,-3.64,4.7
2832,000791,甘肃能源,6.26,0.32,0.02,54258.0,33963586.0,0.96,6.3,6.24,6.3,6.24,3.15,0.34,10.58,1.51,20306436785.0,10019285154.0,-0.16,0.16,11.19,7.01
2833,600918,中泰证券,6.19,0.32,0.02,54148.0,33499746.0,0.97,6.21,6.15,6.16,6.17,3.27,0.14,29.16,1.14,43135793430.0,24591692780.0,-0.16,0.0,-2.06,-5.78
2834,001266,宏英智能,25.16,0.32,0.08,4682.0,11774090.0,1.4,25.37,25.02,25.08,25.08,1.8,1.33,219.56,2.69,2595751162.0,887433456.0,0.12,0.04,-1.29,8.64
2835,601985,中国核电,9.53,0.32,0.03,138152.0,131565453.0,0.53,9.54,9.49,9.51,9.5,1.61,0.07,15.62,1.74,196013059765.0,179957704783.0,0.0,0.0,-1.14,-8.63
2836,688593,新相微,15.86,0.32,0.05,5426.0,8619891.0,1.71,15.98,15.71,15.81,15.81,2.12,0.17,833.83,4.7,7288136474.0,5117732127.0,-0.06,-0.5,-30.8,-13.33
2837,600667,太极实业,6.33,0.32,0.02,23041.0,14587724.0,0.63,6.35,6.31,6.31,6.31,1.71,0.11,28.26,1.55,13332183827.0,13332183827.0,-0.31,-0.16,-19.67,-8.53
2838,603706,东方环宇,18.68,0.32,0.06,2115.0,3948135.0,1.02,18.73,18.54,18.62,18.62,1.9,0.11,10.89,2.0,3537669098.0,3537669098.0,-0.27,-0.05,4.65,-0.16
2839,002277,友阿股份,6.23,0.32,0.02,221777.0,137294916.0,1.77,6.25,6.14,6.23,6.21,1.38,1.59,59.28,1.29,8685696544.0,8685696544.0,-0.32,0.0,14.94,6.5
2840,601877,正泰电器,22.06,0.32,0.07,16118.0,35595942.0,0.86,22.14,21.95,21.98,21.99,2.42,0.08,10.19,1.1,47406255611.0,47406255611.0,-0.05,-0.27,-3.92,-5.77
2841,600351,亚宝药业,6.22,0.32,0.02,46918.0,29121266.0,1.61,6.26,6.16,6.26,6.2,2.44,0.67,10.15,1.59,4354000286.0,4354000286.0,0.16,0.48,8.36,7.43
2842,002415,海康威视,28.13,0.32,0.09,33186.0,93361101.0,0.5,28.19,28.05,28.08,28.04,1.61,0.04,31.85,3.44,259729868910.0,256142491868.0,-0.07,-0.07,-7.65,-6.23
2843,301099,雅创电子,43.69,0.32,0.14,5683.0,24837211.62,2.07,44.2,43.3,43.56,43.55,2.36,0.81,135.27,3.49,4987575734.0,3075788714.0,0.09,0.0,-12.86,5.4
2844,301007,德迈仕,25.3,0.32,0.08,32795.0,83503972.0,3.21,25.93,25.12,25.23,25.22,1.32,2.14,89.2,5.89,3879502000.0,3870735550.0,-0.08,-0.12,10.14,38.78
2845,300483,首华燃气,9.36,0.32,0.03,6876.0,6404543.0,1.39,9.4,9.27,9.39,9.33,2.02,0.26,30.03,1.35,2513678347.0,2513678347.0,-0.11,0.11,12.64,-4.88
2846,300448,浩云科技,6.45,0.31,0.02,24278.0,15610502.0,1.24,6.47,6.39,6.44,6.43,1.41,0.49,-179.59,3.44,4363535160.0,3184841668.0,0.16,0.0,-13.42,-2.12
2847,300598,诚迈科技,41.65,0.31,0.13,7075.0,29452442.3,1.08,41.9,41.45,41.45,41.52,1.97,0.33,-53.36,6.02,9037289513.0,9034758609.0,-0.12,-0.24,-16.11,-13.95
2848,002614,奥佳华,6.56,0.31,0.02,6977.0,4564141.0,0.76,6.57,6.52,6.54,6.54,1.09,0.16,512.02,0.95,4090008182.0,2893051932.0,0.15,0.15,-6.02,0.61
2849,301372,科净源,22.63,0.31,0.07,16061.0,36357959.0,3.24,22.94,22.21,22.5,22.56,4.41,3.9,34.52,1.98,1551771461.0,931687170.0,-0.09,-0.4,10.01,11.64
2850,600452,涪陵电力,9.65,0.31,0.03,28226.0,27171148.0,0.52,9.65,9.6,9.6,9.62,1.13,0.18,41.25,2.74,14827626961.0,14827626961.0,0.0,0.1,0.1,-8.88
2851,002165,红 宝 丽,9.86,0.31,0.03,194690.0,191184223.2,2.03,9.92,9.72,9.83,9.83,1.2,2.68,82.38,3.53,7249760593.0,7174426831.0,-0.1,0.2,105.42,130.37
2852,688667,菱电电控,54.9,0.31,0.17,1025.0,5611922.0,1.52,55.24,54.41,54.51,54.73,0.8,0.2,40.69,1.73,2844486486.0,2844486486.0,0.16,0.27,19.61,36.6
2853,870436,大地电气,22.44,0.31,0.07,11511.0,25889589.13,2.28,22.78,22.27,22.27,22.37,1.15,1.3,-60.36,5.54,2120041440.0,1994201308.0,0.45,0.31,-13.59,33.41
2854,000987,越秀资本,6.52,0.31,0.02,31458.0,20505127.83,1.08,6.55,6.48,6.49,6.5,2.25,0.06,12.46,1.07,32711703652.0,32695118507.0,0.0,0.0,0.77,-7.12
2855,000663,永安林业,6.51,0.31,0.02,20191.0,13081214.0,1.85,6.54,6.42,6.48,6.49,0.9,0.66,-28.96,2.2,2191812378.0,1994020786.0,0.15,0.31,14.21,20.56
2856,002279,久其软件,6.43,0.31,0.02,52141.0,33686848.0,1.72,6.52,6.41,6.47,6.41,2.15,0.66,-11.99,4.28,5559681502.0,5077946854.0,0.0,-0.16,-15.95,2.55
2857,301057,汇隆新材,16.19,0.31,0.05,5538.0,8910907.0,1.3,16.21,16.0,16.14,16.14,0.94,0.67,38.54,2.48,1900551191.0,1338904306.0,0.0,0.37,18.7,29.52
2858,301373,凌玮科技,28.72,0.31,0.09,1041.0,2988456.93,0.94,28.84,28.57,28.57,28.63,1.24,0.27,24.78,1.98,3115318454.0,1104939477.0,-0.17,-0.31,4.21,15.43
2859,603073,彩蝶实业,16.38,0.31,0.05,2625.0,4288934.0,0.8,16.4,16.27,16.3,16.33,1.68,0.52,20.72,1.38,1900080000.0,833624850.0,-0.06,0.24,8.84,12.11
2860,688819,天能股份,26.08,0.31,0.08,2693.0,7023045.0,0.69,26.17,25.99,26.1,26.0,1.5,0.03,15.08,1.56,25352368000.0,25352368000.0,-0.27,-0.23,-14.27,-4.19
2861,000626,远大控股,6.38,0.31,0.02,9480.0,6040945.0,1.1,6.42,6.35,6.37,6.36,1.48,0.19,62.91,1.37,3247040160.0,3228472172.0,-0.16,0.16,16.64,10.96
2862,300784,利安科技,51.36,0.31,0.16,747.0,3826927.0,1.13,51.44,50.86,51.32,51.2,0.72,0.53,49.31,3.68,2888363136.0,722121600.0,-0.06,0.1,-13.56,-13.37
2863,688551,科威尔,29.39,0.31,0.09,1217.0,3569880.0,0.99,29.48,29.19,29.3,29.3,1.09,0.14,30.29,1.93,2470838138.0,2470838138.0,0.03,-0.07,-0.31,5.0
2864,600377,宁沪高速,15.95,0.31,0.05,16955.0,26984017.0,1.32,16.01,15.8,15.8,15.9,2.33,0.04,16.59,2.03,80352072625.0,60644818866.0,0.13,0.13,4.66,4.18
2865,301300,远翔新材,35.04,0.31,0.11,3030.0,10569480.0,1.32,35.14,34.68,34.94,34.93,1.19,0.99,33.21,2.86,2261481600.0,1071437072.0,-0.06,0.52,18.22,38.28
2866,002635,安洁科技,12.91,0.31,0.04,14552.0,18768992.0,0.93,12.96,12.84,12.91,12.87,1.63,0.37,68.22,1.49,8516556278.0,5104575812.0,-0.15,-0.23,-19.81,-17.88
2867,603778,国晟科技,3.2,0.31,0.01,18116.0,5784746.0,1.25,3.21,3.17,3.21,3.19,2.08,0.28,-12.53,2.54,2101254784.0,2057142854.0,0.0,0.31,1.27,5.61
2868,300851,交大思诺,26.04,0.31,0.08,756.0,1964904.0,0.73,26.1,25.91,25.91,25.96,0.9,0.14,-151.04,1.8,2263745736.0,1402416411.0,0.15,0.15,-5.07,-0.12
2869,600423,柳化股份,3.27,0.31,0.01,15555.0,5068452.0,1.23,3.28,3.24,3.25,3.26,1.05,0.19,299.29,4.72,2611732735.0,2611732735.0,0.0,0.0,4.47,11.22
2870,603385,惠达卫浴,6.52,0.31,0.02,8630.0,5599846.0,1.38,6.55,6.46,6.52,6.5,2.48,0.23,57.38,0.66,2481935591.0,2481935591.0,0.31,0.46,0.31,2.52
2871,600792,云煤能源,3.28,0.31,0.01,10197.0,3343206.0,0.92,3.3,3.27,3.28,3.27,1.39,0.1,-9.94,1.24,3640549408.0,3476367411.0,0.0,0.31,1.86,-12.3
2872,688215,瑞晟智能,32.29,0.31,0.1,1393.0,4464962.0,2.52,32.5,31.69,32.2,32.19,2.3,0.27,210.4,3.61,1680759080.0,1680759080.0,0.65,0.72,19.42,60.17
2873,002686,亿利达,6.38,0.31,0.02,14836.0,9473418.0,1.1,6.42,6.35,6.37,6.36,1.08,0.28,67.74,2.2,3612605669.0,3335034039.0,-0.16,0.0,4.93,19.03
2874,301502,华阳智能,39.62,0.3,0.12,1619.0,6414532.0,1.37,39.9,39.36,39.66,39.5,1.25,0.67,71.87,2.71,2261648270.0,963013625.0,0.2,0.3,-4.16,-8.07
2875,300334,津膜科技,6.62,0.3,0.02,7852.0,5202691.0,1.67,6.68,6.57,6.67,6.6,1.39,0.26,289.9,3.45,1999672657.0,1999437018.0,0.0,0.0,9.06,14.53
2876,600719,大连热电,6.66,0.3,0.02,18401.0,12206481.0,0.9,6.67,6.61,6.65,6.64,1.39,0.45,11.27,5.8,2694633336.0,2694633336.0,-0.15,0.45,6.22,-6.59
2877,603331,百达精工,10.15,0.3,0.03,13434.0,13590202.0,0.99,10.18,10.08,10.12,10.12,1.3,0.66,23.88,1.57,2052082705.0,2052082705.0,0.0,0.2,3.78,12.65
2878,600761,安徽合力,16.63,0.3,0.05,43217.0,72439777.0,2.29,16.92,16.54,16.83,16.58,2.89,0.49,11.51,1.46,14812220615.0,14812220615.0,0.0,-0.3,-18.2,-2.46
2879,838402,硅烷科技,9.98,0.3,0.03,6750.0,6722197.6,1.01,10.0,9.9,9.97,9.95,1.27,0.16,-81.74,2.56,4212159469.0,4212159469.0,0.2,-0.1,-7.51,13.54
2880,300222,科大智能,9.91,0.3,0.03,30155.0,29792817.0,1.01,9.93,9.83,9.83,9.88,2.11,0.48,91.67,4.62,7712767029.0,6280992774.0,0.0,-0.1,-14.94,-0.6
2881,836826,盖世食品,13.43,0.3,0.04,6639.0,8868629.38,2.54,13.55,13.21,13.46,13.39,1.12,1.06,53.05,5.36,1887127382.0,837512071.0,0.67,0.37,4.92,29.13
2882,300007,汉威科技,36.41,0.3,0.11,49714.0,179437715.0,1.85,36.42,35.75,36.1,36.3,2.42,1.76,175.99,4.2,11922294988.0,10303099761.0,0.5,0.47,-19.8,78.39
2883,600525,ST长园,3.35,0.3,0.01,36768.0,12329080.0,0.9,3.37,3.34,3.35,3.34,2.85,0.28,-12.08,1.1,4417913509.0,4417913509.0,0.0,0.0,-32.6,-31.35
2884,002421,达实智能,3.3,0.3,0.01,47997.0,15834485.5,0.61,3.31,3.29,3.3,3.29,1.16,0.24,-42.17,2.09,6997919409.0,6622082792.0,0.0,-0.3,-17.5,-3.79
2885,603206,嘉环科技,16.63,0.3,0.05,6961.0,11553441.0,1.03,16.67,16.5,16.56,16.58,1.45,0.23,62.76,2.27,5075475800.0,5075475800.0,0.12,0.06,-7.92,-4.32
2886,603210,泰鸿万立,20.3,0.3,0.06,4313.0,8751979.0,0.54,20.35,20.24,20.33,20.24,1.14,0.59,39.16,4.01,6910120000.0,1493827590.0,-0.1,0.05,136.05,136.05
2887,601696,中银证券,9.99,0.3,0.03,30367.0,30308557.0,1.0,10.02,9.92,9.95,9.96,2.54,0.11,24.74,1.52,27752220000.0,27752220000.0,0.0,0.0,-5.75,-10.48
2888,002797,第一创业,6.71,0.3,0.02,90983.0,61021592.39,0.75,6.73,6.68,6.68,6.69,2.31,0.22,59.74,1.69,28198104000.0,28198104000.0,0.0,0.0,-13.08,-19.64
2889,605138,盛泰集团,6.71,0.3,0.02,11764.0,7876640.0,1.2,6.74,6.66,6.69,6.69,0.99,0.21,45.74,1.53,3727832662.0,3727832662.0,0.15,0.3,14.51,21.56
2890,002035,华帝股份,6.58,0.3,0.02,13855.0,9108988.0,0.61,6.59,6.55,6.55,6.56,1.79,0.18,13.12,1.44,5577560806.0,5135841616.0,0.15,0.15,-7.45,-10.35
2891,605318,XD法狮龙,27.03,0.3,0.08,2180.0,5896247.0,1.67,27.25,26.8,27.25,26.95,1.68,0.17,-106.72,5.32,3398455627.0,3398455627.0,0.19,0.41,33.61,33.15
2892,688309,恒誉环保,16.95,0.3,0.05,1287.0,2176783.0,0.77,17.0,16.87,16.9,16.9,1.68,0.16,40.99,1.81,1356181924.0,1356181924.0,0.06,0.3,16.98,36.14
2893,601360,三六零,10.11,0.3,0.03,70863.0,71678473.0,0.6,10.14,10.08,10.13,10.08,1.41,0.1,-64.76,2.41,70765530157.0,70765530157.0,0.0,-0.1,-10.21,-1.37
2894,002803,吉宏股份,13.36,0.3,0.04,16235.0,21605844.0,1.73,13.42,13.19,13.25,13.32,0.86,0.56,25.56,2.75,6047795288.0,3857969712.0,0.15,0.07,2.77,6.71
2895,301130,西点药业,29.74,0.3,0.09,5836.0,17256231.6,2.29,29.99,29.31,29.65,29.65,2.09,1.0,68.57,2.54,2274951932.0,1743526355.0,-0.13,0.54,11.09,14.43
2896,603202,天有为,100.49,0.3,0.3,5372.0,54250965.0,0.93,101.39,100.46,100.95,100.19,1.57,1.65,16.73,2.41,16078400000.0,3270311589.0,-0.14,-0.29,7.48,7.48
2897,000503,国新健康,10.17,0.3,0.03,11494.0,11688519.0,0.69,10.19,10.12,10.18,10.14,1.01,0.12,-54.74,7.34,9979948450.0,9713053967.0,0.0,0.0,-13.45,-7.38
2898,000731,四川美丰,6.86,0.29,0.02,9793.0,6716672.0,0.58,6.87,6.83,6.84,6.84,2.14,0.18,-78.28,0.92,3833567839.0,3833567839.0,0.0,0.0,-3.52,-6.54
2899,000995,皇台酒业,13.65,0.29,0.04,17786.0,24170596.0,1.25,13.69,13.52,13.57,13.61,1.93,1.0,176.13,15.55,2421619200.0,2421619200.0,-0.22,0.44,-0.94,-17.27
2900,600992,贵绳股份,13.66,0.29,0.04,3899.0,5322145.0,0.59,13.7,13.62,13.62,13.62,1.03,0.16,-38.51,2.34,3347929400.0,3347929400.0,0.0,-0.07,-9.24,-7.7
2901,601956,东贝集团,6.99,0.29,0.02,110351.0,76310431.0,1.58,6.99,6.88,6.96,6.97,1.21,1.78,24.01,1.75,4346256460.0,4324210070.0,1.01,1.01,40.64,47.78
2902,300711,广哈通信,20.94,0.29,0.06,4691.0,9826897.0,1.29,21.12,20.85,20.89,20.88,1.74,0.19,144.66,7.31,5217632490.0,5202057276.0,-0.05,-0.05,-9.7,-8.76
2903,603607,京华激光,27.28,0.29,0.08,88142.0,240926207.0,2.54,27.69,27.0,27.01,27.2,2.24,4.94,47.92,5.06,4869938304.0,4869938304.0,-0.07,0.29,56.78,67.57
2904,300259,新天科技,3.46,0.29,0.01,11205.0,3873166.0,1.16,3.47,3.43,3.44,3.45,1.04,0.1,37.19,1.37,4047513245.0,4046584979.0,0.29,0.0,-5.21,-1.14
2905,003031,中瓷电子,47.71,0.29,0.14,1579.0,7542182.0,0.84,47.98,47.58,47.62,47.57,1.14,0.05,43.78,3.49,21519731903.0,16228875966.0,0.0,0.02,1.71,-8.93
2906,688386,泛亚微透,55.06,0.29,0.16,792.0,4364046.0,1.62,55.72,54.83,55.72,54.9,0.5,0.11,40.01,5.19,3854200000.0,3854200000.0,-0.02,0.0,40.82,82.2
2907,000563,陕国投Ａ,3.41,0.29,0.01,123665.0,42154659.78,1.18,3.43,3.39,3.42,3.4,2.61,0.24,11.27,0.97,17438638921.0,17438638921.0,0.0,0.0,1.49,-2.85
2908,002452,长高电新,6.92,0.29,0.02,10232.0,7077315.0,0.72,6.93,6.88,6.91,6.9,1.26,0.2,32.08,1.79,4292698028.0,3570061147.0,-0.14,0.14,-10.36,-5.72
2909,601163,三角轮胎,13.8,0.29,0.04,5951.0,8214278.0,0.36,13.82,13.77,13.82,13.76,2.57,0.07,16.62,0.81,11040000000.0,11040000000.0,-0.07,0.0,-7.75,-8.43
2910,002833,弘亚数控,17.01,0.29,0.05,4557.0,7736997.0,0.53,17.03,16.94,17.0,16.96,0.78,0.16,13.65,2.55,7216174090.0,4908375492.0,0.06,0.12,-6.74,1.07
2911,688411,海博思创,70.35,0.29,0.2,1348.0,9448823.0,2.49,71.17,69.42,71.17,70.15,1.1,0.38,33.75,3.14,12669506812.0,2507937049.0,0.06,0.04,-11.41,263.0
2912,000042,中洲控股,6.88,0.29,0.02,9058.0,6239374.0,0.73,6.91,6.86,6.86,6.86,0.95,0.14,8.24,1.32,4574038236.0,4569222670.0,-0.15,0.0,13.91,53.91
2913,301118,恒光股份,20.95,0.29,0.06,4837.0,10103844.0,1.58,21.1,20.77,21.1,20.89,1.78,0.46,139.04,1.74,2312880000.0,2201916251.0,0.14,0.48,12.76,14.54
2914,301049,超越科技,23.84,0.29,0.07,3593.0,8551295.0,2.15,24.09,23.58,24.09,23.77,1.19,0.84,-19.39,3.43,2246999483.0,1020980399.0,-0.13,0.17,-2.61,-0.67
2915,002945,华林证券,13.62,0.29,0.04,8751.0,11929480.0,0.88,13.68,13.56,13.56,13.58,1.55,0.03,89.23,5.36,36774000000.0,36774000000.0,-0.15,-0.07,-12.13,-10.92
2916,300254,仟源医药,10.39,0.29,0.03,191402.0,200353976.0,5.98,10.86,10.24,10.5,10.36,7.0,8.51,62.08,9.92,2580029870.0,2337974372.0,0.0,0.0,13.06,18.74
2917,603660,苏州科达,6.93,0.29,0.02,24460.0,16857627.0,2.17,6.99,6.84,6.92,6.91,1.08,0.46,-13.39,3.81,3719508214.0,3689755298.0,0.14,0.43,-12.06,3.28
2918,300661,圣邦股份,96.11,0.29,0.28,21673.0,208142486.0,1.85,97.04,95.27,96.0,95.83,2.23,0.48,190.59,9.92,45564664573.0,43694491222.0,0.1,-0.21,-2.62,17.52
2919,688227,品高股份,34.07,0.29,0.1,3649.0,12485249.0,2.21,34.56,33.81,34.34,33.97,1.33,0.57,-61.9,2.94,3851793219.0,2183777329.0,-0.03,-0.15,-16.04,31.8
2920,688591,泰凌微,34.69,0.29,0.1,4688.0,16212635.0,0.95,34.75,34.42,34.58,34.59,1.09,0.28,58.46,3.48,8351393264.0,5759835880.0,0.09,-0.03,-8.23,10.48
2921,603928,兴业股份,10.27,0.29,0.03,8332.0,8519201.0,2.05,10.36,10.15,10.25,10.24,1.75,0.32,51.7,1.76,2691561600.0,2691561600.0,0.1,0.88,-2.93,24.03
2922,603358,华达科技,34.29,0.29,0.1,5662.0,19553387.0,2.34,35.0,34.2,34.2,34.19,2.46,0.13,87.89,4.41,16107490076.0,15054681600.0,-0.12,-0.03,-10.4,3.13
2923,301220,亚香股份,45.53,0.29,0.13,20923.0,94549093.2,4.93,46.24,44.0,45.6,45.4,6.26,3.19,15.62,3.03,5134456345.0,2985568467.0,0.07,0.18,-27.21,72.59
2924,688132,邦彦技术,17.48,0.29,0.05,7686.0,13373249.0,1.66,17.58,17.29,17.57,17.43,2.02,0.71,-24.45,1.86,2660896566.0,1896505151.0,0.17,0.34,-12.77,2.94
2925,000885,城发环境,13.87,0.29,0.04,11618.0,16097200.3,0.94,13.92,13.79,13.79,13.83,1.65,0.18,8.16,1.02,8905625397.0,8905625397.0,-0.22,-0.22,12.13,5.8
2926,300165,ST天瑞,3.4,0.29,0.01,28435.0,9647218.0,1.18,3.41,3.37,3.39,3.39,3.81,0.68,133.15,1.32,1684739865.0,1429809174.0,-0.29,0.0,18.88,12.96
2927,601099,太平洋,3.64,0.28,0.01,230615.0,83952068.0,1.1,3.66,3.62,3.62,3.63,3.1,0.34,91.3,2.54,24811391587.0,24811391587.0,0.0,-0.27,-8.31,-14.55
2928,601233,桐昆股份,10.86,0.28,0.03,12842.0,13925254.0,0.65,10.88,10.81,10.83,10.83,0.99,0.05,10.69,0.7,26115908335.0,26019453290.0,0.09,0.0,-12.49,-7.97
2929,301058,中粮科工,10.79,0.28,0.03,7707.0,8304120.0,0.65,10.81,10.74,10.78,10.76,1.27,0.15,37.39,2.53,5527439104.0,5527439104.0,0.0,0.09,-13.54,2.27
2930,600323,瀚蓝环境,25.38,0.28,0.07,14989.0,38229457.0,1.82,25.67,25.21,25.41,25.31,3.09,0.18,12.32,1.5,20693510565.0,20693510565.0,-0.04,-0.08,16.21,7.45
2931,605128,上海沿浦,29.03,0.28,0.08,4258.0,12345154.0,1.59,29.26,28.8,28.95,28.95,2.11,0.22,46.65,3.09,6129356635.0,5628291258.0,0.24,0.52,0.59,17.96
2932,301305,朗坤科技,17.68,0.28,0.05,2703.0,4766927.0,0.85,17.7,17.55,17.7,17.63,0.91,0.21,14.01,1.18,4306329976.0,2229836076.0,-0.06,0.0,1.96,0.34
2933,600575,淮河能源,3.63,0.28,0.01,73038.0,26483326.0,0.83,3.64,3.61,3.63,3.62,1.4,0.19,13.25,1.2,14107127666.0,14107127666.0,0.0,0.0,15.24,-8.56
2934,301090,华润材料,7.27,0.28,0.02,7588.0,5499941.0,0.83,7.28,7.22,7.26,7.25,1.99,0.05,-139.07,1.67,10805828861.0,10755303815.0,0.14,0.0,-4.22,4.76
2935,600479,千金药业,10.72,0.28,0.03,28212.0,30181736.0,0.75,10.74,10.66,10.71,10.69,3.63,0.67,21.38,1.81,4545249094.0,4486396294.0,0.09,0.19,5.93,0.37
2936,300909,汇创达,24.67,0.28,0.07,1811.0,4444295.5,1.3,24.74,24.42,24.6,24.6,1.64,0.15,203.17,2.13,4267243392.0,3057676425.0,0.0,0.28,-9.83,3.44
2937,600853,龙建股份,3.56,0.28,0.01,8100.0,2877737.0,0.56,3.56,3.54,3.56,3.55,0.79,0.08,109.83,1.12,3609953016.0,3600732972.0,0.28,0.0,-3.78,-11.0
2938,002962,五方光电,14.11,0.28,0.04,3767.0,5310217.0,0.71,14.15,14.05,14.09,14.07,0.94,0.18,92.81,2.32,4115398117.0,2951586311.0,-0.07,0.0,-13.44,-18.86
2939,600740,山西焦化,3.54,0.28,0.01,11492.0,4072130.0,0.57,3.55,3.53,3.55,3.53,1.09,0.04,-32.27,0.59,9069908885.0,9069908885.0,0.0,0.0,-3.8,-12.16
2940,300772,运达股份,10.6,0.28,0.03,11312.0,12013751.0,0.85,10.64,10.55,10.58,10.57,1.74,0.16,35.47,1.3,8341450633.0,7396912129.0,-0.09,-0.19,-17.19,-19.94
2941,002034,旺能环境,17.65,0.28,0.05,6799.0,12034307.0,1.25,17.83,17.61,17.64,17.6,1.15,0.16,9.54,1.14,7659818800.0,7621804442.0,-0.34,-0.17,9.02,13.87
2942,688439,振华风光,53.99,0.28,0.15,2365.0,12743834.0,1.28,54.1,53.41,53.5,53.84,1.5,0.21,137.63,2.18,10798000000.0,6150413492.0,0.39,0.19,-9.79,5.26
2943,301393,昊帆生物,56.38,0.28,0.16,13692.0,76240279.5,2.29,56.45,55.16,55.9,56.22,2.27,3.39,43.74,2.67,6089040000.0,2275440420.0,1.46,1.92,38.12,42.19
2944,002677,浙江美大,7.16,0.28,0.02,5140.0,3670403.0,0.56,7.16,7.12,7.13,7.14,0.73,0.1,148.38,3.16,4625729793.0,3789962289.0,0.14,0.14,-2.85,1.7
2945,688330,宏力达,25.27,0.28,0.07,1576.0,3974310.0,0.52,25.28,25.15,25.2,25.2,1.77,0.11,42.32,0.93,3537800000.0,3537800000.0,0.0,0.08,-11.02,-3.7
2946,300915,海融科技,25.15,0.28,0.07,3521.0,8786221.4,1.87,25.25,24.78,24.99,25.08,1.09,0.61,109.38,2.08,3164857590.0,1448855988.0,-0.04,0.6,1.86,10.6
2947,600699,均胜电子,17.67,0.28,0.05,37556.0,66189037.0,0.96,17.7,17.53,17.54,17.62,1.1,0.27,18.28,1.87,24891756265.0,24174055306.0,-0.11,0.17,-6.11,14.67
2948,600539,狮头股份,10.85,0.28,0.03,15491.0,16688191.0,1.76,10.89,10.7,10.8,10.82,1.62,0.67,1070.09,7.74,2495500000.0,2495500000.0,0.0,0.09,0.28,56.34
2949,301577,美信科技,53.15,0.28,0.15,1973.0,10461316.0,1.08,53.37,52.8,52.8,53.0,1.73,1.05,82.94,3.11,2352419000.0,1001407388.0,0.17,0.11,-10.97,-8.83
2950,000600,建投能源,7.12,0.28,0.02,65508.0,46298661.0,1.27,7.12,7.03,7.09,7.1,1.57,0.6,7.26,1.18,12882211557.0,7761162237.0,0.42,0.85,33.08,25.8
2951,002707,众信旅游,7.5,0.27,0.02,38771.0,29033659.0,1.07,7.52,7.44,7.48,7.48,2.26,0.47,97.18,8.39,7370362748.0,6189054188.0,0.0,-0.13,0.13,1.49
2952,600135,乐凯胶片,7.33,0.27,0.02,7086.0,5189796.0,0.96,7.36,7.29,7.29,7.31,1.02,0.13,-35.46,1.66,4055741036.0,4055741036.0,0.0,0.0,7.64,11.23
2953,002757,南兴股份,18.73,0.27,0.05,16783.0,31426370.0,1.34,18.81,18.56,18.6,18.68,1.12,0.6,32.03,2.78,5533889250.0,5282869940.0,-0.16,-0.27,-6.4,22.18
2954,002395,双象股份,18.4,0.27,0.05,85835.0,159159967.9,3.6,18.88,18.22,18.54,18.35,7.98,3.2,18.12,3.45,4935045600.0,4935045600.0,0.27,0.16,9.2,11.45
2955,002397,梦洁股份,3.67,0.27,0.01,23368.0,8525547.0,1.37,3.68,3.63,3.68,3.66,1.4,0.38,68.36,2.3,2744357896.0,2248379577.0,0.27,0.82,-1.08,24.83
2956,300157,新锦动力,3.67,0.27,0.01,53177.0,19435771.0,1.37,3.68,3.63,3.67,3.66,1.52,0.76,9.92,-11.53,2662541903.0,2584511648.0,-0.27,-0.27,16.88,26.55
2957,002523,天桥起重,3.67,0.27,0.01,56553.0,20726446.0,1.09,3.68,3.64,3.64,3.66,1.42,0.4,56.99,2.08,5199071736.0,5180361647.0,0.0,0.0,-2.91,12.23
2958,600383,金地集团,3.72,0.27,0.01,193765.0,72058021.0,1.08,3.74,3.7,3.72,3.71,2.79,0.43,-6.38,0.29,16794250888.0,16794250888.0,0.27,0.0,-21.19,-15.07
2959,002675,东诚药业,14.97,0.27,0.04,21353.0,31743030.85,1.61,14.99,14.75,14.95,14.93,1.92,0.29,124.78,2.75,12344197704.0,11128458390.0,0.4,0.67,13.24,22.81
2960,000543,皖能电力,7.34,0.27,0.02,22826.0,16738187.76,0.41,7.35,7.32,7.33,7.32,0.96,0.1,9.38,1.03,16638776850.0,16638776850.0,0.0,0.0,0.27,-7.21
2961,002642,荣联科技,7.51,0.27,0.02,26279.0,19715786.0,1.47,7.57,7.46,7.52,7.49,1.39,0.4,1401.81,4.25,4968468151.0,4968468151.0,0.0,-0.13,-13.78,5.03
2962,000686,东北证券,7.45,0.27,0.02,50154.0,37347411.14,0.81,7.47,7.41,7.43,7.43,2.48,0.21,21.55,0.92,17436374217.0,17436374217.0,0.13,0.0,-6.52,-4.73
2963,000925,众合科技,7.37,0.27,0.02,15808.0,11622636.18,0.68,7.38,7.33,7.33,7.35,1.18,0.23,-24.94,1.49,4984845853.0,4961810550.0,-0.14,-0.14,-11.95,-14.99
2964,603388,*ST元成,3.68,0.27,0.01,17800.0,6534806.0,1.63,3.7,3.64,3.66,3.67,1.45,0.55,-11.83,1.46,1198699545.0,1198699545.0,0.0,-0.54,11.52,38.87
2965,603391,力聚热能,37.83,0.27,0.1,1602.0,6051627.0,0.69,37.92,37.66,37.72,37.73,1.96,0.7,25.6,1.67,3442530000.0,860632500.0,-0.08,-0.18,-0.26,-7.37
2966,603221,爱丽家居,11.32,0.27,0.03,12399.0,13978046.0,1.51,11.36,11.19,11.27,11.29,2.37,0.51,31.22,1.71,2768645600.0,2742496400.0,-0.26,0.27,17.92,23.99
2967,688286,敏芯股份,67.15,0.27,0.18,2261.0,15146908.0,2.39,68.0,66.4,66.9,66.97,2.1,0.4,329.96,3.65,3759810490.0,3759810490.0,-0.09,-0.13,-18.86,11.45
2968,601882,海天精工,18.71,0.27,0.05,2707.0,5067444.0,0.7,18.77,18.64,18.64,18.66,1.46,0.05,24.68,3.74,9766620000.0,9766620000.0,-0.11,-0.16,-18.76,-13.26
2969,688468,科美诊断,7.31,0.27,0.02,5919.0,4315085.0,0.96,7.32,7.25,7.29,7.29,1.32,0.15,50.4,2.05,2932099480.0,2932099480.0,0.0,0.14,-8.17,6.72
2970,603327,福蓉科技,11.33,0.27,0.03,5015.0,5676872.0,0.8,11.37,11.28,11.32,11.3,0.99,0.07,105.5,4.09,8702328057.0,8702328057.0,-0.09,0.0,-15.13,-6.67
2971,002736,国信证券,11.27,0.27,0.03,33473.0,37745134.0,1.6,11.34,11.16,11.24,11.24,1.9,0.04,11.63,1.2,108332079079.0,102994747165.0,-0.09,-0.27,7.54,0.63
2972,002821,凯莱英,94.25,0.27,0.25,9047.0,84481567.2,2.02,94.5,92.6,93.35,94.0,1.36,0.28,26.01,1.98,33985958110.0,30281602575.0,0.58,0.99,19.29,23.87
2973,600619,海立股份,11.21,0.27,0.03,24060.0,26951289.0,0.81,11.26,11.17,11.18,11.18,0.93,0.3,197.17,1.97,12032190791.0,8846649486.0,-0.09,-0.09,-14.62,-8.11
2974,603341,龙旗科技,37.53,0.27,0.1,4206.0,15784519.0,1.02,37.71,37.33,37.43,37.43,1.37,0.16,28.31,3.15,17455073296.0,9990967547.0,-0.27,-0.24,-21.01,-19.72
2975,600727,鲁北化工,7.53,0.27,0.02,15177.0,11385626.0,0.8,7.54,7.48,7.52,7.51,1.01,0.29,27.64,1.25,3980231007.0,3979779207.0,0.13,0.27,2.03,2.31
2976,688226,威腾电气,30.07,0.27,0.08,10005.0,29945334.0,3.4,30.3,29.28,29.99,29.99,3.56,0.63,106.11,3.34,5642560926.0,4740460926.0,0.3,0.6,-17.39,19.66
2977,600425,青松建化,3.71,0.27,0.01,29062.0,10795794.0,0.81,3.73,3.7,3.7,3.7,2.79,0.21,-26.8,0.97,5953450753.0,5115311219.0,0.0,-0.27,2.2,-2.88
2978,002984,森麒麟,18.55,0.27,0.05,14636.0,27156985.0,0.54,18.6,18.5,18.5,18.5,1.1,0.21,13.29,1.42,19207801569.0,13211723294.0,0.0,-0.11,-22.48,-24.78
2979,300231,银信科技,11.25,0.27,0.03,19651.0,22057210.0,1.78,11.32,11.12,11.24,11.22,1.74,0.44,56.53,3.17,4998062228.0,4997805559.0,0.0,0.09,-19.99,-8.98
2980,301567,贝隆精密,37.39,0.27,0.1,415.0,1549627.0,0.78,37.49,37.2,37.47,37.29,0.84,0.2,83.73,3.65,2692080000.0,794157992.0,0.08,0.03,-14.69,-16.35
2981,000596,古井贡酒,148.33,0.27,0.4,3544.0,52546382.6,0.83,148.93,147.7,147.76,147.93,1.71,0.09,8.41,2.96,78407238000.0,60607638000.0,0.07,0.01,-10.76,-13.91
2982,000598,兴蓉环境,7.43,0.27,0.02,43051.0,31867742.0,0.94,7.44,7.37,7.39,7.41,2.13,0.14,10.92,1.18,22174349977.0,22103066557.0,0.0,0.0,12.41,-2.11
2983,832651,天罡股份,29.72,0.27,0.08,565.0,1675028.17,1.96,29.97,29.39,29.97,29.64,0.6,0.37,39.95,3.85,1812920000.0,453969166.0,0.2,0.07,7.76,23.58
2984,831726,朱老六,22.25,0.27,0.06,4198.0,9306291.74,1.94,22.43,22.0,22.14,22.19,2.0,0.75,70.37,5.1,2264827500.0,1244157811.0,-0.18,-0.18,-5.84,11.92
2985,838030,德众汽车,7.52,0.27,0.02,9412.0,7097857.86,1.73,7.61,7.48,7.6,7.5,1.03,0.83,222.79,2.91,1344874401.0,853324788.0,-0.13,-0.13,-5.29,32.86
2986,300306,远方信息,11.77,0.26,0.03,5066.0,5957132.0,1.11,11.84,11.71,11.76,11.74,1.13,0.32,70.16,2.17,3165644817.0,1854539332.0,-0.08,0.0,-10.08,4.34
2987,300300,ST峡创,3.83,0.26,0.01,53286.0,20314678.33,2.09,3.86,3.78,3.78,3.82,2.55,0.8,-60.56,16.21,2554024247.0,2553836194.0,-0.26,0.26,28.96,32.99
2988,000750,国海证券,3.8,0.26,0.01,89580.0,33983090.8,1.06,3.81,3.77,3.79,3.79,1.77,0.15,30.3,1.1,24267463013.0,22025575113.0,0.0,0.26,-7.09,-10.59
2989,601901,方正证券,7.65,0.26,0.02,62624.0,47893301.0,0.92,7.68,7.61,7.61,7.63,2.57,0.08,13.17,1.29,62975575672.0,62975575672.0,0.0,-0.13,-2.42,-8.16
2990,688767,博拓生物,45.5,0.26,0.12,1979.0,8970871.0,0.99,45.58,45.13,45.5,45.38,3.03,0.19,138.95,2.1,4853333349.0,4853333349.0,0.57,0.09,22.25,39.87
2991,603281,江瀚新材,23.32,0.26,0.06,2227.0,5182180.0,0.86,23.4,23.2,23.26,23.26,1.96,0.09,22.53,1.73,8706133349.0,5869502121.0,0.0,0.09,-4.19,-4.43
2992,002454,松芝股份,7.66,0.26,0.02,15160.0,11553506.0,1.18,7.68,7.59,7.62,7.64,1.27,0.24,12.91,1.2,4814935056.0,4802660886.0,0.13,0.39,10.22,15.19
2993,300080,易成新能,3.83,0.26,0.01,17647.0,6763097.0,0.79,3.85,3.82,3.84,3.82,1.18,0.09,-37.35,1.41,7175047070.0,7162562388.0,-0.26,0.0,-4.49,-12.36
2994,600560,金自天正,15.41,0.26,0.04,4244.0,6526463.0,0.85,15.44,15.31,15.38,15.37,1.07,0.19,116.19,3.62,3446377155.0,3446377155.0,0.0,0.0,-10.46,5.26
2995,300609,汇纳科技,30.54,0.26,0.08,14670.0,44490968.0,2.76,30.8,29.96,30.45,30.46,2.62,1.22,-347.64,3.58,3668293379.0,3661541779.0,0.0,0.26,19.34,23.94
2996,001326,联域股份,34.08,0.26,0.09,1427.0,4850462.0,1.41,34.28,33.8,33.99,33.99,1.18,0.59,52.49,2.05,2494656000.0,821441418.0,0.0,0.32,2.13,1.73
2997,002191,劲嘉股份,3.84,0.26,0.01,27235.0,10474037.0,1.04,3.87,3.83,3.85,3.83,1.54,0.19,20.92,0.84,5574830723.0,5532766218.0,-0.26,-0.26,2.67,-8.57
2998,603180,金牌家居,18.96,0.26,0.05,1830.0,3467044.0,0.42,18.98,18.9,18.95,18.91,1.81,0.12,20.95,1.04,2924714388.0,2924714388.0,0.05,0.0,-0.11,-9.76
2999,603826,坤彩科技,19.28,0.26,0.05,1401.0,2700520.0,0.42,19.31,19.23,19.28,19.23,0.85,0.02,132.41,6.64,12632256000.0,12632256000.0,-0.05,-0.05,0.16,0.16
3000,300107,建新股份,7.75,0.26,0.02,29747.0,23230817.0,2.33,7.91,7.73,7.78,7.73,2.55,0.86,676.95,2.91,4360032727.0,2690689919.0,-0.26,-0.13,-18.08,-17.73
3001,603987,康德莱,7.64,0.26,0.02,13507.0,10283547.0,0.79,7.64,7.58,7.64,7.62,2.28,0.31,13.74,1.32,3337082323.0,3337082323.0,0.26,0.39,3.66,6.41
3002,002088,鲁阳节能,11.67,0.26,0.03,4163.0,4852539.0,0.52,11.68,11.62,11.67,11.64,1.58,0.08,24.93,2.03,5988140579.0,5890900129.0,0.17,0.09,-4.42,-8.76
3003,002430,杭氧股份,19.25,0.26,0.05,12775.0,24614610.4,1.25,19.35,19.11,19.2,19.2,2.47,0.13,20.95,2.02,18941156850.0,18676163371.0,0.0,-0.21,-2.78,-10.47
3004,600388,龙净环保,11.47,0.26,0.03,7343.0,8410974.0,1.05,11.51,11.39,11.44,11.44,1.0,0.06,19.67,1.45,14567430981.0,14567430981.0,0.0,-0.17,-8.61,-7.28
3005,002551,尚荣医疗,3.8,0.26,0.01,74448.0,28103376.0,1.32,3.81,3.76,3.79,3.79,1.45,1.22,57.52,1.21,3212879396.0,2321865018.0,0.53,0.8,12.43,23.38
3006,603458,勘设股份,7.82,0.26,0.02,17951.0,13986317.0,2.31,7.91,7.73,7.9,7.8,2.3,0.59,-30.69,0.8,2393893699.0,2393893699.0,0.77,0.9,18.66,35.29
3007,605018,长华集团,11.61,0.26,0.03,10629.0,12276204.0,1.73,11.65,11.45,11.6,11.58,0.84,0.23,201.39,2.0,5470931457.0,5457463857.0,0.0,0.69,-8.65,32.23
3008,603107,XD上海汽,15.29,0.26,0.04,3839.0,5876055.0,0.92,15.4,15.26,15.4,15.25,1.81,0.18,28.26,2.55,5157852150.0,3335880429.0,-0.13,-0.13,-7.0,-7.0
3009,600803,新奥股份,19.25,0.26,0.05,6806.0,13112122.0,0.63,19.32,19.2,19.22,19.2,1.09,0.02,15.26,2.41,59618936435.0,54295753089.0,-0.16,-0.21,-1.69,-11.21
3010,600520,三佳科技,27.55,0.25,0.07,3507.0,9645479.0,0.8,27.6,27.38,27.58,27.48,1.25,0.22,-255.85,11.6,4364746500.0,4364746500.0,0.0,-0.07,-18.92,-9.67
3011,603303,得邦照明,11.8,0.25,0.03,2948.0,3490062.0,1.78,11.95,11.74,11.81,11.77,2.21,0.06,22.75,1.72,5627945985.0,5627945985.0,0.34,0.25,-1.34,6.88
3012,300572,安车检测,20.08,0.25,0.05,17934.0,35912419.0,2.4,20.31,19.83,20.04,20.03,1.38,0.98,-284.9,2.57,4598095345.0,3686618945.0,0.3,-0.1,17.91,11.12
3013,688282,理工导航,40.88,0.25,0.1,911.0,3733954.0,1.03,41.25,40.83,40.85,40.78,1.58,0.25,-85.52,2.82,3597440000.0,1492937600.0,-0.17,-0.41,20.88,32.3
3014,000949,新乡化纤,3.96,0.25,0.01,22821.0,9019218.0,0.51,3.96,3.94,3.94,3.95,0.77,0.13,60.88,1.03,6733306491.0,6731393308.0,0.25,0.25,-11.61,-1.25
3015,300463,迈克生物,12.0,0.25,0.03,17115.0,20537862.0,1.17,12.07,11.93,11.98,11.97,3.0,0.35,76.62,1.16,7349635080.0,5898057804.0,0.08,0.17,-6.25,-8.4
3016,002957,科瑞技术,15.88,0.25,0.04,9557.0,15181798.0,0.76,15.96,15.84,15.84,15.84,0.94,0.23,37.68,2.18,6669321560.0,6511202812.0,0.06,0.0,-7.57,1.21
3017,603339,四方科技,11.87,0.25,0.03,3040.0,3603807.0,0.93,11.91,11.8,11.89,11.84,1.29,0.1,18.77,1.4,3673066747.0,3673066747.0,0.0,-0.08,-10.21,-6.09
3018,603105,芯能科技,8.14,0.25,0.02,8966.0,7298915.0,0.74,8.17,8.11,8.12,8.12,2.22,0.18,36.9,2.06,4070052430.0,4070052430.0,0.12,0.0,-4.12,-7.6
3019,603488,展鹏科技,7.88,0.25,0.02,8531.0,6727388.0,0.76,7.92,7.86,7.89,7.86,1.6,0.29,-38.03,2.38,2300884667.0,2300884667.0,-0.13,0.0,-0.63,1.03
3020,688268,华特气体,47.98,0.25,0.12,2793.0,13403577.0,0.92,48.19,47.75,47.91,47.86,1.64,0.23,32.53,3.15,5776084823.0,5768312063.0,-0.12,-0.1,-2.58,4.49
3021,301566,达利凯普,16.08,0.25,0.04,7983.0,12846440.0,1.31,16.21,16.0,16.08,16.04,1.17,0.38,31.22,4.67,6432160800.0,3394275326.0,-0.12,-0.12,0.82,-1.83
3022,600863,内蒙华电,4.07,0.25,0.01,200456.0,81549654.0,1.23,4.09,4.04,4.05,4.06,4.59,0.31,8.93,1.54,26564433391.0,26564433391.0,-0.25,0.49,4.63,-6.0
3023,002066,瑞泰科技,11.81,0.25,0.03,10555.0,12380964.0,3.14,11.87,11.5,11.78,11.78,1.46,0.46,41.37,3.73,2728110000.0,2728110000.0,0.17,0.17,9.66,4.24
3024,600657,信达地产,3.94,0.25,0.01,17066.0,6718961.0,1.02,3.95,3.91,3.93,3.93,1.38,0.06,-13.44,0.48,11236401664.0,11236401664.0,-0.25,-0.25,-14.9,-5.29
3025,300354,东华测试,39.5,0.25,0.1,3277.0,12927283.56,1.09,39.68,39.25,39.5,39.4,0.9,0.4,47.3,7.21,5463647940.0,3207400000.0,0.03,0.03,-16.77,14.13
3026,000792,盐湖股份,15.81,0.25,0.04,37785.0,59786765.0,0.51,15.85,15.77,15.79,15.77,1.68,0.07,18.27,2.22,83659761873.0,83659330339.0,0.0,-0.06,-4.24,-3.95
3027,300614,百川畅银,12.02,0.25,0.03,5440.0,6523989.0,1.42,12.09,11.92,11.92,11.99,2.02,0.34,-41.29,1.74,1928433941.0,1928433941.0,0.0,0.25,10.78,26.79
3028,000581,威孚高科,19.91,0.25,0.05,16074.0,31956608.08,0.4,19.92,19.84,19.86,19.86,1.45,0.2,14.0,0.98,19849997094.0,16407186892.0,0.05,0.0,-4.6,5.46
3029,600883,博闻科技,7.91,0.25,0.02,9274.0,7309027.0,1.39,7.95,7.84,7.93,7.89,1.69,0.39,76.53,1.9,1867456080.0,1867456080.0,0.0,0.51,14.64,20.76
3030,300793,佳禾智能,16.22,0.25,0.04,19743.0,31998520.0,0.93,16.28,16.13,16.16,16.18,1.54,0.53,97.82,2.07,6172121858.0,6034924988.0,0.0,-0.31,-22.28,-17.2
3031,000858,五 粮 液,124.99,0.25,0.31,35805.0,446726221.29,0.9,125.22,124.1,124.68,124.68,1.88,0.09,8.16,3.27,485162184545.0,485143617655.0,0.08,-0.02,-2.81,-9.07
3032,002599,盛通股份,8.51,0.24,0.02,33782.0,28708441.0,1.06,8.55,8.46,8.52,8.49,0.84,0.84,-114.67,3.75,4574862962.0,3428795298.0,0.0,0.0,-26.38,14.84
3033,301039,中集车辆,8.37,0.24,0.02,13511.0,11305374.0,0.6,8.4,8.35,8.36,8.35,1.07,0.09,21.96,1.11,15686421395.0,12167301600.0,-0.12,-0.12,-3.35,-7.51
3034,300082,奥克股份,8.38,0.24,0.02,532111.0,467252486.53,12.92,9.33,8.25,8.65,8.36,10.75,7.85,-434.07,2.07,5699222916.0,5683380844.0,0.48,-1.41,24.52,33.65
3035,301019,宁波色母,16.86,0.24,0.04,2497.0,4208549.0,0.71,16.91,16.79,16.79,16.82,1.32,0.22,28.18,2.52,2832479916.0,1879314416.0,-0.06,0.18,2.8,-1.63
3036,601678,滨化股份,4.15,0.24,0.01,31792.0,13135680.0,0.72,4.15,4.12,4.13,4.14,1.28,0.16,22.23,0.74,8535870545.0,8423820545.0,0.24,0.48,9.79,10.67
3037,688334,西高院,16.96,0.24,0.04,2940.0,4984411.0,0.71,17.0,16.88,16.97,16.92,1.69,0.19,21.32,1.92,5369187743.0,2607411795.0,0.06,0.0,-1.28,4.5
3038,002238,天威视讯,8.49,0.24,0.02,10684.0,9042813.0,1.06,8.5,8.41,8.45,8.47,0.93,0.13,-169.38,3.02,6813727268.0,6813727268.0,0.0,0.24,-4.18,5.73
3039,002872,ST天圣,4.26,0.24,0.01,2647.0,1127313.0,0.71,4.27,4.24,4.26,4.25,0.89,0.12,-27.28,0.68,1354680000.0,915551251.0,0.0,0.0,12.11,-6.17
3040,002877,智能自控,8.5,0.24,0.02,5029.0,4273770.0,0.71,8.53,8.47,8.47,8.48,1.11,0.21,138.75,2.62,3007942039.0,2027645174.0,0.0,0.12,-4.17,2.53
3041,601065,江盐集团,8.34,0.24,0.02,6325.0,5279789.0,0.36,8.36,8.33,8.34,8.32,1.86,0.15,17.94,1.2,5360752499.0,3471575699.0,0.0,-0.12,-2.8,-4.9
3042,000685,中山公用,8.53,0.24,0.02,7598.0,6477724.0,0.47,8.55,8.51,8.53,8.51,1.24,0.06,10.33,0.73,12582699824.0,10696297233.0,-0.12,0.0,-4.05,-3.94
3043,837046,XD亿能电,16.48,0.24,0.04,3021.0,4973470.43,1.4,16.56,16.33,16.56,16.44,1.18,0.59,71.15,6.86,1666952000.0,847710386.0,0.12,0.3,-8.04,9.72
3044,002641,公元股份,4.12,0.24,0.01,5659.0,2329722.0,0.49,4.13,4.11,4.13,4.11,0.84,0.05,-33.02,0.93,5063866749.0,4672057970.0,0.24,0.0,-6.36,-6.36
3045,600282,南钢股份,4.17,0.24,0.01,41272.0,17240509.0,0.96,4.19,4.15,4.16,4.16,1.43,0.07,11.11,0.99,25708429516.0,25708429516.0,0.0,-0.24,-10.71,-9.54
3046,603183,建研院,4.14,0.24,0.01,21161.0,8752989.0,1.21,4.17,4.12,4.15,4.13,2.56,0.43,-60.98,1.3,2058214459.0,2058214459.0,0.0,0.24,8.09,8.09
3047,688552,航天南湖,33.2,0.24,0.08,37195.0,124207219.0,3.56,34.05,32.87,32.87,33.12,2.85,4.28,49.46,4.28,11196633600.0,2882674693.0,0.12,0.3,68.7,98.8
3048,832171,志晟信息,29.82,0.24,0.07,22047.0,65219977.92,4.34,30.3,29.01,29.01,29.75,2.72,3.34,-154.7,14.28,2988955068.0,1965943379.0,-0.1,-0.7,1.19,43.3
3049,300338,*ST开元,4.2,0.24,0.01,5643.0,2363009.0,0.72,4.21,4.18,4.2,4.19,1.1,0.16,-23.73,199.52,1691023706.0,1467422216.0,0.24,0.24,23.53,-13.58
3050,600369,西南证券,4.2,0.24,0.01,40203.0,16862388.0,0.72,4.21,4.18,4.19,4.19,1.69,0.06,28.42,1.07,27909458321.0,26523458321.0,0.0,0.0,-4.33,-10.06
3051,830964,润农节水,8.5,0.24,0.02,7032.0,5949255.93,0.83,8.5,8.43,8.49,8.48,0.7,0.53,109.66,2.48,2220268000.0,1125037713.0,0.24,0.47,-1.85,21.08
3052,601921,浙版传媒,8.31,0.24,0.02,22621.0,18802202.0,0.97,8.34,8.26,8.26,8.29,2.26,0.1,28.61,1.33,18466666673.0,18466666673.0,0.0,0.0,0.85,5.46
3053,300830,金现代,8.42,0.24,0.02,7677.0,6468945.0,0.95,8.47,8.39,8.41,8.4,1.01,0.24,-111.23,3.06,3621678425.0,2657117116.0,-0.12,-0.12,-7.98,3.44
3054,300889,爱克股份,16.96,0.24,0.04,4824.0,8202503.0,1.77,17.2,16.9,16.9,16.92,2.18,0.46,-42.39,1.79,2645760000.0,1787340488.0,-0.06,-0.06,10.78,22.99
3055,688151,华强科技,16.9,0.24,0.04,2903.0,4900679.0,0.65,16.92,16.81,16.84,16.86,2.15,0.28,772.93,1.39,5822050000.0,1726389080.0,0.12,0.0,-6.37,9.1
3056,002648,卫星化学,17.02,0.24,0.04,67795.0,115458739.13,0.88,17.11,16.96,17.02,16.98,1.37,0.2,9.14,1.9,57334349644.0,57297531895.0,-0.06,-0.29,-19.91,-9.42
3057,603949,雪龙集团,20.84,0.24,0.05,16892.0,35107319.0,1.83,20.94,20.56,20.67,20.79,0.89,0.8,61.89,4.34,4400088411.0,4380677910.0,0.0,0.39,50.8,75.27
3058,000551,创元科技,12.33,0.24,0.03,7364.0,9067735.0,0.98,12.37,12.25,12.28,12.3,1.42,0.18,15.67,1.85,4980632048.0,4964453103.0,-0.08,0.0,-4.93,3.09
3059,600196,复星医药,25.33,0.24,0.06,55096.0,139079977.0,1.19,25.39,25.09,25.3,25.27,2.13,0.26,22.11,1.41,67641974802.0,53661321937.0,0.28,0.4,2.18,1.93
3060,920819,颖泰生物,4.42,0.23,0.01,25033.0,11049230.15,0.91,4.44,4.4,4.44,4.41,0.68,0.21,576.78,1.07,5418036000.0,5337514650.0,0.0,-0.23,16.32,24.51
3061,000514,渝 开 发,4.43,0.23,0.01,23673.0,10477390.0,1.13,4.46,4.41,4.41,4.42,1.61,0.28,5.2,0.98,3737905375.0,3737905375.0,0.23,0.0,7.26,7.79
3062,000100,TCL科技,4.28,0.23,0.01,177186.0,75828005.55,0.7,4.29,4.26,4.27,4.27,0.95,0.1,19.84,1.5,80374465683.0,77466380859.0,0.0,-0.23,-10.65,-14.91
3063,002164,宁波东力,8.76,0.23,0.02,50300.0,43868598.0,1.14,8.78,8.68,8.74,8.74,1.27,1.05,73.54,3.36,4661841516.0,4202830910.0,-0.11,-0.23,26.41,74.85
3064,002507,涪陵榨菜,13.29,0.23,0.03,28720.0,38093594.81,0.68,13.3,13.21,13.26,13.26,2.4,0.25,14.08,1.81,15335583882.0,15269073904.0,0.08,0.08,3.75,-3.06
3065,600522,中天科技,13.23,0.23,0.03,60362.0,79876115.0,0.61,13.27,13.19,13.24,13.2,2.03,0.18,17.99,1.27,45153323896.0,45153323896.0,-0.15,-0.23,-5.84,-7.61
3066,300161,华中数控,26.17,0.23,0.06,4205.0,10989227.96,0.69,26.22,26.04,26.11,26.11,1.19,0.22,-22.34,3.38,5199898030.0,5103016612.0,-0.04,-0.04,-21.53,-0.65
3067,688185,康希诺,60.55,0.23,0.14,2778.0,16777288.0,0.98,60.69,60.1,60.41,60.41,1.82,0.24,-324.44,3.06,14983091384.0,6949868389.0,0.22,0.45,-3.35,-0.82
3068,600228,*ST返利,4.32,0.23,0.01,19237.0,8294120.0,2.09,4.36,4.27,4.27,4.31,0.9,0.46,-32.39,4.08,1811256669.0,1807043805.0,-0.23,-0.23,-9.43,-29.98
3069,600966,博汇纸业,4.44,0.23,0.01,6317.0,2801873.0,0.68,4.45,4.42,4.43,4.43,0.96,0.05,27.8,0.87,5935588639.0,5935588639.0,0.0,0.0,-5.33,-13.95
3070,603615,茶花股份,21.37,0.23,0.05,5553.0,11835576.0,1.41,21.45,21.15,21.15,21.32,1.78,0.23,-874.71,4.55,5167693400.0,5167693400.0,-0.28,0.23,-16.78,-6.6
3071,000690,宝新能源,4.3,0.23,0.01,59895.0,25810201.0,0.93,4.33,4.29,4.3,4.29,1.78,0.28,7.81,0.77,9356317807.0,9350226913.0,-0.46,0.0,6.7,-0.69
3072,688123,聚辰股份,73.94,0.23,0.17,2987.0,22045229.0,1.04,74.28,73.51,73.51,73.77,1.08,0.19,29.38,5.14,11691083657.0,11691083657.0,0.03,-0.08,-6.98,27.0
3073,688101,三达膜,12.92,0.23,0.03,1392.0,1795767.0,0.7,12.95,12.86,12.93,12.89,0.92,0.04,14.07,1.04,4289595893.0,4289595893.0,0.0,0.0,-6.17,-1.3
3074,301617,博苑股份,35.31,0.23,0.08,1325.0,4667961.8,0.77,35.35,35.08,35.22,35.23,1.06,0.42,24.04,2.89,4718828400.0,1118807872.0,0.2,0.23,-11.3,-9.32
3075,688367,工大高科,17.27,0.23,0.04,947.0,1637006.0,0.7,17.37,17.25,17.34,17.23,1.37,0.11,167.56,2.54,1513276842.0,1513276842.0,-0.06,0.06,2.86,12.43
3076,603230,内蒙新华,12.81,0.23,0.03,4806.0,6167099.0,0.78,12.9,12.8,12.84,12.78,1.75,0.14,7.33,1.56,4528629630.0,4528629630.0,-0.08,0.0,9.96,1.18
3077,000035,中国天楹,4.32,0.23,0.01,12416.0,5356733.0,0.46,4.32,4.3,4.31,4.31,0.65,0.05,25.58,0.99,10803383346.0,10479430452.0,0.0,0.23,-6.09,-11.29
3078,300505,川金诺,17.38,0.23,0.04,38338.0,66149274.5,1.9,17.46,17.13,17.26,17.34,2.37,1.76,16.58,1.89,4777197550.0,3777738038.0,0.0,0.17,11.7,23.26
3079,002171,楚江新材,8.71,0.23,0.02,45287.0,39520254.2,1.04,8.76,8.67,8.69,8.69,2.07,0.3,24.93,1.72,13139442245.0,13059341583.0,0.0,-0.23,-8.03,6.22
3080,002606,大连电瓷,8.57,0.23,0.02,13553.0,11626639.0,1.29,8.64,8.53,8.59,8.55,1.37,0.32,46.51,2.18,3762857495.0,3609187411.0,0.0,-0.12,-6.24,-6.85
3081,300891,惠云钛业,9.06,0.22,0.02,7946.0,7189174.0,0.77,9.08,9.01,9.08,9.04,0.87,0.24,88.34,2.81,3624071755.0,3011740330.0,0.0,0.44,4.26,11.03
3082,688056,莱伯泰科,31.99,0.22,0.07,776.0,2481619.0,1.54,32.32,31.83,31.92,31.92,1.42,0.11,42.25,2.6,2157804195.0,2157804195.0,-0.28,0.09,1.78,9.71
3083,603095,越剑智能,22.9,0.22,0.05,2732.0,6261502.0,0.92,23.04,22.83,22.92,22.85,1.57,0.15,31.72,1.8,4231920000.0,4231920000.0,-0.26,-0.04,-1.72,4.04
3084,603722,XD阿科力,37.16,0.22,0.08,998.0,3704728.0,0.97,37.29,36.93,36.98,37.08,0.63,0.1,-184.22,3.88,3556216496.0,3556216496.0,-0.19,-0.13,-13.84,-11.31
3085,002521,齐峰新材,9.11,0.22,0.02,7279.0,6641382.76,0.99,9.18,9.09,9.1,9.09,2.6,0.18,71.3,1.32,5102156166.0,3669779314.0,-0.11,-0.11,3.88,-6.28
3086,601118,海南橡胶,4.59,0.22,0.01,19640.0,9002503.0,0.44,4.59,4.57,4.59,4.58,1.09,0.05,-45.31,2.01,19642573588.0,19642573588.0,0.22,0.0,-9.65,-15.16
3087,600133,东湖高新,9.29,0.22,0.02,16214.0,15044951.0,1.08,9.31,9.21,9.21,9.27,1.18,0.15,-904.27,1.12,9905368439.0,9905368439.0,0.11,0.11,-1.28,-0.64
3088,600516,方大炭素,4.61,0.22,0.01,9940.0,4585855.0,0.43,4.62,4.6,4.6,4.6,0.8,0.02,668.45,1.15,18559723396.0,18559723396.0,0.0,-0.22,-10.14,-4.55
3089,603500,祥和实业,9.02,0.22,0.02,11931.0,10756081.0,1.22,9.07,8.96,8.96,9.0,1.38,0.36,21.3,3.05,3019755640.0,2993137890.0,0.0,0.33,22.72,17.14
3090,000932,华菱钢铁,4.61,0.22,0.01,142048.0,65626530.0,1.74,4.67,4.59,4.63,4.6,1.64,0.21,14.17,0.59,31848795820.0,31848399748.0,0.0,0.0,-8.53,10.29
3091,001218,丽臣实业,17.9,0.22,0.04,2121.0,3790438.0,0.78,17.96,17.82,17.88,17.86,1.47,0.19,21.06,1.04,2330190854.0,2022682637.0,0.06,0.11,9.28,3.89
3092,002373,千方科技,9.25,0.22,0.02,35281.0,32665488.0,0.87,9.3,9.22,9.25,9.23,1.29,0.26,16.54,1.28,14616740989.0,12742745666.0,-0.11,-0.11,-10.02,-8.78
3093,300124,汇川技术,64.98,0.22,0.14,25884.0,168152404.16,1.06,65.27,64.58,64.84,64.84,1.83,0.11,33.1,6.15,175140396656.0,155137445029.0,-0.02,-0.17,-14.89,10.93
3094,603650,彤程新材,32.35,0.22,0.07,12735.0,41320394.0,1.15,32.65,32.28,32.28,32.28,1.53,0.21,30.25,6.29,19376741936.0,19269370894.0,0.06,-0.03,-7.01,-6.15
3095,300260,新莱应材,31.58,0.22,0.07,28550.0,89756396.36,1.27,31.67,31.27,31.49,31.51,0.98,0.99,63.15,6.45,12878537228.0,9083574723.0,-0.06,0.16,28.48,16.57
3096,000589,贵州轮胎,4.53,0.22,0.01,13675.0,6190492.0,0.44,4.54,4.52,4.52,4.52,1.18,0.09,26.63,0.8,7042738470.0,6963361998.0,0.22,0.22,-5.03,-9.94
3097,000571,新大洲A,4.54,0.22,0.01,17395.0,7852489.0,1.32,4.55,4.49,4.49,4.53,1.08,0.21,-28.51,19.37,3809645660.0,3695539343.0,0.0,0.44,21.07,29.34
3098,002671,龙泉股份,4.5,0.22,0.01,19880.0,8953974.0,0.89,4.52,4.48,4.48,4.49,1.1,0.36,-43.17,1.55,2536624557.0,2477639466.0,0.0,0.22,0.67,-0.66
3099,600879,航天电子,9.16,0.22,0.02,182313.0,166513636.0,1.64,9.21,9.06,9.1,9.14,3.57,0.55,254.25,1.46,30221581899.0,30221581899.0,0.11,0.22,-4.28,2.23
3100,002631,德尔未来,4.59,0.22,0.01,23499.0,10753051.74,0.87,4.6,4.56,4.59,4.58,1.89,0.3,-28.15,1.64,3659528424.0,3642497096.0,0.44,0.22,1.32,3.61
3101,000812,陕西金叶,4.58,0.22,0.01,38746.0,17783700.0,1.31,4.61,4.55,4.58,4.57,2.45,0.5,54.74,1.93,3520612172.0,3518177243.0,-0.22,-0.43,-0.43,-0.43
3102,600791,京能置业,4.54,0.22,0.01,12179.0,5537853.0,1.77,4.59,4.51,4.54,4.53,1.79,0.27,-4.79,3.58,2056075200.0,2053504180.0,0.0,0.22,8.35,10.73
3103,300803,指南针,58.39,0.22,0.13,27067.0,158220624.2,1.72,58.9,57.9,58.0,58.26,2.11,0.46,62.98,15.65,34932207253.0,34493326876.0,-0.17,-0.43,-6.32,-11.76
3104,300005,探路者,9.16,0.22,0.02,70306.0,64086753.82,1.64,9.2,9.05,9.05,9.14,1.39,0.8,41.03,3.85,8094712024.0,8091158860.0,-0.22,0.22,14.5,30.67
3105,605168,三人行,27.63,0.22,0.06,3868.0,10666497.0,1.31,27.76,27.4,27.55,27.57,2.11,0.18,19.82,2.23,5824873323.0,5824873323.0,0.04,-0.07,-6.08,-21.51
3106,600217,中再资环,4.49,0.22,0.01,11517.0,5164632.0,0.45,4.5,4.48,4.48,4.48,0.73,0.07,-909.34,2.16,7442864992.0,7442864992.0,0.22,0.0,-15.12,-15.28
3107,001286,陕西能源,9.01,0.22,0.02,12269.0,11033638.0,0.44,9.01,8.97,9.0,8.99,1.66,0.12,12.01,1.32,33787500000.0,9460500000.0,0.0,0.22,2.15,-2.38
3108,002557,洽洽食品,23.19,0.22,0.05,13304.0,30829452.68,0.61,23.24,23.1,23.12,23.14,2.04,0.26,37.96,2.11,11730779583.0,11705694381.0,0.17,-0.04,-10.22,-19.37
3109,688176,亚虹医药-U,9.3,0.22,0.02,42243.0,39081920.0,2.48,9.34,9.11,9.28,9.28,2.54,1.12,-15.87,2.8,5301000000.0,3518012863.0,0.11,0.54,13.0,36.97
3110,301172,君逸数码,27.21,0.22,0.06,1907.0,5175436.0,1.03,27.28,27.0,27.28,27.15,1.43,0.27,460.94,2.3,3352272000.0,1919589312.0,0.04,0.15,-8.54,1.38
3111,603506,南都物业,13.92,0.22,0.03,128828.0,183523654.0,10.51,14.98,13.52,13.99,13.89,8.23,6.86,22.16,2.33,2613866684.0,2613866684.0,0.87,1.68,42.48,63.57
3112,300627,华测导航,46.09,0.22,0.1,13986.0,64477936.83,1.46,46.4,45.73,45.74,45.99,1.62,0.3,44.82,6.67,25592576540.0,21167481908.0,0.37,-0.39,8.99,10.26
3113,688588,凌志软件,13.44,0.22,0.03,9106.0,12206733.0,1.12,13.46,13.31,13.41,13.41,1.22,0.23,20.51,4.08,5376134440.0,5376134440.0,0.07,0.07,0.45,-2.61
3114,300668,杰恩设计,17.84,0.22,0.04,1258.0,2239628.0,1.24,17.92,17.7,17.76,17.8,1.3,0.14,-331.46,2.92,2147601910.0,1655517426.0,0.0,0.51,1.59,-21.27
3115,300597,吉大通信,8.92,0.22,0.02,8367.0,7454882.9,1.01,8.95,8.86,8.87,8.9,1.9,0.31,-184.08,2.38,2431324668.0,2420640363.0,-0.11,0.0,-7.76,1.94
3116,002758,浙农股份,9.28,0.22,0.02,10111.0,9369088.5,1.19,9.33,9.22,9.3,9.26,1.46,0.2,20.68,1.05,4838585495.0,4810348775.0,0.11,0.0,7.53,9.69
3117,300074,华平股份,4.46,0.22,0.01,26066.0,11632508.0,1.35,4.5,4.44,4.45,4.45,1.32,0.48,-35.7,2.41,2425304292.0,2417910004.0,0.0,0.0,-11.86,12.06
3118,600604,市北高新,4.46,0.22,0.01,21685.0,9687854.0,1.12,4.49,4.44,4.44,4.45,1.31,0.15,-53.17,1.31,8354939426.0,6277248426.0,0.0,0.0,-8.61,-6.3
3119,300461,田中精机,19.45,0.21,0.04,4866.0,9434714.0,1.49,19.55,19.26,19.36,19.41,1.05,0.43,-94.16,5.88,3029175909.0,2217470479.0,0.0,0.05,-8.34,4.23
3120,603053,成都燃气,9.63,0.21,0.02,2540.0,2445506.0,0.62,9.64,9.58,9.59,9.61,1.28,0.03,11.93,1.76,8560010700.0,8560010700.0,0.0,0.0,5.59,-3.99
3121,605117,德业股份,81.66,0.21,0.17,9601.0,78251267.0,1.09,81.93,81.04,81.49,81.49,1.86,0.15,18.69,5.11,52749627493.0,52749627493.0,-0.02,0.05,-9.65,-3.7
3122,600171,上海贝岭,33.23,0.21,0.07,20114.0,66819793.0,0.75,33.35,33.1,33.25,33.16,1.3,0.28,153.43,5.3,23557521359.0,23557521359.0,0.0,-0.18,-10.04,-16.26
3123,002547,春兴精工,4.67,0.21,0.01,89737.0,41985422.0,1.29,4.72,4.66,4.67,4.66,0.83,0.81,-28.37,2517.77,5268026975.0,5159449465.0,0.0,-0.21,-7.71,14.18
3124,600718,东软集团,9.75,0.21,0.02,29719.0,28951524.0,0.62,9.77,9.71,9.77,9.73,1.86,0.25,-242.67,1.23,11736108813.0,11736108813.0,-0.1,-0.1,-14.1,-9.47
3125,002410,广联达,14.2,0.21,0.03,43195.0,61390465.46,1.06,14.28,14.13,14.2,14.17,1.86,0.27,196.55,4.08,23457609656.0,22550751322.0,0.14,-0.14,3.88,22.31
3126,301589,诺瓦星云,137.77,0.21,0.29,502.0,6927119.56,1.0,138.39,137.01,137.48,137.48,1.36,0.15,31.13,3.49,12736560960.0,4748237539.0,0.01,-0.09,-18.2,-20.35
3127,300288,朗玛信息,14.33,0.21,0.03,13268.0,18949376.0,1.19,14.35,14.18,14.35,14.3,1.39,0.52,186.39,4.46,4842700291.0,3676639373.0,0.0,-0.07,-17.22,-1.98
3128,002083,孚日股份,4.67,0.21,0.01,14017.0,6547863.0,0.86,4.69,4.65,4.67,4.66,0.96,0.15,8.67,1.0,4420804186.0,4419048266.0,0.0,0.0,0.65,-1.68
3129,600668,尖峰集团,14.3,0.21,0.03,14769.0,21075261.0,0.98,14.35,14.21,14.31,14.27,1.22,0.43,2.11,0.86,4920398740.0,4920398740.0,-0.07,-0.07,43.43,40.89
3130,601966,玲珑轮胎,14.49,0.21,0.03,20446.0,29599010.0,0.48,14.51,14.44,14.45,14.46,1.18,0.14,15.57,0.96,21206153877.0,21206153877.0,0.07,0.0,-16.44,-19.68
3131,000520,凤凰航运,4.75,0.21,0.01,50864.0,23990883.0,1.27,4.76,4.7,4.7,4.74,1.36,0.5,-479.95,10.53,4807396411.0,4807396411.0,0.0,0.21,-1.04,1.5
3132,688303,大全能源,18.89,0.21,0.04,6475.0,12256302.0,0.95,19.0,18.82,18.85,18.85,1.4,0.12,-18.15,1.02,40522936126.0,10440611126.0,-0.11,-0.21,-10.0,-21.75
3133,300292,吴通控股,4.7,0.21,0.01,54286.0,25478055.0,1.07,4.72,4.67,4.69,4.69,1.84,0.49,44.92,4.46,6306295378.0,5244940621.0,0.0,-0.21,-13.6,-3.09
3134,688528,秦川物联,9.66,0.21,0.02,1468.0,1417050.0,1.24,9.72,9.6,9.72,9.64,1.55,0.09,-13.59,3.15,1622880000.0,1622880000.0,-0.21,0.21,2.33,10.4
3135,600876,凯盛新能,9.74,0.21,0.02,3109.0,3025949.0,0.72,9.77,9.7,9.73,9.72,1.36,0.08,-12.56,1.62,6288874140.0,3853874140.0,0.1,0.21,7.27,2.63
3136,001219,青岛食品,14.32,0.21,0.03,20868.0,29928749.34,1.4,14.43,14.23,14.29,14.29,4.26,1.1,23.47,2.64,2792167300.0,2719675078.0,-0.21,-0.42,11.96,4.3
3137,603069,海汽集团,18.88,0.21,0.04,14217.0,26812784.0,1.27,18.99,18.75,18.84,18.84,2.09,0.45,-76.42,7.55,5966080000.0,5966080000.0,0.16,0.05,0.59,3.4
3138,688697,纽威数控,19.06,0.21,0.04,2642.0,5036870.0,0.58,19.12,19.01,19.05,19.02,1.32,0.08,25.37,3.46,6226267302.0,6226267302.0,0.05,-0.1,-4.46,14.54
3139,603178,圣龙股份,19.49,0.21,0.04,12692.0,24704655.0,1.29,19.55,19.3,19.42,19.45,0.95,0.54,-37.23,3.64,4607667561.0,4607667561.0,-0.1,0.05,-12.13,0.41
3140,603867,新化股份,24.06,0.21,0.05,2401.0,5766196.0,0.96,24.1,23.87,24.1,24.01,0.86,0.12,16.2,1.92,4638142175.0,4638142175.0,-0.04,0.0,-6.09,-1.31
3141,301626,苏州天脉,70.32,0.21,0.15,1672.0,11778158.98,1.08,70.96,70.2,70.46,70.17,1.38,0.64,37.38,5.46,8134617600.0,1830288960.0,-0.06,-0.14,-22.93,-24.82
3142,002793,罗欣药业,4.73,0.21,0.01,77183.0,36352998.0,2.75,4.79,4.66,4.75,4.72,2.97,0.71,227.58,3.69,5144293539.0,5136491205.0,0.42,1.07,31.75,23.82
3143,600872,中炬高新,18.83,0.21,0.04,9077.0,17092016.0,0.48,18.87,18.78,18.83,18.79,1.07,0.12,20.36,2.54,14748077265.0,14517703099.0,-0.05,-0.05,-6.78,-14.49
3144,301421,波长光电,58.18,0.21,0.12,5880.0,34264917.0,2.46,59.11,57.68,57.68,58.06,0.95,1.27,258.46,5.67,6732473240.0,2694227657.0,0.28,0.48,10.19,8.4
3145,301038,深水规院,14.64,0.21,0.03,8893.0,12978380.8,1.23,14.68,14.5,14.68,14.61,1.22,0.4,-27.71,3.85,3265891200.0,3265891200.0,0.0,0.21,10.66,1.6
3146,603055,台华新材,9.66,0.21,0.02,9402.0,9072861.0,1.04,9.71,9.61,9.69,9.64,1.87,0.11,13.18,1.68,8600226835.0,8553472435.0,0.0,0.21,-10.56,-12.82
3147,600510,黑牡丹,4.85,0.21,0.01,14368.0,6969640.0,0.62,4.87,4.84,4.86,4.84,1.68,0.14,32.65,0.48,5005323466.0,5005323466.0,0.21,0.0,-4.9,1.68
3148,603010,万盛股份,9.91,0.2,0.02,2807.0,2778300.0,1.01,9.95,9.85,9.85,9.89,1.1,0.05,151.58,1.62,5842723857.0,5842723857.0,-0.1,0.0,-5.35,-2.75
3149,600399,抚顺特钢,5.07,0.2,0.01,44966.0,22776359.0,0.79,5.09,5.05,5.06,5.06,2.49,0.23,-19.96,1.6,9998547000.0,9998547000.0,0.0,0.2,-10.11,-12.59
3150,002403,爱仕达,14.81,0.2,0.03,26923.0,39769506.0,2.37,14.97,14.62,14.89,14.78,0.91,0.91,214.06,3.06,5044857355.0,4400961134.0,0.0,0.27,-17.12,4.52
3151,688586,江航装备,10.2,0.2,0.02,14944.0,15238165.0,1.08,10.25,10.14,10.15,10.18,1.79,0.19,100.78,3.3,8071659391.0,8071659391.0,0.2,-0.1,4.4,7.59
3152,002253,*ST智胜,10.07,0.2,0.02,27830.0,27829481.0,2.19,10.13,9.91,9.98,10.05,2.07,1.34,-44.63,2.04,2272054777.0,2092145516.0,-0.49,-0.49,-15.94,-27.13
3153,002206,海 利 得,5.12,0.2,0.01,28194.0,14400794.0,0.78,5.13,5.09,5.12,5.11,0.67,0.31,10.65,1.61,5950500966.0,4690814136.0,-0.19,0.0,22.78,24.27
3154,300172,中电环保,5.09,0.2,0.01,20674.0,10515246.0,0.79,5.11,5.07,5.09,5.08,0.95,0.39,29.41,1.83,3444453900.0,2664678050.0,0.0,0.0,2.83,1.8
3155,300667,必创科技,15.17,0.2,0.03,12038.0,18332467.0,1.78,15.41,15.14,15.21,15.14,1.08,0.7,-52.81,2.76,3104328712.0,2619075652.0,0.0,0.07,-12.51,-6.18
3156,002059,云南旅游,5.11,0.2,0.01,17864.0,9144449.0,0.78,5.14,5.1,5.12,5.1,2.19,0.18,-26.93,3.77,5173541894.0,5173541894.0,-0.2,-0.2,-6.24,-5.19
3157,300412,迦南科技,4.95,0.2,0.01,20812.0,10275789.4,1.01,4.96,4.91,4.94,4.94,1.85,0.44,-124.76,2.42,2463895353.0,2315915148.0,0.0,0.0,-11.29,7.14
3158,600153,建发股份,9.79,0.2,0.02,15412.0,15084273.0,0.51,9.81,9.76,9.77,9.77,0.89,0.05,12.35,0.52,28852062018.0,28386482414.0,-0.2,-0.1,-0.51,-0.31
3159,301309,万得凯,25.45,0.2,0.05,1185.0,3012805.0,0.59,25.48,25.33,25.4,25.4,1.03,0.47,18.79,1.6,2545000000.0,636250000.0,-0.08,-0.04,-2.38,5.3
3160,688259,创耀科技,40.17,0.2,0.08,3489.0,13983632.0,1.35,40.4,39.86,40.15,40.09,1.44,0.31,95.1,2.95,4486989000.0,4486989000.0,-0.05,0.22,-3.32,14.9
3161,600281,华阳新材,5.02,0.2,0.01,107478.0,53979130.0,2.99,5.1,4.95,5.07,5.01,1.99,2.09,6.53,16.13,2582298166.0,2582298166.0,0.6,0.4,32.11,53.52
3162,001356,富岭股份,14.77,0.2,0.03,9180.0,13545420.5,0.61,14.79,14.7,14.7,14.74,0.74,0.76,62.21,4.28,8704256400.0,1794112269.0,0.0,0.07,7.03,178.68
3163,601933,永辉超市,4.94,0.2,0.01,241094.0,118618924.0,1.01,4.95,4.9,4.93,4.93,1.8,0.27,75.95,9.83,44830682745.0,44830682745.0,-0.2,0.2,-1.0,-22.08
3164,301160,翔楼新材,83.1,0.2,0.17,2239.0,18482584.0,1.22,83.17,82.16,82.8,82.93,1.34,0.5,32.23,3.93,6735530393.0,3693050590.0,0.12,0.51,-8.51,49.46
3165,603275,众辰科技,40.88,0.2,0.08,2388.0,9722469.0,1.3,41.01,40.48,41.01,40.8,0.92,0.57,34.93,2.13,6081793269.0,1714607887.0,-0.05,0.37,-10.06,20.09
3166,688247,宣泰医药,10.17,0.2,0.02,13500.0,13714129.0,1.28,10.24,10.11,10.11,10.15,3.16,0.95,56.25,3.56,4610467800.0,1447410672.0,0.1,0.3,-3.33,1.09
3167,688557,兰剑智能,29.36,0.2,0.06,8510.0,24823424.0,2.42,29.6,28.89,29.6,29.3,1.19,0.83,456.07,2.56,3000826293.0,3000826293.0,0.17,-0.07,20.57,53.16
3168,300983,尤安设计,19.79,0.2,0.04,2605.0,5168549.59,1.37,20.0,19.73,20.0,19.75,2.1,0.22,-2965.55,1.2,3419712000.0,2340809982.0,-0.1,-0.3,12.7,17.03
3169,300098,高新兴,4.99,0.2,0.01,71996.0,35936632.19,1.0,5.02,4.97,4.98,4.98,1.15,0.47,-1102.51,3.27,8671533552.0,7693300699.0,-0.2,-0.2,-16.56,-8.94
3170,600925,苏能股份,5.07,0.2,0.01,6996.0,3541305.0,0.59,5.08,5.05,5.05,5.06,1.1,0.04,43.3,2.16,34926666667.0,8142666331.0,0.2,0.0,3.05,-4.34
3171,600463,空港股份,10.0,0.2,0.02,20174.0,20144442.0,0.7,10.02,9.95,9.96,9.98,0.98,0.67,199.77,3.04,3000000000.0,3000000000.0,-0.1,-0.1,-3.19,0.7
3172,601577,长沙银行,10.01,0.2,0.02,79358.0,79751825.0,1.3,10.11,9.98,9.99,9.99,2.55,0.2,4.63,0.59,40255753078.0,40247043086.0,-0.4,-0.6,14.01,12.6
3173,600976,健民集团,41.06,0.2,0.08,7535.0,30967779.0,0.81,41.32,40.99,41.0,40.98,2.4,0.49,14.29,2.62,6298546516.0,6294440516.0,-0.07,0.17,4.5,0.69
3174,300525,博思软件,14.94,0.2,0.03,21657.0,32227515.76,1.14,14.97,14.8,14.93,14.91,2.0,0.35,-44.61,4.52,11327661762.0,9290621895.0,-0.13,0.0,-19.59,-3.36
3175,601318,中国平安,53.96,0.2,0.11,108109.0,582825210.0,0.91,54.1,53.61,53.61,53.85,2.99,0.1,9.09,1.05,982624259394.0,580753009222.0,0.13,-0.07,7.11,2.49
3176,300962,中金辐照,15.4,0.2,0.03,3772.0,5806585.0,0.72,15.42,15.31,15.33,15.37,1.4,0.14,39.39,4.17,4065629214.0,4065629214.0,0.06,-0.06,2.6,-7.95
3177,603882,金域医学,29.6,0.2,0.06,8600.0,25322327.0,1.42,29.75,29.33,29.54,29.54,1.74,0.19,-123.38,1.99,13712444940.0,13619983479.0,0.24,0.41,-20.22,11.07
3178,301370,国科恒泰,10.22,0.2,0.02,10825.0,11051671.0,1.18,10.28,10.16,10.2,10.2,1.45,0.33,-134.31,1.98,4809532000.0,3308710293.0,0.0,0.1,-9.8,-4.66
3179,300097,ST智云,4.9,0.2,0.01,14050.0,6853949.0,1.02,4.91,4.86,4.88,4.89,2.39,0.52,-12.66,3.05,1413893378.0,1323048745.0,0.2,0.41,1.87,-8.24
3180,300217,东方电热,5.01,0.2,0.01,36544.0,18318534.0,0.6,5.03,5.0,5.03,5.0,1.14,0.3,41.25,1.78,7404664469.0,6147027075.0,-0.2,0.0,-1.18,11.09
3181,600199,金种子酒,10.11,0.2,0.02,9295.0,9397089.0,0.69,10.14,10.07,10.07,10.09,0.72,0.14,-42.71,3.12,6650325891.0,6650325891.0,0.1,0.1,-12.62,-23.98
3182,300795,米奥会展,15.29,0.2,0.03,4925.0,7541567.56,1.38,15.39,15.18,15.25,15.26,1.48,0.28,-31.05,9.01,4570087272.0,2649225000.0,-0.2,-0.26,-14.72,0.72
3183,688779,五矿新能,4.93,0.2,0.01,14253.0,7019714.0,0.81,4.94,4.9,4.9,4.92,1.37,0.07,-37.23,1.43,9511049152.0,9511049152.0,0.0,0.2,-6.45,-7.33
3184,000683,博源化工,5.05,0.2,0.01,51722.0,26116866.0,0.4,5.06,5.04,5.05,5.04,2.71,0.16,13.84,1.26,18779632253.0,16756453091.0,0.0,-0.2,-8.35,-9.66
3185,688081,兴图新科,20.02,0.2,0.04,5924.0,11831136.0,3.7,20.37,19.63,20.1,19.98,3.17,0.57,-25.71,4.96,2062860800.0,2062860800.0,0.6,0.05,-2.63,27.19
3186,836263,中航泰达,15.11,0.2,0.03,10559.0,15909961.33,2.25,15.24,14.9,15.23,15.08,0.93,1.03,34.33,3.72,2134180159.0,1550191366.0,0.07,0.13,24.67,98.29
3187,300320,海达股份,10.09,0.2,0.02,12994.0,13089135.0,0.99,10.13,10.03,10.03,10.07,1.45,0.27,28.81,2.57,6066452987.0,4901598398.0,0.1,0.2,0.6,5.32
3188,000782,恒申新材,4.92,0.2,0.01,10777.0,5293078.05,0.81,4.93,4.89,4.92,4.91,1.44,0.2,688.47,1.9,3377981024.0,2598446945.0,0.0,-0.2,3.36,7.89
3189,688318,财富趋势,135.07,0.19,0.26,4101.0,55124078.0,1.79,135.74,133.33,134.66,134.81,3.03,0.22,132.87,6.93,24710040774.0,24710040774.0,0.15,0.04,-11.49,-21.01
3190,300459,汤姆猫,5.4,0.19,0.01,531451.0,286966502.91,2.6,5.46,5.32,5.35,5.39,3.06,1.62,1609.98,8.97,18985379071.0,17716676659.0,-0.18,-0.37,-14.01,-5.92
3191,301332,德尔玛,10.28,0.19,0.02,5290.0,5417480.0,1.07,10.31,10.2,10.27,10.26,1.57,0.2,50.21,1.63,4744862500.0,2723146300.0,0.1,0.0,-3.02,2.59
3192,688432,有研硅,10.76,0.19,0.02,9547.0,10266710.0,1.12,10.82,10.7,10.79,10.74,2.45,0.19,68.38,3.05,13424402584.0,5461406480.0,-0.09,0.09,-19.16,-4.78
3193,300613,富瀚微,47.09,0.19,0.09,7624.0,35781843.84,1.04,47.2,46.71,47.0,47.0,1.19,0.35,186.75,4.05,10935696102.0,10313871428.0,0.02,-0.13,-25.4,-19.5
3194,300439,美康生物,10.5,0.19,0.02,11011.0,11530185.0,1.53,10.58,10.42,10.48,10.48,2.5,0.38,33.19,1.36,4035347558.0,3073949036.0,0.38,0.48,-6.08,0.48
3195,603312,西典新能,36.08,0.19,0.07,1565.0,5641161.0,1.28,36.28,35.82,36.02,36.01,1.71,0.3,20.29,3.56,5830528000.0,1894921600.0,0.0,0.08,-0.88,11.77
3196,300287,飞利信,5.24,0.19,0.01,76465.0,39975165.0,1.15,5.26,5.2,5.22,5.23,1.44,0.58,-68.3,6.55,7520834754.0,6868334616.0,-0.19,0.0,-32.73,24.76
3197,300906,日月明,26.98,0.19,0.05,4863.0,13050500.0,1.63,27.09,26.65,26.91,26.93,1.65,0.68,39.72,2.46,2158400000.0,1929862538.0,0.3,0.48,8.66,3.85
3198,300467,迅游科技,20.74,0.19,0.04,19121.0,39929963.0,2.8,21.15,20.57,20.66,20.7,2.08,1.13,162.14,6.7,4214469564.0,3495877863.0,-0.38,-0.43,8.59,31.85
3199,600736,苏州高新,5.38,0.19,0.01,18744.0,10068017.0,0.37,5.38,5.36,5.38,5.37,2.39,0.16,10.54,0.83,6193955840.0,6193955840.0,0.0,0.0,-7.72,-13.37
3200,300644,南京聚隆,26.16,0.19,0.05,6700.0,17480445.0,1.15,26.27,25.97,26.08,26.11,1.04,0.76,23.56,3.09,2876416522.0,2310061154.0,-0.08,0.19,7.3,19.67
3201,000065,北方国际,10.35,0.19,0.02,16342.0,16889860.0,0.58,10.37,10.31,10.34,10.33,1.35,0.17,15.67,1.11,11088843796.0,10090859681.0,0.0,-0.19,-11.01,5.83
3202,601199,江南水务,5.4,0.19,0.01,13554.0,7315607.0,0.56,5.41,5.38,5.4,5.39,2.25,0.14,13.27,1.13,5050135577.0,5050135577.0,-0.18,0.0,4.85,-2.35
3203,300393,中来股份,5.27,0.19,0.01,17445.0,9210099.0,0.76,5.3,5.26,5.28,5.26,1.9,0.18,-10.76,1.78,5742336177.0,5027940926.0,-0.19,0.0,-11.87,-15.68
3204,600150,中国船舶,30.85,0.19,0.06,45089.0,138879631.0,0.75,30.9,30.67,30.79,30.79,1.97,0.1,30.61,2.65,137974427184.0,137974427184.0,0.03,0.03,1.48,-14.21
3205,301587,中瑞股份,21.28,0.19,0.04,3668.0,7816650.0,2.26,21.66,21.18,21.3,21.24,2.87,0.5,104.19,1.54,3135140691.0,1563080691.0,0.33,0.28,-16.25,-9.45
3206,688352,颀中科技,10.71,0.19,0.02,5825.0,6232822.0,0.75,10.73,10.65,10.67,10.69,1.25,0.16,108.11,2.11,12734589354.0,3918586827.0,0.0,-0.09,-13.35,-11.71
3207,000059,华锦股份,5.39,0.19,0.01,21304.0,11468089.0,0.74,5.4,5.36,5.39,5.38,1.19,0.13,-6.3,0.77,8620995274.0,8620995274.0,0.0,0.19,17.17,12.53
3208,600438,通威股份,16.22,0.19,0.03,52637.0,85543440.0,0.68,16.32,16.21,16.25,16.19,1.77,0.12,-7.04,1.65,73022209757.0,73022209757.0,-0.06,-0.12,-21.41,-26.64
3209,600390,五矿资本,5.37,0.19,0.01,63053.0,33810201.0,0.75,5.38,5.34,5.36,5.36,2.36,0.14,31.43,0.57,24154611515.0,24154611515.0,0.0,0.0,-8.67,-16.74
3210,002884,凌霄泵业,15.68,0.19,0.03,2957.0,4635893.0,0.45,15.7,15.63,15.66,15.65,1.42,0.11,13.45,2.72,5608461741.0,4281112172.0,0.0,-0.06,-5.6,-9.21
3211,000931,中 关 村,5.27,0.19,0.01,30306.0,15933688.39,1.71,5.31,5.22,5.27,5.26,2.13,0.41,62.97,2.47,3968979195.0,3931575634.0,0.38,0.57,7.55,10.71
3212,605303,园林股份,10.58,0.19,0.02,18033.0,18983132.0,2.08,10.63,10.41,10.47,10.56,1.77,1.12,-27.13,1.69,1705891777.0,1705891777.0,0.0,-0.19,17.56,39.58
3213,300656,民德电子,25.83,0.19,0.05,6991.0,18117472.0,1.71,26.15,25.71,25.95,25.78,0.89,0.53,33.01,4.31,4420160610.0,3432752550.0,-0.12,0.0,6.34,3.82
3214,300664,鹏鹞环保,5.28,0.19,0.01,10947.0,5779179.0,0.76,5.3,5.26,5.27,5.27,0.72,0.15,7.47,0.92,4011809113.0,3971855353.0,-0.19,-0.19,3.53,-10.2
3215,002478,常宝股份,5.21,0.19,0.01,21754.0,11318860.0,0.58,5.22,5.19,5.19,5.2,1.64,0.3,10.55,0.85,4694138248.0,3749063577.0,0.0,0.0,6.33,2.76
3216,600050,中国联通,5.34,0.19,0.01,317981.0,169713979.0,0.56,5.35,5.32,5.34,5.33,1.51,0.1,16.02,1.0,166952031246.0,164294851518.0,0.19,0.0,-14.7,0.56
3217,000548,湖南投资,5.33,0.19,0.01,10488.0,5563636.0,0.94,5.33,5.28,5.31,5.32,1.49,0.21,33.61,1.29,2660820273.0,2660652378.0,0.38,0.38,3.7,3.5
3218,002333,罗普斯金,5.39,0.19,0.01,4307.0,2321520.0,0.93,5.41,5.36,5.38,5.38,1.0,0.07,65.28,1.93,3637844672.0,3517315109.0,-0.19,-0.19,-2.36,4.86
3219,000830,鲁西化工,10.43,0.19,0.02,15832.0,16512513.54,0.58,10.45,10.39,10.41,10.41,1.02,0.08,12.06,1.04,19923098664.0,19860394505.0,0.0,0.0,-9.54,-10.78
3220,836504,博迅生物,26.56,0.19,0.05,1141.0,3012277.99,2.11,26.64,26.08,26.64,26.51,1.65,0.67,232.11,5.97,1150927136.0,454114992.0,0.72,0.04,14.24,50.57
3221,600770,综艺股份,5.51,0.18,0.01,137843.0,75761272.0,2.0,5.55,5.44,5.5,5.5,1.11,1.06,-275.86,2.18,7163000000.0,7163000000.0,0.55,0.55,23.82,31.5
3222,002961,瑞达期货,17.13,0.18,0.03,44504.0,75694101.0,2.81,17.28,16.8,16.99,17.1,4.4,1.0,23.51,2.66,7623460205.0,7623460205.0,-0.06,-0.12,20.04,19.21
3223,600796,钱江生化,5.71,0.18,0.01,11066.0,6291913.0,0.88,5.72,5.67,5.71,5.7,1.58,0.36,40.55,1.5,4948204724.0,1767118746.0,0.18,0.18,-1.55,-0.52
3224,600085,同仁堂,38.21,0.18,0.07,14257.0,54535093.0,0.6,38.36,38.13,38.14,38.14,1.97,0.1,22.5,3.8,52403878711.0,52403878711.0,0.03,0.13,5.26,-5.86
3225,600088,中视传媒,16.31,0.18,0.03,3260.0,5308892.0,1.04,16.36,16.19,16.31,16.28,1.9,0.08,-179.11,5.08,6486591384.0,6486591384.0,-0.06,0.12,-2.22,-8.68
3226,688387,信科移动-U,5.63,0.18,0.01,10661.0,5997420.0,1.25,5.65,5.58,5.62,5.62,0.97,0.08,-30.79,3.14,19247562500.0,7762362500.0,0.0,0.0,-6.01,-5.54
3227,600120,浙江东方,5.68,0.18,0.01,60865.0,34536468.0,0.88,5.7,5.65,5.68,5.67,1.49,0.18,30.05,1.23,19399366875.0,19399366875.0,-0.18,-0.18,-19.2,21.89
3228,600469,风神股份,5.57,0.18,0.01,11806.0,6581391.0,1.08,5.6,5.54,5.58,5.56,2.18,0.16,35.99,1.23,4063041351.0,4063041351.0,-0.18,0.0,-3.97,-8.99
3229,688212,澳华内镜,51.42,0.18,0.09,1188.0,6089587.0,2.44,51.74,50.49,51.0,51.33,1.01,0.09,-60.13,5.26,6924487155.0,6924487155.0,-0.06,0.45,26.18,27.97
3230,001299,美能能源,10.96,0.18,0.02,3584.0,3921837.4,0.64,10.98,10.91,10.95,10.94,1.38,0.55,25.08,2.26,2659319122.0,717113578.0,0.09,0.09,20.31,21.64
3231,002487,大金重工,27.64,0.18,0.05,8964.0,24793831.44,0.98,27.79,27.52,27.63,27.59,1.39,0.14,19.08,2.35,17627392006.0,17438636152.0,-0.14,-0.04,25.41,34.9
3232,605228,神通科技,10.86,0.18,0.02,13629.0,14758825.0,1.85,10.95,10.75,10.82,10.84,1.41,0.32,130.58,3.13,4662497008.0,4629884428.0,0.0,0.0,-6.06,0.65
3233,603012,创力集团,5.45,0.18,0.01,9781.0,5327164.0,0.74,5.47,5.43,5.44,5.44,1.29,0.15,23.54,0.95,3545072400.0,3523425000.0,-0.18,0.18,-11.53,4.61
3234,600997,开滦股份,5.69,0.18,0.01,12950.0,7366660.0,0.7,5.71,5.67,5.68,5.68,2.0,0.08,33.57,0.65,9034581152.0,9034581152.0,0.0,-0.18,-9.83,-12.46
3235,301371,敷尔佳,27.28,0.18,0.05,16021.0,43383249.84,1.98,27.36,26.82,27.0,27.23,2.51,2.07,38.82,2.65,14188437120.0,2107980160.0,0.0,0.52,-6.58,-2.29
3236,001378,德冠新材,21.78,0.18,0.04,811.0,1766739.0,0.69,21.85,21.7,21.85,21.74,0.88,0.12,32.84,1.52,2904005808.0,1478577749.0,-0.09,0.0,-2.46,-4.97
3237,001225,和泰机电,33.62,0.18,0.06,1266.0,4239269.0,1.22,33.76,33.35,33.69,33.56,1.87,0.6,51.55,1.6,2174097816.0,707323548.0,0.03,0.45,6.06,8.1
3238,300137,ST先河,5.51,0.18,0.01,9358.0,5127782.94,1.27,5.52,5.45,5.47,5.5,2.22,0.18,64.22,1.8,2956567977.0,2902544824.0,0.18,0.18,-19.33,-8.77
3239,002016,世荣兆业,5.5,0.18,0.01,6690.0,3682491.0,0.55,5.52,5.49,5.51,5.49,1.28,0.08,182.8,0.93,4450025976.0,4450025976.0,0.18,0.18,-4.01,-11.0
3240,603037,凯众股份,17.03,0.18,0.03,7096.0,12065338.0,0.82,17.09,16.95,17.07,17.0,1.29,0.37,65.1,3.33,3260935633.0,3243173343.0,0.12,0.18,2.34,22.69
3241,000810,创维数字,11.03,0.18,0.02,31107.0,34175974.0,0.91,11.05,10.95,11.02,11.01,2.32,0.28,590.89,1.98,12591799236.0,12248408820.0,0.0,0.09,-18.84,-30.37
3242,301536,星宸科技,60.86,0.18,0.11,20489.0,125633551.12,3.39,62.31,60.25,60.51,60.75,1.29,1.1,125.18,8.7,25625711600.0,11355768198.0,-0.33,-0.77,-18.31,-23.64
3243,600909,华安证券,5.54,0.18,0.01,52181.0,28922383.0,0.72,5.56,5.52,5.52,5.53,2.4,0.11,12.35,1.15,25918326022.0,25918326022.0,0.0,-0.18,-2.12,-8.58
3244,001211,双枪科技,22.47,0.18,0.04,1999.0,4482904.0,1.11,22.53,22.28,22.5,22.43,1.67,0.3,43.47,1.84,1617840000.0,1505413040.0,-0.04,-0.13,0.0,15.82
3245,601390,中国中铁,5.63,0.18,0.01,91730.0,51580577.0,0.71,5.64,5.6,5.61,5.62,2.23,0.04,5.78,0.45,139296700614.0,115273450208.0,0.0,0.0,-3.76,-11.89
3246,301581,黄山谷捷,49.52,0.18,0.09,1179.0,5833870.0,0.69,49.62,49.28,49.4,49.43,0.78,0.59,44.44,4.06,3961600000.0,990400000.0,-0.04,-0.06,-12.28,84.78
3247,871245,威博液压,33.46,0.18,0.06,1021.0,3412486.17,0.99,33.56,33.23,33.45,33.4,1.13,0.42,72.79,4.93,1662794700.0,814919170.0,0.15,0.0,-20.65,-12.06
3248,838275,驱动力,11.62,0.17,0.02,6004.0,6960589.39,3.02,11.85,11.5,11.71,11.6,1.99,0.8,455.14,8.05,1851967712.0,871220469.0,0.69,0.87,29.69,80.72
3249,300594,朗进科技,17.77,0.17,0.03,5154.0,9151876.0,1.92,18.0,17.66,17.74,17.74,1.23,0.57,-30.59,1.97,1632591207.0,1617036681.0,-0.22,-0.17,-0.84,3.68
3250,002654,万润科技,11.78,0.17,0.02,35346.0,41502320.0,1.45,11.82,11.65,11.68,11.76,1.22,0.42,-1355.59,6.49,9957663968.0,9956957168.0,-0.17,-0.17,-18.81,-2.89
3251,601799,星宇股份,139.49,0.17,0.24,1361.0,19022646.0,0.88,140.31,139.09,139.49,139.25,1.35,0.05,30.93,3.9,39849422156.0,39849422156.0,-0.15,-0.09,12.49,5.52
3252,300077,国民技术,23.54,0.17,0.04,46667.0,109457413.0,1.15,23.59,23.32,23.49,23.5,1.46,0.82,-160.54,14.18,13726802518.0,13347883846.0,0.09,-0.08,-14.68,-1.26
3253,002777,久远银海,17.45,0.17,0.03,12401.0,21697484.0,1.21,17.59,17.38,17.5,17.42,1.2,0.31,119.51,4.22,7123631613.0,7058725518.0,0.0,-0.29,-14.63,1.34
3254,600780,通宝能源,5.95,0.17,0.01,8474.0,5031444.0,0.67,5.96,5.92,5.94,5.94,1.06,0.07,10.13,0.87,6821690012.0,6821690012.0,0.0,0.34,11.84,5.68
3255,600256,广汇能源,5.89,0.17,0.01,61778.0,36331218.0,0.34,5.89,5.87,5.89,5.88,1.51,0.1,13.79,1.38,38261767714.0,38261767714.0,0.17,0.17,-3.44,-12.48
3256,301234,五洲医疗,29.04,0.17,0.05,2157.0,6259036.0,2.07,29.42,28.82,29.06,28.99,2.69,1.17,87.62,2.64,1974720000.0,534687384.0,0.1,0.45,7.36,16.86
3257,301235,华康洁净,23.74,0.17,0.04,4126.0,9752070.0,1.48,23.87,23.52,23.61,23.7,1.58,0.81,-21.65,1.45,2506944000.0,1209600480.0,0.38,0.04,19.84,17.76
3258,002204,大连重工,6.02,0.17,0.01,77974.0,46916890.0,0.83,6.04,5.99,5.99,6.01,1.07,0.4,16.2,1.57,11626847593.0,11626847593.0,0.0,-0.17,16.89,20.88
3259,600655,豫园股份,5.83,0.17,0.01,59082.0,34448499.0,2.23,5.89,5.76,5.88,5.82,3.05,0.15,109.59,0.64,22719181264.0,22677803772.0,-0.34,0.34,3.55,-9.33
3260,601001,晋控煤业,12.0,0.17,0.02,24354.0,29266491.0,1.17,12.1,11.96,12.1,11.98,1.45,0.15,9.8,1.05,20084400000.0,20084400000.0,0.08,-0.08,7.14,-12.22
3261,300206,理邦仪器,11.91,0.17,0.02,10483.0,12431670.0,1.01,11.91,11.79,11.91,11.89,2.13,0.31,26.52,3.53,6903790451.0,4030100619.0,0.17,0.34,-5.1,8.57
3262,301215,中汽股份,6.0,0.17,0.01,12839.0,7701705.0,0.67,6.02,5.98,6.0,5.99,1.23,0.1,68.53,2.75,7943400000.0,7934400000.0,-0.17,0.0,0.67,0.84
3263,002831,裕同科技,23.32,0.17,0.04,10270.0,23947374.6,2.06,23.5,23.02,23.28,23.28,2.01,0.2,22.5,1.94,21699576056.0,12149563103.0,-0.21,-0.43,-6.08,-12.03
3264,603273,天元智能,17.71,0.17,0.03,6270.0,11033567.0,1.58,17.78,17.5,17.68,17.68,1.13,1.12,184.85,4.33,3795490314.0,992794264.0,0.4,0.57,-6.89,7.2
3265,600089,特变电工,11.7,0.17,0.02,40733.0,47659670.0,0.51,11.73,11.67,11.68,11.68,2.27,0.08,9.24,0.9,59117673081.0,59117673081.0,-0.09,-0.09,-3.86,-8.16
3266,603889,新澳股份,5.93,0.17,0.01,6894.0,4087518.0,0.68,5.95,5.91,5.93,5.92,1.14,0.1,10.7,1.31,4331811292.0,4273506346.0,-0.17,-0.17,-1.82,-11.62
3267,301429,森泰股份,17.94,0.17,0.03,2419.0,4326750.0,0.89,17.97,17.81,17.95,17.91,1.47,0.55,29.02,1.59,2120866800.0,790097926.0,-0.11,0.22,4.36,16.72
3268,688698,伟创电气,46.32,0.17,0.08,2561.0,11820966.0,1.1,46.39,45.88,46.39,46.24,0.95,0.12,43.2,4.66,9790902692.0,9790902692.0,0.19,0.19,-26.91,5.27
3269,600592,龙溪股份,23.66,0.17,0.04,36942.0,86930303.0,1.74,23.8,23.39,23.8,23.62,1.0,0.92,79.24,3.8,9453437490.0,9453437490.0,0.17,0.34,35.59,140.94
3270,300251,光线传媒,17.8,0.17,0.03,84376.0,150325551.66,1.46,17.93,17.67,17.77,17.77,1.7,0.3,6.48,4.85,52218230090.0,49507230460.0,-0.11,-0.39,-24.42,88.56
3271,600616,金枫酒业,5.97,0.17,0.01,81387.0,48682227.0,1.68,6.03,5.93,5.96,5.96,1.12,1.22,351.54,2.03,3993959552.0,3993959552.0,-0.17,-0.17,15.25,4.74
3272,000985,大庆华科,17.47,0.17,0.03,3220.0,5602458.0,1.15,17.5,17.3,17.44,17.44,2.6,0.25,79.44,3.69,2264802065.0,2264802065.0,0.11,0.29,-4.22,-6.58
3273,300103,达刚控股,6.05,0.17,0.01,6043.0,3657432.0,1.32,6.11,6.03,6.05,6.04,1.39,0.19,-86.78,3.79,1921486050.0,1919910691.0,0.0,0.17,-16.78,-3.82
3274,301189,奥尼电子,24.72,0.16,0.04,1808.0,4457792.0,0.81,24.78,24.58,24.58,24.68,0.6,0.44,-26.48,1.33,2877320615.0,1010748221.0,0.04,0.08,-6.89,2.79
3275,300053,航宇微,12.55,0.16,0.02,47891.0,60382588.0,1.84,12.73,12.5,12.51,12.53,1.96,0.74,1766.21,4.93,8745772754.0,8167777546.0,0.08,-0.08,-17.92,-4.13
3276,301017,漱玉平民,12.48,0.16,0.02,13927.0,17324934.0,1.44,12.53,12.35,12.41,12.46,2.18,0.57,49.36,2.63,5058802520.0,3037042520.0,0.24,0.32,5.23,4.44
3277,000554,泰山石油,6.26,0.16,0.01,13425.0,8402562.0,0.8,6.29,6.24,6.24,6.25,1.57,0.37,14.21,2.76,3009766171.0,2270209013.0,0.0,0.16,7.56,5.39
3278,603378,亚士创能,6.19,0.16,0.01,8925.0,5512880.0,1.13,6.22,6.15,6.21,6.18,1.21,0.21,-7.16,2.18,2653013214.0,2653013214.0,-0.16,0.32,-6.78,-3.58
3279,603001,奥康国际,6.46,0.16,0.01,8381.0,5402633.0,2.02,6.49,6.36,6.46,6.45,1.4,0.21,-14.7,1.02,2590330800.0,2590330800.0,0.31,0.31,34.3,-6.78
3280,000619,海螺新材,6.18,0.16,0.01,8467.0,5229824.0,0.49,6.19,6.16,6.16,6.17,1.63,0.24,-27.76,1.06,2726423376.0,2224800000.0,0.16,0.16,-2.68,0.49
3281,600335,国机汽车,6.44,0.16,0.01,11253.0,7252719.0,0.62,6.47,6.43,6.46,6.43,0.86,0.08,18.0,0.84,9632879176.0,9632879176.0,0.0,-0.16,-2.57,3.37
3282,603126,中材节能,6.17,0.16,0.01,7928.0,4886775.0,0.81,6.18,6.13,6.17,6.16,1.03,0.13,-112.58,1.85,3766785000.0,3766785000.0,0.0,0.16,-15.01,-26.55
3283,688296,和达科技,12.39,0.16,0.02,2789.0,3436292.0,1.7,12.45,12.24,12.29,12.37,1.18,0.26,-23.43,1.97,1341101777.0,1330601252.0,0.16,0.57,-8.43,10.43
3284,603421,鼎信通讯,6.34,0.16,0.01,10765.0,6836799.0,1.26,6.4,6.32,6.35,6.33,1.58,0.17,-7.46,1.38,4134887840.0,4134887840.0,-0.31,-0.16,-18.51,-11.08
3285,002541,鸿路钢构,18.4,0.16,0.03,5583.0,10277185.0,1.31,18.53,18.29,18.4,18.37,1.2,0.11,23.24,1.34,12696244886.0,9129606899.0,-0.05,-0.49,-7.82,2.62
3286,301288,*ST清研,12.48,0.16,0.02,2452.0,3054075.0,0.96,12.52,12.4,12.4,12.46,2.04,0.52,-282.31,1.67,1347964800.0,587719692.0,0.0,0.16,-3.33,-18.59
3287,600985,淮北矿业,12.37,0.16,0.02,22228.0,27488757.0,1.05,12.41,12.28,12.35,12.35,1.71,0.08,12.04,0.77,33315610230.0,33315610230.0,-0.08,-0.08,-6.85,-12.08
3288,000707,双环科技,6.3,0.16,0.01,6651.0,4193798.0,0.79,6.33,6.28,6.28,6.29,1.22,0.14,-73.5,1.26,2924118320.0,2924118320.0,-0.16,-0.16,-9.74,-14.63
3289,002022,科华生物,6.14,0.16,0.01,20894.0,12809008.0,1.31,6.18,6.1,6.14,6.13,1.69,0.41,-14.82,0.97,3157913263.0,3157464275.0,0.0,0.33,2.85,-2.69
3290,603111,康尼机电,6.42,0.16,0.01,9776.0,6274032.0,0.62,6.44,6.4,6.43,6.41,1.46,0.12,27.32,1.4,5572997992.0,5429424283.0,-0.16,0.0,-12.05,6.47
3291,603337,杰克股份,38.09,0.16,0.06,8662.0,32728943.0,3.05,38.21,37.05,37.32,38.03,1.89,0.18,18.59,3.99,18273357201.0,18015647879.0,0.24,0.42,21.89,25.05
3292,301087,可孚医疗,32.97,0.15,0.05,2144.0,7047968.0,1.0,33.07,32.74,33.07,32.92,1.38,0.11,18.85,1.48,6893763240.0,6404324249.0,0.06,0.4,-9.1,-3.57
3293,603122,合富中国,6.88,0.15,0.01,5704.0,3907258.0,0.87,6.89,6.83,6.88,6.87,1.2,0.14,-114.09,2.35,2738602115.0,2738602115.0,0.15,0.29,-8.14,-1.85
3294,600236,桂冠电力,6.57,0.15,0.01,33192.0,21855245.0,0.76,6.61,6.56,6.57,6.56,3.31,0.04,23.83,3.06,51787222159.0,51787222159.0,-0.3,-0.3,6.14,-3.38
3295,603685,XD晨丰科,12.96,0.15,0.02,2461.0,3197170.0,0.85,13.04,12.93,12.99,12.94,1.9,0.18,-153.51,1.97,2190343045.0,1752290107.0,0.08,-0.08,1.97,10.3
3296,688566,吉贝尔,27.24,0.15,0.04,6287.0,17189232.0,1.54,27.55,27.13,27.4,27.2,2.33,0.32,27.42,2.36,5432496763.0,5432496763.0,0.04,0.11,20.42,21.61
3297,301122,采纳股份,20.52,0.15,0.03,2981.0,6099190.0,1.56,20.69,20.37,20.49,20.49,1.89,0.44,81.65,1.4,2508480902.0,1381786697.0,0.2,0.29,-6.13,2.7
3298,600955,维远股份,13.11,0.15,0.02,2146.0,2812104.0,0.76,13.17,13.07,13.17,13.09,1.8,0.04,-11.09,0.86,7210500000.0,7210500000.0,-0.08,-0.08,-7.55,-13.98
3299,603000,人民网,19.94,0.15,0.03,10990.0,21934708.0,0.7,20.02,19.88,19.91,19.91,2.1,0.1,-496.7,5.9,22047479657.0,22047479657.0,-0.05,-0.15,-12.35,-9.53
3300,000006,深振业Ａ,6.75,0.15,0.01,39745.0,26753073.99,1.19,6.77,6.69,6.72,6.74,0.97,0.29,-87.84,1.69,9112466561.0,9112414923.0,0.0,0.45,3.53,-7.79
3301,601918,新集能源,6.69,0.15,0.01,16638.0,11144314.0,0.6,6.73,6.69,6.69,6.68,1.22,0.06,8.15,1.07,17330724642.0,17330724642.0,0.0,0.0,6.87,-6.82
3302,000716,黑芝麻,6.63,0.15,0.01,45525.0,30108987.0,1.21,6.65,6.57,6.6,6.62,0.79,0.64,554.8,1.94,4995635717.0,4712989448.0,0.15,0.0,-3.91,-3.63
3303,835892,中科美菱,20.53,0.15,0.03,6872.0,14178521.49,1.71,20.85,20.5,20.62,20.5,1.22,2.46,98.1,3.26,1985886075.0,572749574.0,-0.15,-0.1,22.42,50.84
3304,605338,巴比食品,20.1,0.15,0.03,10461.0,21015421.0,2.19,20.28,19.84,20.02,20.07,1.75,0.44,32.36,2.29,4815289906.0,4815289906.0,-0.25,-0.2,24.07,22.04
3305,600421,*ST华嵘,6.85,0.15,0.01,23590.0,15965849.0,2.63,6.86,6.68,6.8,6.84,3.32,1.21,-323.31,186.12,1339860000.0,1339860000.0,0.29,0.15,1.33,-5.78
3306,002999,天禾股份,6.85,0.15,0.01,12933.0,8822764.0,1.17,6.87,6.79,6.84,6.84,1.41,0.38,41.73,1.94,2381005200.0,2353637738.0,0.0,0.15,7.87,15.71
3307,301216,万凯新材,13.33,0.15,0.02,6153.0,8175841.02,1.05,13.38,13.24,13.35,13.31,1.48,0.22,35.8,1.3,6867905248.0,3796723195.0,0.0,0.15,19.98,32.64
3308,300818,耐普矿机,20.33,0.15,0.03,7017.0,14274000.0,1.48,20.48,20.18,20.35,20.3,3.43,0.64,151.67,1.96,3431147039.0,2225777436.0,-0.05,0.05,-12.26,-24.95
3309,002903,宇环数控,19.58,0.15,0.03,6485.0,12687357.0,1.18,19.69,19.46,19.62,19.55,1.41,0.62,227.73,3.83,3050661900.0,2038012241.0,0.05,0.1,6.94,20.49
3310,002265,建设工业,20.47,0.15,0.03,18508.0,37826560.0,0.83,20.52,20.35,20.45,20.44,1.26,0.46,153.63,5.78,21146337131.0,8251396102.0,0.15,0.05,-18.32,-12.03
3311,002054,德美化工,6.72,0.15,0.01,32386.0,21596322.21,1.94,6.75,6.62,6.66,6.71,1.95,0.84,25.54,1.32,3239815837.0,2583004496.0,0.0,0.3,9.27,17.07
3312,603035,常熟汽饰,13.56,0.15,0.02,6476.0,8774411.0,0.44,13.57,13.51,13.53,13.54,1.37,0.17,14.7,0.99,5153219451.0,5153219451.0,-0.07,0.07,-6.87,-5.77
3313,603727,博迈科,14.21,0.14,0.02,3617.0,5137216.0,0.92,14.25,14.12,14.19,14.19,1.21,0.13,86.34,1.26,4003230926.0,4003230926.0,-0.14,-0.07,3.8,26.54
3314,300357,我武生物,21.0,0.14,0.03,27526.0,57878900.0,2.15,21.28,20.83,21.03,20.97,4.0,0.57,36.98,4.53,10995264000.0,10165348305.0,0.05,0.29,-3.31,3.86
3315,600328,中盐化工,7.09,0.14,0.01,17245.0,12221592.0,0.42,7.1,7.07,7.09,7.08,2.81,0.12,150.45,0.87,10396134589.0,10356904073.0,0.0,0.14,-3.41,-8.52
3316,300025,华星创业,7.01,0.14,0.01,27144.0,18956675.0,1.29,7.03,6.94,7.0,7.0,1.55,0.63,-61.17,6.3,3566638383.0,3026732368.0,-0.14,0.0,-18.2,-34.79
3317,300010,豆神教育,6.95,0.14,0.01,99132.0,68507809.79,1.73,6.98,6.86,6.92,6.94,2.06,0.6,96.09,8.55,14362957980.0,11560161445.0,-0.29,-0.29,-11.46,11.92
3318,301137,哈焊华通,35.39,0.14,0.05,129072.0,466065036.0,5.66,37.0,35.0,36.23,35.34,4.14,12.69,261.56,4.72,6434376226.0,3599226702.0,0.48,-0.73,94.02,102.58
3319,003015,日久光电,14.07,0.14,0.02,8349.0,11724536.0,0.78,14.11,14.0,14.04,14.05,1.07,0.34,35.24,4.19,3954608005.0,3480941806.0,-0.21,-0.14,-2.63,-0.28
3320,000157,中联重科,7.05,0.14,0.01,48677.0,34330398.0,0.43,7.07,7.04,7.05,7.04,1.25,0.07,10.85,1.05,61179845264.0,49846442409.0,0.14,0.0,-14.55,-2.49
3321,603057,紫燕食品,21.32,0.14,0.03,7349.0,15749000.0,2.25,21.64,21.16,21.27,21.29,3.19,1.08,145.09,4.88,8832033860.0,1451080241.0,0.0,0.14,22.53,8.94
3322,000729,燕京啤酒,14.27,0.14,0.02,45214.0,63946374.0,1.33,14.27,14.08,14.15,14.25,1.76,0.18,60.84,2.72,40220556396.0,35812087138.0,0.56,0.85,21.65,18.52
3323,600628,新世界,7.4,0.14,0.01,9959.0,7358698.0,0.54,7.41,7.37,7.38,7.39,1.07,0.15,70.1,1.13,4786877842.0,4786877842.0,0.14,0.14,-0.8,-9.42
3324,002920,德赛西威,106.78,0.14,0.15,12137.0,129725887.0,0.99,107.33,106.27,107.12,106.63,1.28,0.22,25.44,6.2,59257486361.0,59063842005.0,-0.04,0.11,-12.26,-1.96
3325,300601,康泰生物,14.59,0.14,0.02,27349.0,39808338.4,1.58,14.65,14.42,14.57,14.57,2.16,0.31,181.6,1.78,16295977871.0,12924276756.0,0.14,0.21,-3.63,-14.93
3326,600528,中铁工业,7.36,0.14,0.01,11410.0,8387864.0,0.27,7.36,7.34,7.34,7.35,1.26,0.05,12.86,0.67,16350619688.0,16350619688.0,0.27,0.14,-2.0,-8.68
3327,600969,郴电国际,7.35,0.14,0.01,18758.0,13706160.0,1.63,7.38,7.26,7.3,7.34,1.7,0.51,62.69,0.76,2719871057.0,2719871057.0,0.0,0.55,13.43,14.31
3328,600197,伊力特,14.73,0.14,0.02,6191.0,9117438.0,0.68,14.76,14.66,14.72,14.71,1.45,0.13,12.08,1.73,6969863581.0,6969863581.0,-0.07,-0.07,-4.54,-14.61
3329,300564,筑博设计,14.69,0.14,0.02,16244.0,23857498.9,4.7,14.96,14.27,14.5,14.67,2.8,1.44,-21.61,1.88,2392754208.0,1662839692.0,-0.07,-0.34,22.62,18.85
3330,601108,财通证券,7.41,0.14,0.01,41096.0,30465981.0,0.81,7.44,7.38,7.39,7.4,1.73,0.09,29.7,0.95,34410261622.0,34410261622.0,0.0,-0.13,-6.79,-9.3
3331,605116,奥锐特,21.54,0.14,0.03,6129.0,13179234.0,1.26,21.67,21.4,21.49,21.51,2.43,0.15,18.32,3.61,8749445340.0,8562391980.0,0.23,0.28,8.51,1.99
3332,002301,齐心集团,7.41,0.14,0.01,30411.0,22474637.1,1.89,7.47,7.33,7.37,7.4,1.47,0.42,27.34,1.71,5344891784.0,5320307552.0,0.0,-0.13,-7.03,4.22
3333,600733,北汽蓝谷,7.16,0.14,0.01,102646.0,73558157.0,0.7,7.2,7.15,7.18,7.15,1.54,0.21,-10.46,8.76,39906282690.0,34977293954.0,0.0,-0.14,-11.93,-10.5
3334,688722,同益中,21.36,0.14,0.03,14102.0,30244998.0,2.2,21.67,21.2,21.36,21.33,2.29,0.63,27.64,3.47,4798880712.0,4786887072.0,0.33,0.47,28.91,67.53
3335,002401,中远海科,14.56,0.14,0.02,6211.0,9038561.0,0.62,14.59,14.5,14.54,14.54,1.25,0.17,300.39,3.23,5411492486.0,5407058966.0,0.0,0.0,-15.84,-8.31
3336,301510,固高科技,29.46,0.14,0.04,6553.0,19281832.0,0.71,29.53,29.32,29.46,29.42,1.63,0.23,377.98,8.51,11784294600.0,8224031800.0,-0.14,-0.17,-33.03,12.87
3337,600621,华鑫股份,14.23,0.14,0.02,64273.0,91510615.0,1.55,14.36,14.14,14.18,14.21,3.05,0.61,27.47,1.76,15096596925.0,15096596925.0,-0.14,-0.42,-3.2,-13.65
3338,600058,五矿发展,7.33,0.14,0.01,8950.0,6578577.0,0.55,7.37,7.33,7.37,7.32,2.03,0.08,29.27,1.58,7857105512.0,7857105512.0,0.0,-0.14,-5.66,2.95
3339,000525,ST红太阳,7.46,0.13,0.01,79335.0,58964386.63,1.88,7.5,7.36,7.41,7.45,1.31,0.8,82.74,3.35,9683283964.0,7385978724.0,-0.4,-0.27,33.45,24.96
3340,603877,太平鸟,15.15,0.13,0.02,2952.0,4473112.0,1.12,15.24,15.07,15.12,15.13,2.58,0.06,14.49,1.64,7178453795.0,7110246874.0,0.0,0.33,6.09,5.21
3341,000338,潍柴动力,15.13,0.13,0.02,68520.0,103981324.0,0.86,15.24,15.11,15.14,15.11,1.49,0.14,12.16,1.47,131868106708.0,75373797175.0,-0.07,-0.39,-5.91,10.44
3342,601200,上海环境,8.01,0.13,0.01,8884.0,7112342.0,0.63,8.04,7.99,8.02,8.0,1.04,0.07,17.18,0.95,10783304311.0,10783304311.0,0.0,0.0,0.13,-1.96
3343,603815,交建股份,7.56,0.13,0.01,5625.0,4249537.0,1.06,7.6,7.52,7.54,7.55,0.88,0.09,35.41,1.99,4679067217.0,4679067217.0,0.0,0.13,16.49,34.28
3344,601633,长城汽车,22.49,0.13,0.03,29209.0,65799441.0,0.53,22.58,22.46,22.52,22.46,2.04,0.05,27.48,2.34,192503897350.0,139645838096.0,0.09,-0.13,-9.97,-14.58
3345,601186,中国铁建,7.95,0.13,0.01,52398.0,41672686.0,0.5,7.97,7.93,7.94,7.94,2.44,0.05,5.24,0.4,107957354925.0,91450801725.0,0.0,-0.13,-4.68,-13.3
3346,600720,中交设计,7.96,0.13,0.01,7645.0,6079432.0,0.5,7.97,7.93,7.94,7.95,1.25,0.08,48.61,1.21,18264980697.0,8032036177.0,-0.13,0.0,-8.29,-10.16
3347,301193,家联科技,14.95,0.13,0.02,852.0,1270593.0,1.67,14.98,14.73,14.98,14.93,1.04,0.09,-28.75,1.9,2870545912.0,1438933912.0,0.0,0.13,-10.59,-9.56
3348,300819,聚杰微纤,22.62,0.13,0.03,4329.0,9798195.0,1.33,22.82,22.52,22.69,22.59,1.08,0.32,57.36,3.99,3375017100.0,3048322095.0,-0.09,-0.04,42.71,78.11
3349,002749,国光股份,14.91,0.13,0.02,3459.0,5144082.0,0.74,14.93,14.82,14.9,14.89,0.79,0.08,22.12,3.65,6953405981.0,6304070217.0,-0.13,-0.07,14.34,9.47
3350,002439,启明星辰,15.39,0.13,0.02,26540.0,40832527.67,0.65,15.43,15.33,15.4,15.37,2.02,0.37,2918.24,1.63,18643449155.0,11163027785.0,0.07,-0.13,-17.7,-2.72
3351,002371,北方华创,425.33,0.13,0.56,4128.0,175444665.0,0.77,426.77,423.51,424.77,424.77,1.21,0.08,35.93,6.96,227200782050.0,227004598588.0,-0.15,-0.13,-1.63,8.78
3352,301131,聚赛龙,46.1,0.13,0.06,4676.0,21552279.0,1.5,46.5,45.81,46.02,46.04,1.43,1.52,34.86,2.58,2203161781.0,1419791073.0,-0.09,0.07,22.64,33.62
3353,603839,安正时尚,7.47,0.13,0.01,39749.0,29822513.0,2.28,7.6,7.43,7.6,7.46,1.34,1.01,31.85,1.56,2936849175.0,2936849175.0,-0.13,-0.13,36.07,35.33
3354,688701,卓锦股份,7.54,0.13,0.01,4221.0,3178247.0,1.46,7.59,7.48,7.53,7.53,1.86,0.31,212.81,5.06,1012451385.0,1012451385.0,0.0,0.53,19.68,40.93
3355,301069,凯盛新材,15.74,0.13,0.02,7186.0,11284898.0,1.4,15.8,15.58,15.74,15.72,1.43,0.18,53.97,4.45,6620891512.0,6169468312.0,0.06,0.25,-4.32,6.57
3356,600866,星湖科技,7.7,0.13,0.01,55193.0,42350477.0,1.56,7.73,7.61,7.69,7.69,2.21,0.5,6.75,1.52,12793339143.0,8542179484.0,0.26,0.13,20.69,19.01
3357,300721,怡达股份,15.53,0.13,0.02,18261.0,28229691.0,2.13,15.65,15.32,15.45,15.51,1.08,1.34,-17.68,2.16,2560069857.0,2123548812.0,0.13,0.0,16.16,27.5
3358,002243,力合科创,7.91,0.13,0.01,9830.0,7763568.0,0.76,7.92,7.86,7.89,7.9,1.41,0.08,-115.65,1.34,9575879372.0,9524765514.0,-0.13,0.0,-10.32,-1.0
3359,002870,香山股份,31.4,0.13,0.04,2498.0,7834585.0,1.31,31.61,31.2,31.5,31.36,1.57,0.2,45.8,2.55,4147174970.0,4016799815.0,0.03,-0.03,-16.0,0.64
3360,601990,南京证券,7.78,0.13,0.01,36992.0,28766807.0,0.77,7.81,7.75,7.75,7.77,2.69,0.1,25.93,1.6,28679888845.0,28473157230.0,0.0,-0.13,-6.71,-10.16
3361,688329,艾隆科技,17.23,0.12,0.02,1340.0,2301252.0,0.87,17.25,17.1,17.1,17.21,1.1,0.17,-23.47,1.8,1330156000.0,1330156000.0,0.06,0.47,5.19,25.86
3362,870656,海昇药业,24.83,0.12,0.03,5750.0,14125139.02,2.5,24.92,24.3,24.8,24.8,2.0,2.88,37.45,3.07,1986400000.0,496602483.0,0.61,0.69,26.94,59.17
3363,600105,XD永鼎股,8.3,0.12,0.01,452410.0,377100909.0,2.77,8.45,8.22,8.37,8.29,1.68,3.09,10.47,3.68,12134556857.0,12134556857.0,0.0,-0.48,39.97,69.04
3364,603528,多伦科技,8.18,0.12,0.01,21331.0,17422989.0,1.47,8.24,8.12,8.13,8.17,1.26,0.3,497.95,2.95,5774508472.0,5774508472.0,0.0,0.0,-10.89,3.81
3365,603690,至纯科技,25.09,0.12,0.03,12819.0,32133487.0,0.76,25.2,25.01,25.06,25.06,0.88,0.33,126.55,2.0,9625644269.0,9608573033.0,0.04,0.2,-2.79,-0.08
3366,002579,中京电子,8.21,0.12,0.01,70611.0,57848782.2,1.71,8.27,8.13,8.15,8.2,3.02,1.21,185.99,2.09,5029598870.0,4774334158.0,0.0,-0.12,-10.57,3.92
3367,600132,重庆啤酒,58.55,0.12,0.07,9699.0,56965242.0,1.2,59.0,58.3,58.37,58.48,1.71,0.2,14.99,17.1,28336513643.0,28336513643.0,-0.03,-0.2,6.07,-7.09
3368,002832,比音勒芬,16.54,0.12,0.02,11803.0,19492722.0,0.61,16.56,16.46,16.52,16.52,1.77,0.3,7.12,1.74,9439495169.0,6440978417.0,0.06,0.18,-9.72,-22.75
3369,603357,设计总院,8.52,0.12,0.01,10074.0,8577955.0,0.47,8.53,8.49,8.5,8.51,2.42,0.18,13.97,1.24,4776123785.0,4733737211.0,0.0,0.0,-6.99,-5.96
3370,600629,华建集团,8.34,0.12,0.01,18002.0,15020264.0,1.44,8.39,8.27,8.27,8.33,1.12,0.19,33.62,1.53,8092624416.0,7948996197.0,-0.24,-0.36,2.84,-9.54
3371,600630,龙头股份,8.44,0.12,0.01,14935.0,12585502.0,1.07,8.47,8.38,8.43,8.43,1.97,0.35,49.39,4.64,3585831879.0,3585831879.0,0.0,-0.24,-4.31,-10.97
3372,000544,中原环保,8.34,0.12,0.01,12000.0,9983396.0,1.08,8.37,8.28,8.3,8.33,2.11,0.12,5.66,0.96,8128868630.0,8128868630.0,0.0,0.12,0.0,-4.47
3373,301151,冠龙节能,16.29,0.12,0.02,3062.0,4977905.0,0.98,16.34,16.18,16.25,16.27,1.22,0.55,84.39,1.36,2774739394.0,907954818.0,-0.06,0.06,3.36,8.74
3374,003021,兆威机电,103.02,0.12,0.12,14285.0,146158314.5,1.55,103.39,101.8,102.9,102.9,2.69,0.69,113.08,7.67,24745764570.0,21242433484.0,0.38,0.7,-36.52,39.92
3375,300456,赛微电子,16.42,0.12,0.02,17225.0,28229797.0,1.16,16.49,16.3,16.43,16.4,1.71,0.29,1137.62,2.38,12022939660.0,9745213811.0,0.06,0.18,-13.53,-4.42
3376,601666,平煤股份,8.44,0.12,0.01,15397.0,13006498.0,0.59,8.48,8.43,8.45,8.43,0.95,0.06,34.41,0.93,20890277478.0,20841344046.0,0.0,0.0,0.72,-15.77
3377,300445,康斯特,16.24,0.12,0.02,4333.0,7023032.0,0.99,16.3,16.14,16.3,16.22,1.88,0.31,38.88,2.88,3449863411.0,2307131426.0,-0.06,0.0,-11.69,0.37
3378,688138,清溢光电,25.19,0.12,0.03,2058.0,5182367.0,0.76,25.25,25.06,25.2,25.16,1.14,0.08,38.31,2.91,7929812000.0,6720692000.0,-0.08,0.04,-12.23,10.0
3379,002939,长城证券,8.04,0.12,0.01,41503.0,33396637.9,0.87,8.08,8.01,8.02,8.03,2.45,0.12,13.4,1.06,32436792726.0,28040488574.0,-0.25,-0.12,-0.99,-1.95
3380,300741,华宝股份,17.15,0.12,0.02,6591.0,11320317.0,1.46,17.28,17.03,17.12,17.13,2.81,0.11,54.13,1.54,10562342000.0,10562293123.0,-0.06,-0.06,6.26,-1.1
3381,301629,矽电股份,154.9,0.12,0.19,1357.0,21045446.0,0.62,155.56,154.6,154.88,154.71,1.38,1.3,140.46,5.61,6463554743.0,1615888763.0,-0.19,-0.26,201.83,201.83
3382,002031,巨轮智能,8.29,0.12,0.01,139017.0,114797300.0,1.09,8.31,8.22,8.23,8.28,1.72,0.7,-148.84,8.34,18232990104.0,16432836028.0,-0.12,0.0,-23.03,66.8
3383,301585,蓝宇股份,33.09,0.12,0.04,1801.0,5951547.6,0.82,33.22,32.95,33.2,33.05,1.35,0.73,64.32,3.7,3441360000.0,815849866.0,0.03,0.12,-20.84,-6.97
3384,000635,英 力 特,8.43,0.12,0.01,7662.0,6440829.0,2.02,8.54,8.37,8.43,8.42,1.35,0.25,-7.78,2.5,2558393193.0,2555028485.0,0.0,0.36,9.77,8.35
3385,603995,甬金股份,16.7,0.12,0.02,16468.0,27554682.0,0.96,16.79,16.63,16.63,16.68,3.56,0.45,14.73,1.11,6105807173.0,6105807173.0,-0.18,-0.24,-16.29,-8.69
3386,002140,东华科技,9.17,0.11,0.01,8145.0,7482420.0,0.76,9.22,9.15,9.18,9.16,1.74,0.15,13.45,1.45,6492487206.0,4983358032.0,-0.22,-0.33,-10.01,-7.19
3387,601800,中国交建,8.86,0.11,0.01,35379.0,31327529.0,0.79,8.88,8.81,8.84,8.85,2.05,0.03,6.6,0.5,144228497226.0,104080505866.0,0.0,-0.11,-7.13,-14.06
3388,301391,卡莱特,36.87,0.11,0.04,1861.0,6830866.0,1.33,36.95,36.46,36.83,36.83,0.96,0.38,277.93,1.69,3503196082.0,1818306508.0,0.11,0.19,-16.51,-0.38
3389,300826,测绘股份,17.52,0.11,0.02,10218.0,17996568.0,2.34,17.8,17.39,17.46,17.5,2.65,0.63,150.97,2.18,2917170000.0,2819496508.0,0.06,-0.17,12.45,-4.16
3390,688188,柏楚电子,191.01,0.11,0.21,1211.0,23067873.0,1.14,191.88,189.7,190.33,190.8,1.83,0.06,38.51,7.4,39346864659.0,39346864659.0,-0.12,0.37,1.44,-1.67
3391,600218,全柴动力,8.85,0.11,0.01,13617.0,12045409.0,1.36,8.9,8.78,8.78,8.84,0.94,0.31,32.3,1.19,3855059283.0,3855059283.0,0.11,0.11,0.0,12.03
3392,300253,卫宁健康,9.49,0.11,0.01,50479.0,47879682.9,1.58,9.58,9.43,9.46,9.48,1.78,0.26,992.43,3.56,20997544429.0,18152102583.0,-0.21,-0.21,-21.83,32.73
3393,688209,英集芯,17.84,0.11,0.02,3845.0,6852995.0,1.8,18.03,17.71,17.8,17.82,1.57,0.13,97.5,3.81,7659272265.0,5333613614.0,0.28,0.0,-10.53,0.96
3394,603931,格林达,27.42,0.11,0.03,2996.0,8216877.0,1.53,27.69,27.27,27.4,27.39,1.74,0.15,42.99,3.43,5471890780.0,5471890780.0,0.04,0.07,-8.08,18.24
3395,300623,捷捷微电,28.03,0.11,0.03,34304.0,95987199.97,1.43,28.2,27.8,28.04,28.0,3.58,0.48,52.17,3.94,23323200130.0,19957016913.0,-0.04,-0.28,-17.34,-17.94
3396,301296,新巨丰,9.4,0.11,0.01,2228.0,2092937.0,0.85,9.45,9.37,9.45,9.39,0.75,0.08,75.2,1.5,3948000000.0,2553786858.0,0.11,0.11,-1.47,-7.39
3397,001226,拓山重工,28.11,0.11,0.03,3304.0,9296596.0,1.21,28.35,28.01,28.08,28.08,2.19,1.77,64.7,2.8,2098880937.0,524720937.0,-0.25,0.07,-8.23,2.78
3398,301580,爱迪特,56.01,0.11,0.06,1099.0,6144956.0,0.95,56.16,55.63,55.98,55.95,1.77,0.58,34.08,2.17,4263342687.0,1065835686.0,0.25,0.23,2.1,-3.6
3399,600865,百大集团,9.31,0.11,0.01,6257.0,5827054.0,0.97,9.35,9.26,9.28,9.3,0.91,0.17,52.09,1.53,3502797342.0,3502797342.0,0.0,0.11,3.56,-20.9
3400,300426,华智数媒,9.38,0.11,0.01,7682.0,7207404.0,1.28,9.46,9.34,9.34,9.37,1.6,0.19,-49.1,8.68,4270171930.0,3752000000.0,0.11,-0.11,-6.2,-4.96
3401,601519,大智慧,9.13,0.11,0.01,45941.0,41956082.0,1.21,9.18,9.07,9.15,9.12,1.98,0.23,1923.27,12.83,18295292928.0,18295292928.0,0.11,-0.11,5.31,-1.3
3402,002432,九安医疗,37.72,0.11,0.04,7556.0,28520209.0,0.58,37.85,37.63,37.69,37.68,1.91,0.17,16.8,0.84,17889885808.0,16853522358.0,0.13,0.08,-9.26,-7.5
3403,300054,鼎龙股份,27.91,0.11,0.03,9787.0,27341809.0,1.22,28.1,27.76,27.88,27.88,1.18,0.13,46.43,5.62,26187746215.0,20323628530.0,0.04,-0.32,-4.55,7.26
3404,600055,万东医疗,18.71,0.11,0.02,10196.0,19044956.0,0.8,18.77,18.62,18.69,18.69,1.88,0.15,93.82,2.79,13154272395.0,13154272395.0,0.21,0.27,7.28,24.98
3405,603008,喜临门,17.65,0.11,0.02,11585.0,20501560.0,2.1,17.94,17.57,17.7,17.63,2.15,0.31,23.05,1.71,6555942122.0,6555942122.0,0.06,0.11,4.31,5.31
3406,600415,小商品城,18.19,0.11,0.02,148541.0,270332773.0,2.37,18.45,18.02,18.4,18.17,3.52,0.27,31.04,4.68,99747519394.0,99733232968.0,-0.22,0.11,37.18,35.65
3407,000501,武商集团,9.08,0.11,0.01,13699.0,12408435.4,0.55,9.08,9.03,9.04,9.07,1.28,0.18,12.24,0.63,6982453997.0,6976108530.0,0.0,0.11,7.08,-13.19
3408,603288,海天味业,44.45,0.11,0.05,16584.0,73617991.0,1.33,44.59,44.0,44.4,44.4,1.28,0.03,28.06,8.73,247168694181.0,247168694181.0,0.02,-0.16,10.13,-3.16
3409,600298,安琪酵母,38.06,0.11,0.04,7002.0,26579635.0,0.92,38.15,37.8,38.03,38.02,0.89,0.08,22.32,2.95,33041350206.0,32623146926.0,0.0,0.11,11.38,5.58
3410,600099,林海股份,10.48,0.1,0.01,7669.0,8007286.0,1.24,10.52,10.39,10.48,10.47,2.02,0.35,164.33,4.33,2296377600.0,2296377600.0,0.0,0.38,9.51,19.09
3411,300942,易瑞生物,9.58,0.1,0.01,13511.0,12955007.0,1.25,9.65,9.53,9.53,9.57,1.88,0.34,-287.25,4.86,3844623231.0,3844623231.0,0.1,0.1,11.66,12.05
3412,301048,金鹰重工,10.13,0.1,0.01,11251.0,11372207.0,1.09,10.16,10.05,10.05,10.12,1.09,0.21,38.62,2.01,5402667342.0,5402667342.0,0.0,0.0,10.59,8.11
3413,300052,ST中青宝,9.57,0.1,0.01,17724.0,16959891.0,1.88,9.64,9.46,9.53,9.56,2.14,0.68,-53.39,6.37,2505987855.0,2505892155.0,-0.1,-0.42,-45.66,-42.97
3414,600977,中国电影,10.39,0.1,0.01,16201.0,16853278.0,0.77,10.43,10.35,10.4,10.38,2.58,0.09,-34.45,1.78,19398130000.0,19398130000.0,0.0,-0.29,-3.08,-10.28
3415,000795,英洛华,10.11,0.1,0.01,61205.0,61985605.0,1.78,10.2,10.02,10.04,10.1,3.61,0.54,41.63,4.38,11461546281.0,11461546281.0,0.1,0.3,-14.47,5.2
3416,688169,石头科技,228.22,0.1,0.22,1614.0,36888040.0,1.57,229.59,226.0,228.5,228.0,0.87,0.09,39.43,3.21,42187178362.0,42187178362.0,-0.09,-0.25,-2.8,4.07
3417,600702,舍得酒业,51.32,0.1,0.05,7914.0,40631435.0,0.98,51.5,51.0,51.0,51.27,1.93,0.24,12.35,2.46,17095843672.0,17070000870.0,-0.02,-0.12,-3.17,-21.66
3418,300940,南极光,19.75,0.1,0.02,57951.0,113722629.6,3.09,20.01,19.4,19.44,19.73,3.24,3.93,36.98,3.96,4397226347.0,2912089172.0,0.2,0.25,25.96,46.3
3419,002332,仙琚制药,9.56,0.1,0.01,50868.0,48678421.0,1.68,9.67,9.51,9.55,9.55,3.52,0.52,16.42,1.65,9456798519.0,9412524677.0,0.31,0.42,3.13,-0.83
3420,600148,长春一东,19.47,0.1,0.02,7031.0,13657666.0,1.23,19.57,19.33,19.55,19.45,1.1,0.5,-1659.08,5.92,2755325282.0,2755325282.0,0.05,0.36,0.72,8.53
3421,831832,科达自控,29.04,0.1,0.03,4484.0,13060368.8,2.31,29.49,28.82,29.43,29.01,1.08,0.72,-91.4,3.25,2244211200.0,1805800680.0,0.03,0.03,-17.71,36.47
3422,000155,川能动力,10.01,0.1,0.01,12543.0,12544400.0,0.4,10.02,9.98,10.02,10.0,1.09,0.07,19.51,1.76,18480145103.0,18480145103.0,0.1,0.0,-9.08,-6.27
3423,002859,洁美科技,19.14,0.1,0.02,4946.0,9471797.8,0.78,19.22,19.07,19.13,19.12,0.97,0.12,61.14,2.92,8247669978.0,7762915734.0,-0.05,-0.1,-7.27,-7.22
3424,603393,新天然气,29.8,0.1,0.03,3035.0,9033141.0,0.84,29.83,29.58,29.68,29.77,1.18,0.07,8.37,1.48,12632855545.0,12611995664.0,0.0,0.07,2.76,-1.55
3425,600894,广日股份,10.33,0.1,0.01,3902.0,4023802.0,0.39,10.33,10.29,10.32,10.32,0.88,0.05,-173.58,1.03,9026959286.0,8883251425.0,0.1,0.0,-17.16,-29.25
3426,600995,南网储能,9.99,0.1,0.01,24407.0,24349486.0,0.8,10.02,9.94,9.98,9.98,1.52,0.22,21.34,1.48,31928097992.0,11079925414.0,-0.1,0.0,3.2,-0.6
3427,301376,致欧科技,19.24,0.1,0.02,6716.0,12765112.55,2.03,19.24,18.85,19.22,19.22,2.24,0.35,17.45,2.31,7741954259.0,3724140076.0,0.37,0.47,-1.84,0.63
3428,601615,明阳智能,10.25,0.1,0.01,36841.0,37907443.0,1.07,10.33,10.22,10.23,10.24,1.7,0.16,19.27,0.88,23282841237.0,23282841237.0,-0.1,-0.39,-5.0,-18.72
3429,000565,渝三峡Ａ,9.63,0.1,0.01,122914.0,117667513.5,2.39,9.66,9.43,9.63,9.62,1.22,2.83,198.83,3.35,4175493079.0,4175493079.0,0.31,0.42,77.35,78.0
3430,300654,世纪天鸿,10.17,0.1,0.01,14906.0,15202976.0,1.67,10.28,10.11,10.13,10.16,1.62,0.42,177.52,4.47,3723489745.0,3586433048.0,-0.1,-0.39,-9.28,1.29
3431,300825,阿尔特,10.2,0.1,0.01,22565.0,22988492.5,0.98,10.25,10.15,10.19,10.19,1.32,0.47,102.47,2.27,5080012906.0,4940984040.0,-0.1,-0.1,-20.56,-9.73
3432,002383,合众思壮,9.86,0.1,0.01,276132.0,277086205.56,6.6,10.46,9.81,10.0,9.85,3.24,3.73,679.26,4.36,7299952607.0,7299952607.0,0.2,-0.2,7.76,25.13
3433,688010,福光股份,31.03,0.1,0.03,4311.0,13407970.0,1.26,31.29,30.9,30.9,31.0,1.17,0.27,-62.64,2.96,4982225765.0,4982225765.0,0.16,-0.35,-14.52,8.88
3434,300864,南大环境,19.52,0.1,0.02,1521.0,2966531.0,0.87,19.56,19.39,19.39,19.5,1.26,0.1,17.05,2.49,3054658819.0,3054658819.0,-0.2,0.0,-5.43,-2.98
3435,002880,卫光生物,29.27,0.1,0.03,5806.0,16914936.0,0.96,29.28,29.0,29.08,29.24,3.15,0.26,37.92,2.94,6638436000.0,6615400510.0,0.17,0.24,11.34,8.37
3436,920099,瑞华技术,33.11,0.09,0.03,987.0,3265401.34,1.0,33.24,32.91,33.06,33.08,0.85,0.25,39.5,3.06,2595823934.0,1304018577.0,-0.18,-0.3,0.03,14.81
3437,601699,潞安环能,10.7,0.09,0.01,21266.0,22748852.0,0.47,10.73,10.68,10.73,10.69,1.64,0.07,12.17,0.68,32008078440.0,32008078440.0,0.0,0.0,-9.63,-25.49
3438,300834,星辉环材,22.3,0.09,0.02,27229.0,61540438.0,4.31,23.11,22.15,22.71,22.28,9.68,3.95,58.77,1.45,4319785472.0,1536142413.0,0.09,0.5,11.67,12.85
3439,002136,安 纳 达,10.97,0.09,0.01,48227.0,52989261.47,2.01,11.12,10.9,11.08,10.96,1.03,2.25,-57.48,2.03,2358769400.0,2352579687.0,-0.18,-0.45,10.81,12.51
3440,001367,海森药业,23.15,0.09,0.02,21225.0,49014234.94,2.72,23.51,22.88,23.12,23.13,1.58,5.48,28.17,2.58,3517097086.0,896111336.0,0.13,0.48,19.95,26.57
3441,688419,耐科装备,34.44,0.09,0.03,799.0,2747017.0,0.81,34.55,34.27,34.52,34.41,1.55,0.36,30.97,2.77,2824080000.0,763124723.0,0.06,0.15,-1.74,10.81
3442,301149,隆华新材,11.24,0.09,0.01,8075.0,9075607.0,1.07,11.32,11.2,11.23,11.23,0.82,0.31,21.15,2.45,4833200202.0,2919242538.0,-0.18,0.09,-2.77,13.65
3443,603677,奇精机械,22.58,0.09,0.02,25665.0,57912369.0,4.26,23.18,22.22,22.22,22.56,2.45,1.33,58.8,3.87,4348927532.0,4348927532.0,-0.79,-0.44,44.1,70.67
3444,603225,新凤鸣,10.8,0.09,0.01,7636.0,8265734.0,0.46,10.85,10.8,10.83,10.79,0.94,0.05,13.44,0.95,16467455984.0,16327131584.0,-0.09,-0.09,-12.48,-2.96
3445,300576,容大感光,33.6,0.09,0.03,7552.0,25373163.21,1.22,33.82,33.41,33.82,33.57,1.44,0.34,88.75,7.63,12287753352.0,7430202326.0,0.0,0.0,-15.89,-10.57
3446,002651,利君股份,11.59,0.09,0.01,174646.0,202662061.8,2.59,11.74,11.44,11.52,11.58,1.7,3.09,64.55,4.24,11977801400.0,6553723599.0,0.43,0.35,66.05,58.12
3447,300559,佳发教育,11.42,0.09,0.01,19184.0,21834948.56,2.02,11.5,11.27,11.37,11.41,2.42,0.62,-113.62,3.98,4562456355.0,3553182633.0,-0.17,-0.52,-9.51,-3.3
3448,300592,华凯易佰,11.02,0.09,0.01,7229.0,7953886.0,1.54,11.09,10.92,11.05,11.01,1.22,0.2,-73.9,1.9,4461401476.0,3909023811.0,-0.18,-0.09,-12.12,-22.83
3449,300466,赛摩智能,10.56,0.09,0.01,38422.0,40294551.0,1.52,10.58,10.42,10.54,10.55,1.52,0.91,-127.59,7.86,5655195828.0,4435054874.0,0.28,0.0,25.42,41.74
3450,600873,梅花生物,10.54,0.09,0.01,25076.0,26471225.0,0.85,10.6,10.51,10.53,10.53,1.79,0.09,7.38,2.11,30068393425.0,30068393425.0,-0.19,0.0,18.03,9.68
3451,600007,中国国贸,22.07,0.09,0.02,2655.0,5867882.0,0.95,22.21,22.0,22.05,22.05,0.75,0.03,17.84,2.23,22230725525.0,22230725525.0,-0.05,0.05,-7.11,-9.77
3452,600769,祥龙电业,10.63,0.09,0.01,11453.0,12081912.0,1.98,10.67,10.46,10.67,10.62,2.42,0.31,219.62,37.08,3986007636.0,3986007636.0,-0.09,0.19,5.67,10.61
3453,600640,国脉文化,11.76,0.09,0.01,10788.0,12715041.0,1.28,11.84,11.69,11.75,11.75,2.22,0.14,400.86,2.36,9357384254.0,9357384254.0,-0.25,-0.34,-8.7,-1.51
3454,002810,山东赫达,11.47,0.09,0.01,8102.0,9275563.0,1.13,11.51,11.38,11.47,11.46,1.03,0.25,22.1,1.83,3993130392.0,3670515767.0,-0.09,-0.17,-10.04,-9.69
3455,831175,派诺科技,22.68,0.09,0.02,5487.0,12542059.95,2.56,23.16,22.58,22.78,22.66,2.51,1.1,-38.98,2.4,1805554800.0,1132764598.0,-0.22,-0.31,-7.09,22.46
3456,300470,中密控股,35.95,0.08,0.03,2617.0,9436583.0,0.67,36.19,35.95,36.19,35.92,1.38,0.13,19.83,2.69,7483757408.0,7100816139.0,-0.11,-0.19,-2.97,-4.64
3457,600855,航天长峰,12.49,0.08,0.01,56774.0,70835380.0,2.16,12.6,12.33,12.4,12.48,2.48,1.21,-34.16,3.73,5852098673.0,5840820203.0,0.32,0.0,7.49,-3.03
3458,603181,皇马科技,12.84,0.08,0.01,13095.0,16850985.0,1.09,12.94,12.8,12.87,12.83,1.32,0.22,18.57,2.35,7558908000.0,7558908000.0,-0.08,-0.08,7.18,11.36
3459,688150,莱特光电,23.96,0.08,0.02,3483.0,8319360.0,1.0,24.04,23.8,23.95,23.94,0.81,0.19,39.6,5.37,9642404537.0,4297065564.0,0.17,0.29,10.31,7.01
3460,300666,江丰电子,73.29,0.08,0.06,5505.0,40330617.42,0.63,73.49,73.03,73.14,73.23,1.25,0.25,30.92,4.15,19445352857.0,16200909362.0,0.03,-0.19,-3.32,5.53
3461,688001,华兴源创,24.15,0.08,0.02,2813.0,6792016.0,0.95,24.28,24.05,24.28,24.13,1.58,0.06,-88.58,3.25,10755874908.0,10755874908.0,-0.08,-0.04,-15.32,-10.89
3462,603071,物产环能,12.8,0.08,0.01,4565.0,5847767.0,0.86,12.88,12.77,12.82,12.79,2.74,0.08,11.55,1.34,7141816858.0,7141816858.0,0.08,0.08,4.49,-0.93
3463,688560,明冠新材,12.65,0.08,0.01,3103.0,3928186.0,0.95,12.73,12.61,12.63,12.64,1.48,0.15,-27.47,0.94,2546469263.0,2546469263.0,-0.16,0.24,-15.67,-1.09
3464,600703,三安光电,12.14,0.08,0.01,33366.0,40545348.0,0.58,12.18,12.11,12.11,12.13,1.17,0.07,71.45,1.63,60566687346.0,60566687346.0,-0.16,-0.16,-1.46,-0.25
3465,300907,康平科技,25.28,0.08,0.02,5245.0,13226305.0,1.54,25.48,25.09,25.29,25.26,2.04,0.55,32.07,3.14,2426880000.0,2426880000.0,0.04,0.32,10.15,20.15
3466,300634,彩讯股份,26.53,0.08,0.02,60068.0,158222179.14,2.64,26.8,26.1,26.45,26.51,2.61,1.38,40.72,4.32,11970625177.0,11532084277.0,0.04,-0.04,-8.77,22.37
3467,000001,平安银行,11.82,0.08,0.01,324518.0,384340373.41,0.59,11.88,11.81,11.82,11.81,2.63,0.17,4.07,0.53,229377953100.0,229373859267.0,-0.08,-0.08,1.37,1.03
3468,002949,华阳国际,14.38,0.07,0.01,9911.0,14273301.0,1.53,14.53,14.31,14.31,14.37,1.89,0.66,284.68,1.95,2819094644.0,2156652982.0,-0.07,-0.28,-19.98,-17.69
3469,300786,国林科技,13.83,0.07,0.01,8812.0,12153998.0,1.01,13.88,13.74,13.85,13.82,1.07,0.6,-104.11,2.24,2544939607.0,2028880971.0,-0.07,0.07,-9.61,-0.5
3470,688575,亚辉龙,14.97,0.07,0.01,4557.0,6805518.0,0.94,15.0,14.86,14.95,14.96,1.8,0.08,210.37,3.08,8539289196.0,8539289196.0,0.0,0.07,-12.86,-5.25
3471,300770,新媒股份,41.15,0.07,0.03,23080.0,96215499.83,2.5,42.13,41.1,41.5,41.12,6.3,1.01,14.66,2.64,9428736905.0,9428736905.0,-0.1,-0.56,6.86,1.83
3472,300047,天源迪科,14.77,0.07,0.01,76848.0,113324600.6,1.76,14.84,14.58,14.68,14.76,1.29,1.4,178.24,2.88,9419488805.0,8119349837.0,-0.27,-0.34,0.0,25.81
3473,688277,天智航-U,13.84,0.07,0.01,21712.0,29791492.0,2.39,13.94,13.61,13.78,13.83,1.92,0.48,-118.61,4.69,6264933272.0,6264933272.0,0.8,0.95,-2.19,38.54
3474,002123,梦网科技,14.75,0.07,0.01,114613.0,168314117.0,1.29,14.8,14.61,14.61,14.74,1.5,1.59,795.57,6.69,11879630678.0,10620702366.0,0.0,0.14,-24.74,36.45
3475,002849,威星智能,15.39,0.07,0.01,8002.0,12322568.0,1.82,15.59,15.31,15.4,15.38,1.39,0.42,31.34,2.55,3395557506.0,2922644799.0,0.13,0.0,-10.83,-13.64
3476,688091,上海谊众,43.28,0.07,0.03,3821.0,16477049.0,1.23,43.4,42.87,43.24,43.25,2.57,0.18,157.66,6.29,8946133539.0,8946133539.0,0.16,0.05,7.29,8.42
3477,301078,孩子王,15.28,0.07,0.01,209722.0,315921282.24,2.75,15.3,14.88,15.0,15.27,2.4,1.67,155.44,4.87,19279892448.0,19171670473.0,0.13,0.39,2.21,34.86
3478,002590,万安科技,14.06,0.07,0.01,135978.0,190490934.27,3.49,14.2,13.71,14.2,14.05,1.46,2.75,60.03,2.49,7297877827.0,6959093522.0,-0.07,0.64,0.93,15.06
3479,603596,伯特利,54.76,0.07,0.04,4227.0,23165613.0,0.58,54.98,54.66,54.78,54.72,0.84,0.07,30.71,4.87,33212532503.0,33200841243.0,-0.13,-0.24,-8.66,22.81
3480,600312,平高电气,15.36,0.07,0.01,34072.0,52313768.0,0.65,15.41,15.31,15.36,15.35,1.38,0.25,14.54,1.92,20842311306.0,20842311306.0,0.13,0.07,-2.66,-19.67
3481,603155,新亚强,13.83,0.07,0.01,4518.0,6253660.0,1.09,13.95,13.8,13.83,13.82,1.98,0.14,35.4,2.01,4367331444.0,4367331444.0,0.0,0.07,1.39,2.83
3482,000066,中国长城,14.53,0.07,0.01,83305.0,121143075.01,0.76,14.61,14.5,14.56,14.52,0.5,0.26,-73.46,4.29,46870860749.0,46867820346.0,0.0,0.0,-11.94,-0.27
3483,838262,太湖雪,26.75,0.07,0.02,5214.0,13902213.7,2.06,26.95,26.4,26.73,26.73,1.51,1.67,57.18,5.75,1848804449.0,834209637.0,0.04,0.19,23.39,41.83
3484,688657,浩辰软件,41.95,0.07,0.03,866.0,3639360.0,1.53,42.36,41.72,41.76,41.92,1.64,0.21,100.1,2.01,2748324382.0,1694335288.0,0.02,0.07,-4.7,7.65
3485,603895,天永智能,27.42,0.07,0.02,2765.0,7518278.0,1.5,27.42,27.01,27.3,27.4,1.16,0.26,112.04,15.74,2963553600.0,2963553600.0,0.66,0.77,-3.79,33.63
3486,002576,通达动力,16.17,0.06,0.01,30895.0,49866186.0,2.35,16.37,15.99,16.29,16.16,1.65,1.91,35.14,2.09,2669667000.0,2617967807.0,-0.19,-0.06,-1.88,-5.66
3487,603078,江化微,17.56,0.06,0.01,14301.0,25082536.0,0.68,17.62,17.5,17.6,17.55,1.74,0.37,63.13,3.57,6771790075.0,6771790075.0,0.0,0.0,-2.01,5.28
3488,301111,粤万年青,16.37,0.06,0.01,9271.0,15071747.0,1.47,16.4,16.16,16.36,16.36,1.64,0.58,-190.25,3.48,2619200000.0,2619200000.0,0.61,0.8,4.4,0.86
3489,688484,南芯科技,32.68,0.06,0.02,4015.0,13094329.0,0.77,32.75,32.5,32.75,32.66,0.86,0.14,54.75,3.47,13903959041.0,9574268652.0,0.06,0.06,-16.72,-9.32
3490,603013,亚普股份,17.75,0.06,0.01,11865.0,20898103.0,1.52,17.8,17.53,17.75,17.74,0.64,0.23,17.62,2.15,9098636936.0,9098636936.0,0.68,0.97,7.58,18.49
3491,600309,万华化学,54.17,0.06,0.03,20821.0,112735077.0,0.44,54.25,54.01,54.14,54.14,1.52,0.07,13.8,1.77,170080074730.0,170080074730.0,0.0,-0.09,-19.37,-23.29
3492,688508,芯朋微,51.58,0.06,0.03,3342.0,17225555.0,1.4,52.0,51.28,51.33,51.55,1.49,0.25,41.23,2.73,6772987647.0,6772987647.0,0.0,-0.04,-4.25,21.14
3493,688562,航天软件,17.05,0.06,0.01,3600.0,6136134.0,1.17,17.13,16.93,17.02,17.04,1.09,0.21,-38.28,4.03,6820000000.0,2949991000.0,0.0,0.0,-0.41,7.17
3494,300828,锐新科技,15.46,0.06,0.01,19105.0,29423373.0,2.46,15.57,15.19,15.48,15.45,6.55,1.53,55.52,3.38,2572884120.0,1928452417.0,-0.13,0.0,-1.78,-6.42
3495,002967,广电计量,16.68,0.06,0.01,6623.0,11054311.12,0.6,16.76,16.66,16.7,16.67,1.43,0.13,504.23,2.99,9728540711.0,8835748599.0,-0.06,-0.18,-13.44,4.12
3496,301283,聚胶股份,33.35,0.06,0.02,5123.0,17015215.0,1.59,33.5,32.97,33.03,33.33,1.78,1.12,18.88,1.77,2681934364.0,1529950460.0,0.45,0.3,27.73,34.91
3497,688069,德林海,17.7,0.06,0.01,637.0,1124757.0,1.02,17.79,17.61,17.69,17.69,0.56,0.06,-106.39,1.62,2000100000.0,2000100000.0,-0.23,0.0,16.75,17.84
3498,002049,紫光国微,64.28,0.06,0.04,12504.0,80316753.56,0.59,64.42,64.04,64.2,64.24,1.4,0.15,114.47,4.43,54613795752.0,54600952608.0,-0.02,-0.06,-6.43,-0.14
3499,603517,绝味食品,16.52,0.06,0.01,19749.0,32509726.0,1.03,16.56,16.39,16.5,16.51,1.49,0.33,20.86,1.57,10011151983.0,10011151983.0,-0.12,0.43,8.33,0.49
3500,002039,黔源电力,15.81,0.06,0.01,6976.0,11036805.24,0.51,15.86,15.78,15.81,15.8,1.53,0.16,32.59,1.7,6759693972.0,6759693972.0,-0.06,0.0,8.59,3.6
3501,300966,共同药业,17.82,0.06,0.01,4933.0,8734153.0,1.52,17.88,17.61,17.81,17.81,1.67,0.64,474.61,2.49,2054279193.0,1366169801.0,0.22,0.34,5.57,10.48
3502,601965,中国汽研,18.09,0.06,0.01,2505.0,4526187.0,0.72,18.13,18.0,18.09,18.08,0.6,0.03,25.48,2.51,18149438078.0,17975706783.0,-0.11,0.0,-1.09,3.25
3503,603052,可川科技,36.38,0.06,0.02,628.0,2279999.0,0.91,36.49,36.16,36.37,36.36,0.61,0.15,113.88,4.43,4905770240.0,1490270320.0,0.06,0.14,-4.01,2.16
3504,300398,飞凯材料,20.41,0.05,0.01,123338.0,250696784.63,3.58,20.73,20.0,20.3,20.4,2.0,2.19,24.16,2.52,11571377045.0,11508183419.0,0.34,-0.05,23.47,29.51
3505,003004,*ST声迅,19.51,0.05,0.01,2624.0,5112278.0,1.23,19.64,19.4,19.49,19.5,1.33,0.4,-28.35,2.53,1597072251.0,1283841639.0,0.0,-0.26,-21.77,-23.16
3506,300750,宁德时代,251.27,0.05,0.12,30955.0,781187283.03,0.94,253.6,251.25,252.5,251.15,1.57,0.08,20.51,4.74,1145617876718.0,980595329793.0,-0.31,-0.29,-2.02,-3.45
3507,300866,安克创新,98.21,0.05,0.05,8842.0,86304519.82,1.7,98.5,96.83,98.15,98.16,1.79,0.3,26.32,6.09,52202366524.0,29295068659.0,0.34,0.33,-12.59,2.15
3508,920019,铜冠矿建,21.72,0.05,0.01,3583.0,7783114.74,1.43,21.9,21.59,21.9,21.71,1.69,0.64,54.04,4.87,4566992724.0,1213385628.0,0.23,-0.46,-6.18,10.82
3509,600521,华海药业,18.62,0.05,0.01,270709.0,499178985.0,2.9,18.69,18.15,18.38,18.61,4.2,1.85,23.6,2.94,28077243869.0,27310988732.0,0.43,0.43,24.22,4.2
3510,603369,今世缘,43.87,0.05,0.02,10882.0,47782460.0,1.19,44.15,43.63,43.78,43.85,1.81,0.09,8.32,3.51,54697117623.0,54697117623.0,0.14,-0.05,-14.15,-3.01
3511,600036,招商银行,43.99,0.05,0.02,88795.0,391899829.0,0.68,44.27,43.97,44.05,43.97,1.84,0.04,7.44,1.04,1109421007988.0,907467265432.0,-0.29,-0.32,2.56,11.93
3512,003023,彩虹集团,19.31,0.05,0.01,3838.0,7419776.0,0.98,19.45,19.26,19.26,19.3,1.55,0.37,16.32,1.29,2034146296.0,2028946963.0,0.1,0.05,2.82,7.94
3513,838810,春光智能,22.56,0.04,0.01,6776.0,15315974.7,2.0,22.88,22.43,22.48,22.55,1.26,1.52,129.67,6.7,1545360000.0,1005653014.0,-0.18,0.22,18.12,161.11
3514,600436,片仔癀,204.88,0.04,0.08,2526.0,51758427.0,0.41,205.18,204.35,204.75,204.8,1.85,0.04,30.91,8.1,123607629985.0,123607629985.0,0.07,0.09,2.1,-4.48
3515,688267,中触媒,26.03,0.04,0.01,1368.0,3556422.0,0.65,26.1,25.93,26.0,26.02,0.71,0.15,28.16,1.65,4586486000.0,2415770349.0,-0.12,0.0,-3.31,10.77
3516,300130,新国都,26.16,0.04,0.01,160021.0,418327300.15,3.63,26.6,25.65,25.76,26.15,1.96,3.69,23.72,3.4,14840545058.0,11359860527.0,-0.3,-0.65,18.42,20.78
3517,688646,ST逸飞,26.5,0.04,0.01,2722.0,7244045.0,1.09,26.75,26.46,26.6,26.49,2.48,0.47,69.45,1.63,2521809112.0,1537884093.0,0.08,-0.08,-28.09,-21.39
3518,300628,亿联网络,33.65,0.03,0.01,10120.0,34169946.0,0.98,33.95,33.62,33.69,33.64,1.59,0.14,18.92,5.4,42527381547.0,24331086876.0,0.06,-0.18,-14.62,-9.79
3519,603259,药明康德,64.49,0.03,0.02,51802.0,333638359.0,1.15,64.77,64.03,64.45,64.47,1.88,0.21,12.68,3.16,186246641613.0,161284100700.0,0.14,0.3,10.11,20.07
3520,301318,维海德,30.66,0.03,0.01,3643.0,11162901.94,1.24,30.89,30.51,30.65,30.65,0.68,0.62,24.48,2.27,4143112658.0,1794028417.0,-0.16,-0.1,-4.69,5.18
3521,600809,山西汾酒,181.15,0.03,0.05,10716.0,194428337.0,0.96,182.23,180.5,181.0,181.1,1.83,0.09,8.31,5.76,220996518815.0,220996518815.0,0.08,-0.1,-7.86,-0.33
3522,688273,麦澜德,29.19,0.03,0.01,2442.0,7086900.0,1.06,29.24,28.93,29.19,29.18,1.71,0.66,18.31,2.16,2919000000.0,1074974000.0,0.48,0.55,18.13,24.9
3523,603589,口子窖,36.11,0.03,0.01,5275.0,19048440.0,0.53,36.2,36.01,36.09,36.1,1.96,0.09,8.87,1.95,21666000000.0,21598094134.0,0.06,0.06,1.4,-7.98
3524,603120,肯特催化,38.01,0.03,0.01,6710.0,25384718.0,1.32,38.18,37.68,38.0,38.0,1.42,3.03,48.93,3.0,3436104000.0,841686674.0,0.5,0.5,153.4,153.4
3525,603260,合盛硅业,47.48,0.02,0.01,2836.0,13482421.0,0.76,47.67,47.31,47.47,47.47,2.04,0.02,54.04,1.7,56131185559.0,56131185559.0,0.02,-0.23,-11.63,-14.54
3526,300604,长川科技,41.72,0.02,0.01,14482.0,60461661.55,0.82,41.97,41.63,41.65,41.71,1.3,0.3,59.24,7.59,26303035429.0,20281181518.0,0.0,-0.14,-9.01,-5.46
3527,001400,江顺科技,56.72,0.02,0.01,1206.0,6842967.0,0.35,56.84,56.64,56.64,56.71,0.94,0.8,25.4,2.74,3403200000.0,850800000.0,-0.04,-0.04,51.82,51.82
3528,600536,中国软件,43.93,0.02,0.01,14856.0,65340871.0,0.39,44.07,43.9,43.9,43.92,0.77,0.18,-115.78,18.64,37338852581.0,37061803467.0,-0.05,-0.11,-7.4,-5.91
3529,001314,亿道信息,43.86,0.02,0.01,5575.0,24386064.0,1.71,44.18,43.43,43.76,43.85,1.92,1.08,-983.91,3.01,6203834718.0,2269733114.0,0.11,-0.16,-19.54,-15.41
3530,301289,国缆检测,53.42,0.02,0.01,17735.0,95690863.0,4.04,54.86,52.7,53.99,53.41,4.27,7.12,49.13,4.18,4166760000.0,1330264893.0,0.02,0.0,3.93,9.33
3531,002370,亚太药业,3.59,0.0,0.0,67567.0,24145914.84,3.06,3.64,3.53,3.59,3.59,2.43,0.91,-85.76,2.79,2676946433.0,2676946433.0,0.56,0.56,7.81,17.7
3532,300051,琏升科技,7.09,0.0,0.0,12047.0,8540065.0,1.83,7.16,7.03,7.12,7.09,1.24,0.33,-28.3,12.01,2637314732.0,2592581972.0,-0.14,-0.14,1.29,5.98
3533,002003,伟星股份,11.51,0.0,0.0,9793.0,11312252.0,0.96,11.59,11.48,11.48,11.51,1.91,0.1,33.52,3.27,13453919906.0,11720230576.0,-0.17,-0.17,-9.65,-17.02
3534,002493,荣盛石化,8.51,0.0,0.0,18411.0,15694575.0,0.59,8.55,8.5,8.52,8.51,1.36,0.02,36.61,1.99,86168217750.0,80830373438.0,0.0,-0.12,-2.07,-5.02
3535,300056,中创环保,13.07,0.0,0.0,18417.0,24205516.0,1.38,13.25,13.07,13.19,13.07,1.82,0.48,-109.66,27.53,5038360090.0,5034492024.0,-0.15,-0.23,-16.16,-1.58
3536,603098,森特股份,9.5,0.0,0.0,7732.0,7367399.0,1.05,9.59,9.49,9.56,9.5,2.2,0.14,37.6,1.84,5127149791.0,5118599791.0,0.11,0.0,0.0,-1.04
3537,300195,长荣股份,6.73,0.0,0.0,21104.0,14160570.0,1.63,6.77,6.66,6.71,6.73,1.4,0.67,155.49,1.07,2851553198.0,2112630997.0,0.15,0.6,-1.61,19.54
3538,600816,建元信托,2.7,0.0,0.0,110302.0,29758263.0,1.11,2.71,2.68,2.69,2.7,3.32,0.2,252.26,1.92,26580010286.0,14766672381.0,0.0,0.0,-11.76,-22.86
3539,002516,旷达科技,5.15,0.0,0.0,19314.0,9946519.0,1.55,5.2,5.12,5.15,5.15,1.72,0.13,43.07,2.1,7574819212.0,7489354962.0,0.0,0.0,4.46,3.21
3540,600814,杭州解百,7.9,0.0,0.0,5018.0,3963058.0,0.51,7.92,7.88,7.89,7.9,0.8,0.07,16.73,1.56,5807334224.0,5762987969.0,-0.13,0.0,-5.5,-4.7
3541,603171,税友股份,39.73,0.0,0.0,5011.0,19863942.0,1.13,39.95,39.5,39.8,39.73,2.37,0.12,163.27,6.63,16160703923.0,16126009700.0,0.33,0.35,-9.58,31.12
3542,002492,恒基达鑫,5.67,0.0,0.0,20389.0,11495355.0,1.94,5.7,5.59,5.68,5.67,2.24,0.51,27.61,1.35,2296350000.0,2255722891.0,0.71,0.89,14.31,18.37
3543,603077,和邦生物,1.76,0.0,0.0,51015.0,8940610.0,0.57,1.76,1.75,1.75,1.76,0.63,0.06,310.43,0.86,15543000401.0,15543000401.0,0.57,0.57,-3.83,-13.73
3544,002320,海峡股份,5.89,0.0,0.0,11905.0,7007565.0,0.68,5.91,5.87,5.89,5.89,1.29,0.05,27.52,3.04,13128416471.0,13128416471.0,0.0,0.17,-9.66,-9.52
3545,001360,南矿集团,13.44,0.0,0.0,1651.0,2218063.0,0.97,13.49,13.36,13.48,13.44,1.2,0.2,36.91,1.99,2741760000.0,1099138602.0,0.0,0.15,-1.1,2.99
3546,001979,招商蛇口,8.59,0.0,0.0,59997.0,51586038.0,0.35,8.61,8.58,8.59,8.59,1.46,0.07,43.68,0.78,77832582760.0,72652677614.0,-0.12,-0.12,-11.81,-16.11
3547,600518,康美药业,1.95,0.0,0.0,266903.0,52078581.0,0.51,1.96,1.95,1.96,1.95,2.1,0.19,794.59,3.76,27034540046.0,26953586767.0,0.0,-0.51,-8.02,-16.67
3548,002326,永太科技,12.53,0.0,0.0,102000.0,127798376.0,2.0,12.65,12.4,12.65,12.53,2.27,1.27,274.06,4.27,11595271961.0,10074532676.0,-0.16,-0.32,-1.26,40.16
3549,600828,茂业商业,4.07,0.0,0.0,34345.0,13950267.0,1.23,4.09,4.04,4.07,4.07,1.06,0.2,122.88,1.01,7049168962.0,7046635937.0,0.0,0.49,19.71,-6.86
3550,600824,益民集团,4.29,0.0,0.0,37865.0,16177082.0,0.7,4.29,4.26,4.29,4.29,1.16,0.36,82.88,1.86,4521776143.0,4521776143.0,0.47,0.23,-1.83,-4.03
3551,688571,杭华股份,7.24,0.0,0.0,3203.0,2318823.0,0.97,7.29,7.22,7.25,7.24,1.23,0.08,26.84,1.93,3041730340.0,3041730340.0,-0.14,0.0,-7.18,7.9
3552,600841,动力新科,5.88,0.0,0.0,42837.0,25132249.0,1.87,5.94,5.83,5.92,5.88,1.09,0.41,-9.71,2.47,8160392090.0,6132983966.0,0.34,0.51,-9.26,15.98
3553,600838,上海九百,8.25,0.0,0.0,7067.0,5826240.0,0.61,8.27,8.22,8.26,8.25,0.87,0.18,67.03,2.17,3307276343.0,3307276343.0,0.12,0.24,-0.72,-15.21
3554,002344,海宁皮城,4.36,0.0,0.0,23968.0,10453414.0,0.46,4.37,4.35,4.37,4.36,1.71,0.19,23.4,0.66,5592209946.0,5587122401.0,-0.23,-0.23,2.35,-6.24
3555,600538,国发股份,5.74,0.0,0.0,15135.0,8688604.0,1.22,5.78,5.71,5.73,5.74,1.8,0.29,239.23,3.86,3008898518.0,3008898518.0,0.0,0.17,9.96,11.24
3556,688057,金达莱,11.89,0.0,0.0,2132.0,2537254.0,0.84,11.95,11.85,11.9,11.89,0.93,0.08,16.7,1.03,3281640000.0,3281640000.0,-0.17,-0.17,6.16,7.12
3557,002506,协鑫集成,2.21,0.0,0.0,33775.0,7483236.24,0.9,2.23,2.21,2.21,2.21,0.56,0.06,-16.33,6.05,12929199304.0,12916206658.0,-0.45,-0.45,-11.24,-17.23
3558,300797,钢研纳克,13.73,0.0,0.0,9703.0,13336045.5,1.02,13.82,13.68,13.8,13.73,1.29,0.26,81.71,4.36,5255621574.0,5155211269.0,0.15,0.15,11.17,16.26
3559,600583,海油工程,5.21,0.0,0.0,35180.0,18335853.0,0.58,5.23,5.2,5.22,5.21,1.29,0.08,10.65,0.89,23035258508.0,23035258508.0,0.0,-0.19,8.32,-1.14
3560,000950,重药控股,5.02,0.0,0.0,34668.0,17410628.42,1.2,5.06,5.0,5.02,5.02,2.42,0.2,17.32,0.76,8675487174.0,8675487174.0,0.2,0.4,-1.18,-6.69
3561,002508,老板电器,19.09,0.0,0.0,17901.0,34202954.0,0.58,19.16,19.05,19.14,19.09,3.16,0.19,13.26,1.63,18038883906.0,17821503614.0,0.05,-0.1,-9.95,-8.79
3562,000002,万  科Ａ,6.58,0.0,0.0,74579.0,49092487.32,0.3,6.59,6.57,6.59,6.58,1.39,0.08,-3.14,0.4,78504068319.0,63937437992.0,0.0,0.0,-12.62,-9.37
3563,300289,利德曼,5.05,0.0,0.0,11713.0,5897254.0,1.39,5.08,5.01,5.06,5.05,1.65,0.22,-548.69,1.65,2747258009.0,2742940259.0,0.0,0.2,1.81,3.06
3564,600578,京能电力,4.35,0.0,0.0,67825.0,29544903.0,1.61,4.39,4.32,4.37,4.35,1.53,0.1,6.85,1.29,29121601415.0,29121601415.0,-0.46,0.0,31.02,23.58
3565,300246,宝莱特,7.66,0.0,0.0,19587.0,15051229.0,1.7,7.76,7.63,7.72,7.66,2.89,0.93,35.07,1.72,2026648537.0,1618529827.0,-0.13,0.13,5.08,16.24
3566,603029,XD天鹅股,18.22,0.0,0.0,5004.0,9063405.0,1.37,18.26,18.01,18.26,18.22,1.18,0.41,75.07,2.5,2210851240.0,2210851240.0,-0.22,0.55,6.61,6.43
3567,000965,天保基建,3.88,0.0,0.0,67883.0,26365310.8,1.03,3.91,3.87,3.88,3.88,1.28,0.61,10.73,0.78,4306143873.0,4306143873.0,0.0,0.0,28.9,29.33
3568,301098,金埔园林,8.79,0.0,0.0,7362.0,6454391.0,1.48,8.83,8.7,8.7,8.79,2.04,0.49,26.89,1.23,1616756953.0,1315732416.0,0.0,0.11,7.46,10.57
3569,301175,中科环保,5.18,0.0,0.0,30714.0,15888854.0,0.77,5.2,5.16,5.2,5.18,1.07,0.49,24.54,2.2,7624338400.0,3221338400.0,0.0,0.19,2.98,-1.71
3570,000927,中国铁物,2.59,0.0,0.0,69838.0,18098696.0,1.16,2.61,2.58,2.59,2.59,2.29,0.12,22.17,1.65,15670415930.0,15670408005.0,0.0,0.39,2.78,-1.52
3571,000926,福星股份,2.15,0.0,0.0,53115.0,11418325.0,0.93,2.16,2.14,2.15,2.15,2.5,0.34,-8.91,0.37,3424874264.0,3382049225.0,0.0,0.47,-4.87,-15.69
3572,600517,国网英大,4.9,0.0,0.0,31422.0,15424190.0,0.82,4.93,4.89,4.9,4.9,1.97,0.05,11.6,1.27,28020335146.0,28020335146.0,-0.41,-0.41,-3.54,-11.07
3573,600512,腾达建设,2.25,0.0,0.0,17036.0,3829941.0,0.89,2.26,2.24,2.24,2.25,1.11,0.11,15.32,0.58,3597531372.0,3571661617.0,0.45,0.45,-1.32,-5.06
3574,688758,赛分科技,16.25,0.0,0.0,2044.0,3316016.0,1.05,16.33,16.16,16.33,16.25,1.27,0.52,71.35,5.29,6767541365.0,641944648.0,0.25,0.25,-4.3,276.16
3575,600895,张江高科,25.0,0.0,0.0,12733.0,31831802.0,0.36,25.05,24.96,25.02,25.0,0.97,0.08,32.87,2.89,38717238750.0,38717238750.0,-0.08,-0.04,-8.42,-6.72
3576,000498,山东路桥,5.82,0.0,0.0,13985.0,8152805.0,0.52,5.84,5.81,5.83,5.82,1.69,0.1,9.11,0.6,9085010834.0,8485002328.0,-0.17,0.0,1.39,-2.18
3577,601377,兴业证券,5.83,0.0,0.0,61827.0,36104290.0,0.86,5.86,5.81,5.83,5.83,2.16,0.07,24.38,0.92,50347805924.0,50347805924.0,-0.17,-0.17,-1.85,-6.87
3578,601500,通用股份,4.56,0.0,0.0,18706.0,8515419.0,0.44,4.56,4.54,4.56,4.56,0.95,0.12,17.65,1.21,7248077752.0,7190484952.0,0.22,0.22,-14.12,-14.45
3579,002640,跨境通,4.78,0.0,0.0,556124.0,262567351.64,3.14,4.79,4.64,4.72,4.78,1.74,3.98,-479.05,8.71,7447437557.0,6678496505.0,0.63,0.84,10.65,24.48
3580,605055,迎丰股份,7.8,0.0,0.0,31204.0,24422390.0,1.67,7.9,7.77,7.8,7.8,1.13,0.71,-87.0,2.97,3432000000.0,3432000000.0,0.13,0.39,42.86,58.54
3581,603999,读者传媒,6.2,0.0,0.0,14558.0,9036873.0,1.29,6.25,6.17,6.2,6.2,1.73,0.25,95.26,1.79,3571200000.0,3571200000.0,0.0,-0.16,0.49,0.81
3582,000590,启迪药业,9.47,0.0,0.0,19038.0,18002064.0,2.43,9.6,9.37,9.5,9.47,2.15,0.8,-34.88,3.9,2267792898.0,2266847414.0,0.11,0.32,3.05,33.19
3583,000591,太阳能,4.35,0.0,0.0,18159.0,7890204.0,0.46,4.36,4.34,4.35,4.35,1.09,0.05,14.75,0.72,17042420600.0,15674001632.0,0.0,0.0,-0.91,-7.45
3584,600590,泰豪科技,8.29,0.0,0.0,61343.0,50557209.0,1.93,8.34,8.18,8.29,8.29,2.0,0.73,50.88,2.22,7070290228.0,6993191346.0,0.12,0.12,-15.15,52.95
3585,002783,凯龙股份,8.53,0.0,0.0,24812.0,21157447.0,1.06,8.58,8.49,8.54,8.53,1.8,0.56,29.58,1.66,4259520729.0,3762884271.0,0.0,0.12,7.7,4.66
3586,603689,皖天然气,8.31,0.0,0.0,4131.0,3433828.0,0.48,8.34,8.3,8.33,8.31,1.52,0.09,10.1,1.28,4073504437.0,4032843524.0,0.0,0.0,2.97,-3.71
3587,603708,家家悦,10.93,0.0,0.0,4468.0,4869513.0,0.64,10.94,10.87,10.93,10.93,0.89,0.07,12.29,2.88,6977041718.0,6977041718.0,0.0,0.37,9.52,-4.04
3588,002799,环球印务,7.88,0.0,0.0,5117.0,4029691.0,1.02,7.93,7.85,7.93,7.88,1.33,0.16,-171.21,1.96,2521915200.0,2521882104.0,0.13,0.13,-0.25,3.96
3589,002732,燕塘乳业,17.22,0.0,0.0,6705.0,11487039.0,1.39,17.26,17.02,17.14,17.22,1.03,0.43,77.88,1.83,2709567000.0,2696069465.0,0.0,-0.17,10.53,9.61
3590,603866,桃李面包,5.56,0.0,0.0,24209.0,13448580.0,0.72,5.57,5.53,5.55,5.56,1.47,0.15,26.46,1.78,8894438502.0,8894438502.0,0.0,0.0,-1.59,-14.06
3591,603817,海峡环保,5.71,0.0,0.0,6800.0,3885222.0,0.53,5.73,5.7,5.72,5.71,0.9,0.12,17.99,1.08,3255179863.0,3255179863.0,-0.17,0.0,0.18,2.33
3592,601588,北辰实业,1.71,0.0,0.0,25388.0,4351772.0,1.75,1.73,1.7,1.71,1.71,1.79,0.1,-4.88,0.61,5757604200.0,4548600000.0,0.0,-0.58,-2.84,-8.06
3593,601608,中信重工,4.4,0.0,0.0,55391.0,24353050.0,0.68,4.41,4.38,4.39,4.4,0.92,0.12,55.4,2.2,20150035123.0,20022498892.0,0.0,0.0,-4.56,4.76
3594,000568,泸州老窖,115.4,0.0,0.0,17545.0,202643217.19,1.01,116.0,114.83,115.36,115.4,1.99,0.12,9.25,3.39,169863203446.0,169564275902.0,0.04,-0.1,-6.73,-6.82
3595,600681,百川能源,3.4,0.0,0.0,7176.0,2446459.0,0.59,3.42,3.4,3.4,3.4,0.82,0.05,10.92,1.27,4558906354.0,4555349825.0,0.0,0.0,7.59,1.19
3596,600683,京投发展,3.9,0.0,0.0,14095.0,5505564.0,1.03,3.93,3.89,3.9,3.9,1.81,0.19,-4.86,15.72,2889032628.0,2889032628.0,0.0,0.26,0.52,2.63
3597,001231,农心科技,19.21,0.0,0.0,2811.0,5386925.0,1.46,19.31,19.03,19.31,19.21,1.24,0.79,26.12,1.96,1921000000.0,684673215.0,0.16,0.47,10.21,15.1
3598,001236,弘业期货,9.62,0.0,0.0,58582.0,56061316.0,2.08,9.69,9.49,9.62,9.62,3.61,1.79,2014.46,5.16,9694822224.0,3140311011.0,0.21,0.21,3.78,-0.21
3599,600704,物产中大,5.19,0.0,0.0,39316.0,20452545.0,0.58,5.22,5.19,5.21,5.19,1.26,0.08,6.85,0.65,26949395690.0,26747713588.0,0.0,-0.19,2.57,2.57
3600,002381,双箭股份,6.71,0.0,0.0,6341.0,4254937.0,0.89,6.75,6.69,6.7,6.71,1.61,0.2,26.75,1.27,2761684059.0,2160794031.0,-0.15,0.0,-2.47,3.87
3601,603041,美思德,12.2,0.0,0.0,18154.0,22111703.0,1.89,12.31,12.08,12.18,12.2,1.38,0.99,46.16,1.51,2234401842.0,2234401842.0,0.41,0.58,7.21,14.13
3602,600743,华远地产,2.19,0.0,0.0,276010.0,61236718.0,3.2,2.25,2.18,2.22,2.19,4.34,1.18,-91.64,7.84,5137960914.0,5137960914.0,0.0,0.46,14.06,3.3
3603,600664,哈药股份,3.91,0.0,0.0,205081.0,80036163.0,2.05,3.95,3.87,3.92,3.91,3.53,0.81,11.56,1.77,9847373615.0,9847373615.0,0.26,0.51,10.14,-5.33
3604,002386,天原股份,4.55,0.0,0.0,16222.0,7380435.5,0.66,4.57,4.54,4.55,4.55,1.19,0.12,130.24,0.79,5922494182.0,5921439920.0,0.0,0.0,5.81,-0.44
3605,002388,ST新亚,4.1,0.0,0.0,96367.0,39600105.0,2.2,4.16,4.07,4.15,4.1,6.4,1.9,39.03,2.11,2093860160.0,2076767067.0,-0.24,0.0,22.39,19.53
3606,601368,绿城水务,4.8,0.0,0.0,8021.0,3840558.0,0.42,4.8,4.78,4.8,4.8,1.41,0.09,488.21,0.9,4238270770.0,4238270770.0,0.0,0.21,4.8,0.84
3607,300167,*ST迪威,4.62,0.0,0.0,35412.0,16344319.0,1.73,4.66,4.58,4.61,4.62,2.23,1.0,-323.53,48.28,1665741000.0,1635872700.0,0.43,0.43,77.69,102.63
3608,300143,盈康生命,9.42,0.0,0.0,13041.0,12264062.0,1.38,9.47,9.34,9.41,9.42,2.81,0.2,58.85,2.87,7059834110.0,6041768326.0,0.21,0.21,-8.72,2.39
3609,300144,宋城演艺,9.07,0.0,0.0,39559.0,35800114.0,0.66,9.08,9.02,9.06,9.07,2.2,0.17,24.15,2.84,23787734266.0,21363361940.0,0.0,0.11,4.25,-2.37
3610,300151,昌红科技,12.06,0.0,0.0,11188.0,13489339.0,1.08,12.14,12.01,12.02,12.06,2.11,0.3,90.52,4.19,6422054886.0,4446485627.0,-0.25,-0.17,-23.96,-28.77
3611,603137,恒尚节能,13.57,0.0,0.0,10069.0,13631155.0,1.11,13.59,13.44,13.56,13.57,2.66,1.37,13.05,1.97,2482405342.0,1000561342.0,-0.07,-0.07,25.07,28.02
3612,600691,阳煤化工,2.11,0.0,0.0,19491.0,4092590.0,1.42,2.12,2.09,2.11,2.11,1.03,0.08,-8.96,1.31,5013321919.0,5012486359.0,0.48,0.48,1.93,-4.95
3613,002406,远东传动,7.7,0.0,0.0,70179.0,54084820.0,0.78,7.74,7.68,7.7,7.7,0.96,1.17,49.5,1.39,5622733131.0,4637032670.0,-0.13,0.0,7.54,19.38
3614,600653,申华控股,1.89,0.0,0.0,28540.0,5384270.0,1.06,1.9,1.88,1.89,1.89,0.92,0.15,-76.96,4.55,3678658799.0,3678658799.0,0.0,0.53,-9.57,-11.68
3615,600662,外服控股,5.09,0.0,0.0,10843.0,5527932.0,0.39,5.11,5.09,5.1,5.09,1.11,0.05,13.78,2.2,11622997109.0,11554710514.0,-0.2,0.0,-4.86,0.39
3616,600649,城投控股,4.2,0.0,0.0,28382.0,11941135.0,0.71,4.22,4.19,4.2,4.2,1.84,0.11,112.6,0.51,10624217663.0,10624217663.0,-0.24,0.0,1.2,-5.62
3617,688108,赛诺医疗,11.7,0.0,0.0,21540.0,25188783.0,2.05,11.85,11.61,11.72,11.7,1.16,0.52,407.28,5.56,4837435200.0,4837435200.0,0.09,0.09,12.72,19.88
3618,600569,安阳钢铁,1.89,0.0,0.0,29290.0,5541076.0,1.06,1.9,1.88,1.89,1.89,1.89,0.1,74.2,2.03,5428876420.0,5428876420.0,0.0,0.0,-6.44,1.61
3619,600556,天下秀,4.93,0.0,0.0,117583.0,58248238.0,1.42,4.98,4.91,4.95,4.93,2.07,0.65,167.11,2.32,8912195875.0,8912195875.0,-0.2,-0.4,-6.98,-5.19
3620,300171,东富龙,12.02,0.0,0.0,8686.0,10424590.0,1.25,12.09,11.94,12.01,12.02,2.07,0.15,114.31,1.18,9205253041.0,6763141407.0,0.17,0.08,-11.09,-8.94
3621,301109,军信股份,21.49,0.0,0.0,9943.0,21421490.5,1.49,21.68,21.36,21.51,21.49,2.18,1.01,17.52,1.56,12112697934.0,2120006358.0,-0.28,-0.19,15.04,28.84
3622,002207,准油股份,5.98,0.0,0.0,15362.0,9163097.0,1.34,6.0,5.92,5.96,5.98,2.3,0.59,-25.19,30.29,1567091160.0,1559629448.0,0.0,0.17,9.12,21.3
3623,600612,老凤祥,52.9,0.0,0.0,8936.0,46992560.0,2.95,53.36,51.8,52.0,52.9,1.84,0.28,11.29,2.11,27672929716.0,16775099427.0,-0.36,-0.34,3.08,-2.52
3624,600613,神奇制药,6.64,0.0,0.0,24911.0,16516128.0,1.81,6.7,6.58,6.69,6.64,2.92,0.52,59.13,1.55,3546235610.0,3182684654.0,0.15,0.61,6.24,-3.21
3625,300036,超图软件,14.36,0.0,0.0,12227.0,17561634.0,1.04,14.45,14.3,14.41,14.36,1.89,0.28,-40.63,2.72,7076128620.0,6296540878.0,0.21,-0.07,-18.82,-15.43
3626,600617,国新能源,2.63,0.0,0.0,32772.0,8675044.0,1.52,2.67,2.63,2.64,2.63,3.16,0.18,10.89,1.45,5073774371.0,4669677272.0,-0.38,0.0,8.68,-2.59
3627,600606,绿地控股,1.68,0.0,0.0,107023.0,18097934.0,1.19,1.7,1.68,1.69,1.68,2.23,0.08,-23.88,0.37,23611086768.0,23611086768.0,-0.59,-0.59,-9.68,-20.0
3628,002374,中锐股份,2.7,0.0,0.0,17329.0,4679733.0,1.48,2.72,2.68,2.7,2.7,0.76,0.16,-14.04,3.31,2930065064.0,2930065064.0,-0.37,0.37,3.05,-1.46
3629,002375,亚厦股份,3.88,0.0,0.0,11827.0,4586096.0,0.77,3.9,3.87,3.88,3.88,1.33,0.09,19.47,0.65,5199186412.0,5147959548.0,0.0,0.26,1.04,0.52
3630,002361,神剑股份,6.35,0.0,0.0,58226.0,36915799.68,2.2,6.42,6.28,6.28,6.35,1.53,0.72,127.22,2.69,6039072053.0,5137930948.0,0.16,0.16,14.41,16.51
3631,002367,康力电梯,6.86,0.0,0.0,11951.0,8195304.0,0.87,6.9,6.84,6.86,6.86,1.04,0.23,19.81,1.63,5479673243.0,3613028113.0,0.0,0.0,0.29,4.41
3632,600608,*ST沪科,3.72,0.0,0.0,4886.0,1816703.0,1.34,3.75,3.7,3.71,3.72,1.08,0.15,636.6,31.94,1223364561.0,1184341761.0,0.27,0.54,7.51,16.25
3633,601319,中国人保,8.32,0.0,0.0,236258.0,197432024.0,1.2,8.41,8.31,8.32,8.32,2.88,0.07,7.16,1.32,367943601651.0,295341334771.0,-0.12,-0.24,24.55,10.05
3634,601218,吉鑫科技,3.59,0.0,0.0,30490.0,10954655.0,1.39,3.63,3.58,3.59,3.59,1.38,0.31,20.7,1.21,3478830308.0,3478830308.0,0.0,-0.28,15.43,10.12
3635,601222,林洋能源,5.59,0.0,0.0,12574.0,7023987.0,0.54,5.6,5.57,5.59,5.59,1.0,0.06,23.29,0.75,11516345582.0,11516345582.0,0.18,0.0,-15.3,-17.79
3636,600688,上海石化,2.8,0.0,0.0,29071.0,8144042.0,0.36,2.81,2.8,2.8,2.8,1.18,0.04,-82.43,1.19,29620868200.0,20520677800.0,0.0,-0.36,-11.39,-7.28
3637,688307,中润光学,27.96,0.0,0.0,2971.0,8238446.0,2.22,28.12,27.5,27.51,27.96,2.32,0.51,59.74,2.92,2460480000.0,1625855043.0,0.43,0.54,-4.67,18.22
3638,688315,诺禾致源,14.27,0.0,0.0,11608.0,16526784.0,1.47,14.36,14.15,14.36,14.27,2.16,0.28,43.83,2.36,5939174000.0,5939174000.0,0.21,0.21,-21.16,14.16
3639,600076,康欣新材,2.26,0.0,0.0,29017.0,6541369.0,1.33,2.27,2.24,2.26,2.26,1.51,0.22,-16.69,0.77,3038668009.0,3038668009.0,0.44,0.0,6.1,8.65
3640,601369,陕鼓动力,8.66,0.0,0.0,10047.0,8702313.0,0.69,8.69,8.63,8.65,8.66,1.38,0.06,15.08,1.64,14943687626.0,14647240238.0,-0.35,-0.12,6.39,-0.46
3641,300425,中建环能,5.2,0.0,0.0,9844.0,5115006.0,0.96,5.22,5.17,5.19,5.2,1.01,0.15,-373.58,1.5,3547569236.0,3529472695.0,-0.38,0.19,-0.19,-10.81
3642,603170,宝立食品,13.53,0.0,0.0,6017.0,8090973.0,1.4,13.57,13.38,13.5,13.53,1.78,0.38,23.23,4.06,5412135300.0,2148699300.0,-0.15,0.52,3.76,-9.62
3643,002251,步步高,5.36,0.0,0.0,156451.0,83588080.0,1.68,5.4,5.31,5.36,5.36,1.13,1.03,30.26,1.8,14411430333.0,8111733180.0,0.0,0.19,28.54,35.7
3644,600221,海航控股,1.34,0.0,0.0,534780.0,71654360.0,1.49,1.35,1.33,1.34,1.34,3.13,0.16,53.17,23.13,57908947597.0,44049386719.0,0.0,0.0,-12.42,-21.18
3645,600061,国投资本,7.08,0.0,0.0,38015.0,26918478.0,0.85,7.11,7.05,7.08,7.08,2.16,0.06,16.65,0.86,45269387654.0,45269387654.0,0.0,-0.14,-1.53,-5.85
3646,301031,中熔电气,76.4,0.0,0.0,2259.0,17296894.2,1.26,76.98,76.02,76.67,76.4,2.62,0.32,30.8,6.29,7484527757.0,5380359831.0,-0.24,-0.33,-2.16,9.24
3647,300058,蓝色光标,6.21,0.0,0.0,389549.0,241042237.72,2.25,6.24,6.1,6.24,6.21,4.4,1.14,57.51,2.85,21968031660.0,21283745897.0,0.0,0.32,-1.43,-6.33
3648,300071,福石控股,4.88,0.0,0.0,60077.0,29259044.0,1.84,4.91,4.82,4.87,4.88,1.19,0.64,-135.08,34.77,4703755560.0,4613312226.0,-0.2,0.0,-22.78,2.95
3649,600626,申达股份,3.49,0.0,0.0,21316.0,7424361.0,1.43,3.51,3.46,3.51,3.49,1.54,0.19,-22.03,1.46,4609398888.0,3866845698.0,0.29,0.58,-7.67,-4.38
3650,000980,众泰汽车,2.03,0.0,0.0,157597.0,31949779.0,1.97,2.05,2.01,2.03,2.03,1.12,0.32,-24.83,77.67,10236371910.0,10132772170.0,0.0,0.0,-23.97,-15.06
3651,300175,ST朗源,5.12,0.0,0.0,7023.0,3595104.0,0.78,5.14,5.1,5.1,5.12,1.3,0.15,-155.39,4.65,2410496000.0,2410496000.0,-0.39,0.0,-13.07,-7.25
3652,002266,浙富控股,3.22,0.0,0.0,54651.0,17608603.44,0.93,3.24,3.21,3.22,3.22,1.7,0.11,15.51,1.46,16806053914.0,15767699375.0,-0.31,-0.31,-3.01,3.21
3653,000672,上峰水泥,8.12,0.0,0.0,13976.0,11357272.13,1.35,8.18,8.07,8.09,8.12,1.58,0.14,24.62,0.93,7871491054.0,7871491054.0,0.0,-0.61,19.41,15.5
3654,600327,大东方,4.88,0.0,0.0,34483.0,16752899.0,1.43,4.91,4.84,4.89,4.88,1.29,0.39,27.03,1.27,4317724048.0,4317724048.0,0.21,0.41,-0.61,-8.44
3655,600299,安迪苏,9.53,0.0,0.0,11984.0,11431128.0,0.42,9.56,9.52,9.56,9.53,1.85,0.04,13.75,1.58,25558519132.0,25558519132.0,-0.1,0.0,-8.37,-22.96
3656,600307,酒钢宏兴,1.39,0.0,0.0,12613.0,1761165.0,0.72,1.4,1.39,1.39,1.39,0.56,0.02,-4.9,1.22,8706066819.0,8706066819.0,0.0,0.0,-7.95,-12.58
3657,600308,华泰股份,3.52,0.0,0.0,20509.0,7220493.0,0.57,3.53,3.51,3.52,3.52,1.69,0.14,22.31,0.58,5339383020.0,5339383020.0,0.28,0.28,3.83,-3.3
3658,000637,茂化实华,3.81,0.0,0.0,13844.0,5267984.0,1.05,3.83,3.79,3.81,3.81,1.07,0.38,-14.12,3.23,1980725106.0,1402134312.0,0.26,0.26,7.63,2.42
3659,000615,*ST美谷,3.16,0.0,0.0,16577.0,5228672.0,1.58,3.18,3.13,3.15,3.16,1.22,0.22,-14.64,-13.26,2411015912.0,2409500907.0,-0.32,-0.32,3.61,-18.35
3660,600266,城建发展,4.34,0.0,0.0,36693.0,15948434.0,0.69,4.36,4.33,4.34,4.34,1.87,0.18,52.16,0.48,9008726820.0,9008726820.0,0.0,0.0,-11.07,-14.9
3661,600726,华电能源,2.37,0.0,0.0,30257.0,7156162.0,0.84,2.38,2.36,2.37,2.37,0.93,0.11,9.82,4.43,18740386818.0,6511207257.0,0.42,0.42,8.72,3.49
3662,600251,冠农股份,7.5,0.0,0.0,9266.0,6941353.0,0.53,7.52,7.48,7.49,7.5,1.49,0.12,7.87,1.54,5827451873.0,5827451873.0,-0.13,0.13,6.53,2.88
3663,002172,澳洋健康,3.8,0.0,0.0,115406.0,43892068.0,2.37,3.86,3.77,3.82,3.8,3.05,1.51,39.32,19.02,2909782968.0,2908033524.0,0.0,0.26,9.51,21.41
3664,002178,延华智能,6.1,0.0,0.0,20752.0,12657900.0,0.82,6.13,6.08,6.1,6.1,1.16,0.29,-214.34,10.25,4344133306.0,4341877264.0,0.0,-0.33,-21.49,1.67
3665,002187,广百股份,6.78,0.0,0.0,13801.0,9336752.28,1.03,6.79,6.72,6.75,6.78,0.99,0.27,53.31,1.16,4773383959.0,3506012349.0,-0.15,0.0,-10.32,-4.24
3666,300449,汉邦高科,8.38,0.0,0.0,20937.0,17514101.8,1.43,8.43,8.31,8.37,8.38,1.27,0.71,-95.97,9.09,3234981588.0,2483256311.0,0.0,0.12,-17.11,6.75
3667,601778,晶科科技,2.61,0.0,0.0,27628.0,7218111.0,0.38,2.62,2.61,2.61,2.61,0.91,0.08,-66.82,0.6,9320236836.0,9320236836.0,0.0,-0.38,-4.04,-7.45
3668,600725,云维股份,3.23,0.0,0.0,15913.0,5145370.0,0.93,3.25,3.22,3.23,3.23,1.24,0.13,-300.47,13.53,3980878100.0,3980878100.0,0.0,0.0,4.53,-4.44
3669,000166,申万宏源,4.79,0.0,0.0,130053.0,62382911.0,0.84,4.82,4.78,4.79,4.79,2.43,0.06,15.16,1.13,119941334442.0,107945080044.0,0.0,-0.21,-6.45,-10.47
3670,600248,陕建股份,3.8,0.0,0.0,18701.0,7097284.0,0.53,3.81,3.79,3.8,3.8,1.25,0.05,8.58,0.57,14316812687.0,14081809287.0,0.0,0.0,-9.95,-15.18
3671,002146,荣盛发展,1.4,0.0,0.0,167743.0,23483126.6,1.43,1.41,1.39,1.4,1.4,2.11,0.43,-1.7,0.44,6087429391.0,5455129891.0,0.0,0.0,-7.89,-15.15
3672,688398,赛特新材,18.36,0.0,0.0,4316.0,7984336.0,3.7,18.79,18.11,18.36,18.36,1.46,0.26,78.93,2.99,3081063057.0,3081063057.0,0.11,0.05,6.13,36.2
3673,600981,汇鸿集团,2.66,0.0,0.0,33624.0,8911006.0,1.13,2.67,2.64,2.67,2.66,2.02,0.15,-109.06,1.19,5964872291.0,5964872291.0,0.38,0.38,4.72,3.1
3674,600983,惠而浦,10.15,0.0,0.0,5463.0,5527899.0,1.28,10.19,10.06,10.15,10.15,2.1,0.07,16.78,2.79,7779355850.0,7779355850.0,0.1,0.2,6.06,9.85
3675,600984,建设机械,3.22,0.0,0.0,8704.0,2805466.0,0.93,3.24,3.21,3.22,3.22,0.7,0.07,-4.18,1.0,4047681439.0,4047681439.0,0.0,-0.31,-11.78,0.94
3676,601718,际华集团,2.73,0.0,0.0,63467.0,17354170.0,1.1,2.75,2.72,2.73,2.73,2.1,0.14,405.25,0.95,11989148273.0,11989148273.0,0.0,0.0,3.8,-3.87
3677,601096,宏盛华源,4.19,0.0,0.0,17641.0,7405746.0,0.48,4.21,4.19,4.2,4.19,1.32,0.11,31.58,2.52,11208899819.0,6884071707.0,0.0,-0.24,0.24,-3.68
3678,601038,一拖股份,13.11,0.0,0.0,7685.0,10073669.0,0.61,13.15,13.07,13.12,13.11,0.85,0.11,6.96,1.89,14730989555.0,9592656155.0,0.0,0.0,-7.68,-11.3
3679,000659,珠海中富,3.15,0.0,0.0,19986.0,6286606.0,1.27,3.17,3.13,3.16,3.15,0.8,0.16,-52.2,19.88,4049962938.0,4049962938.0,0.32,0.32,6.06,11.7
3680,301515,港通医疗,19.63,0.0,0.0,1610.0,3159924.0,1.48,19.82,19.53,19.75,19.63,1.71,0.25,310.81,1.57,1963000000.0,1249916694.0,0.2,0.41,2.94,9.18
3681,600326,西藏天路,7.89,0.0,0.0,200022.0,157638347.0,1.77,7.95,7.81,7.83,7.89,2.38,1.51,-21.04,2.82,10441178219.0,10434464642.0,0.13,-0.25,9.89,22.14
3682,002586,*ST围海,3.01,0.0,0.0,6431.0,1928928.0,1.66,3.03,2.98,3.01,3.01,0.85,0.07,235.56,1.16,3444113379.0,2699731605.0,0.33,0.33,40.0,14.89
3683,000752,ST西发,8.66,0.0,0.0,3776.0,3275285.0,0.92,8.7,8.62,8.66,8.66,1.92,0.14,82.38,6.99,2284148532.0,2284148532.0,-0.12,-0.23,6.39,1.05
3684,000720,新能泰山,3.4,0.0,0.0,20439.0,6920965.0,2.06,3.43,3.36,3.42,3.4,1.72,0.16,65.8,1.8,4272207341.0,4272207341.0,0.29,0.59,13.71,4.62
3685,002622,皓宸医疗,2.83,0.0,0.0,44386.0,12544285.0,1.41,2.85,2.81,2.83,2.83,2.28,0.53,-48.65,6.22,2377200000.0,2377129958.0,0.0,0.35,-3.41,2.54
3686,600333,长春燃气,4.7,0.0,0.0,11833.0,5558267.0,0.64,4.71,4.68,4.7,4.7,1.48,0.19,-559.53,1.48,2862444215.0,2862444215.0,-0.21,0.21,3.98,-15.62
3687,600339,中油工程,3.14,0.0,0.0,43668.0,13706684.0,0.64,3.15,3.13,3.13,3.14,1.56,0.08,22.57,0.66,17531083059.0,17531083059.0,0.32,0.32,-2.48,-12.29
3688,002813,路畅科技,22.93,0.0,0.0,9143.0,20934693.0,1.22,23.08,22.8,23.08,22.93,1.04,0.76,-34.46,9.42,2751600000.0,2748299800.0,-0.04,0.22,-5.95,2.69
3689,601015,陕西黑猫,3.08,0.0,0.0,12706.0,3911151.0,0.97,3.1,3.07,3.09,3.08,1.48,0.06,-6.01,1.03,6290892728.0,6290892728.0,0.0,0.33,1.32,-7.78
3690,002703,浙江世宝,12.33,0.0,0.0,35164.0,43378044.0,1.95,12.47,12.23,12.45,12.33,0.91,0.6,52.03,5.19,10143057295.0,7225972752.0,-0.08,-0.16,-4.71,9.02
3691,000401,冀东水泥,4.43,0.0,0.0,10109.0,4488303.0,0.45,4.45,4.43,4.43,4.43,0.97,0.06,-3.37,0.44,11775897934.0,7052318986.0,-0.23,-0.23,-7.9,-15.3
3692,600173,卧龙新能,5.91,0.0,0.0,10965.0,6478336.0,1.02,5.95,5.89,5.91,5.91,2.11,0.16,28.68,1.09,4139991902.0,4139460002.0,-0.17,-0.17,-3.75,49.24
3693,001324,长青科技,18.18,0.0,0.0,6539.0,11938766.0,1.98,18.45,18.09,18.1,18.18,2.68,0.8,49.35,2.25,2508840000.0,1484462448.0,0.33,0.17,-1.68,6.63
3694,600728,佳都科技,5.33,0.0,0.0,38759.0,20627550.0,0.94,5.35,5.3,5.34,5.33,1.29,0.18,23.6,1.47,11366754061.0,11366754061.0,0.0,0.0,0.38,13.89
3695,600716,凤凰股份,3.61,0.0,0.0,15842.0,5725081.0,1.11,3.64,3.6,3.62,3.61,1.59,0.17,609.52,0.68,3379178730.0,3379178730.0,0.0,0.28,9.39,-4.5
3696,600724,宁波富达,4.59,0.0,0.0,11475.0,5267519.0,0.87,4.61,4.57,4.6,4.59,1.51,0.08,28.62,2.25,6633656516.0,6632286828.0,0.0,0.22,-10.53,-27.72
3697,601375,中原证券,3.9,0.0,0.0,59724.0,23356541.0,1.03,3.93,3.89,3.89,3.9,2.36,0.17,43.97,1.28,18107250330.0,13445326830.0,0.0,-0.26,-4.65,-9.72
3698,600095,湘财股份,8.25,0.0,0.0,113794.0,93792889.0,1.58,8.3,8.17,8.23,8.25,1.79,0.4,119.94,1.99,23588298880.0,23588298880.0,0.12,0.0,22.77,14.58
3699,600075,新疆天业,4.2,0.0,0.0,7880.0,3313578.0,0.71,4.22,4.19,4.2,4.2,1.32,0.05,-103.27,0.8,7170923185.0,7170923185.0,-0.24,-0.24,-1.87,-3.45
3700,600022,山东钢铁,1.3,0.0,0.0,21734.0,2833961.0,0.77,1.31,1.3,1.31,1.3,0.63,0.02,-241.22,0.74,13908504420.0,13908504420.0,-0.76,0.0,-6.47,-10.34
3701,000552,甘肃能化,2.4,0.0,0.0,36103.0,8675843.0,0.83,2.41,2.39,2.41,2.4,1.71,0.1,62.89,0.76,12844326245.0,8941867318.0,-0.41,-0.41,-2.83,-12.73
3702,000531,穗恒运Ａ,6.16,0.0,0.0,15294.0,9415519.2,0.81,6.19,6.14,6.16,6.16,0.85,0.17,16.46,0.96,6415032205.0,5604032206.0,0.0,-0.16,-0.48,6.94
3703,000537,中绿电,8.55,0.0,0.0,12145.0,10397126.0,0.47,8.58,8.54,8.58,8.55,1.52,0.06,17.38,0.89,17669450110.0,17669450110.0,-0.12,0.0,4.4,-6.25
3704,000517,荣安地产,1.85,0.0,0.0,40748.0,7533877.0,1.08,1.86,1.84,1.85,1.85,2.18,0.16,76.23,1.01,5890256597.0,4610174870.0,0.54,0.54,-4.15,-17.04
3705,600048,保利发展,8.11,0.0,0.0,73992.0,60040253.0,0.37,8.13,8.1,8.11,8.11,1.52,0.06,12.44,0.5,97080296120.0,97080296120.0,-0.25,0.0,-5.81,-8.47
3706,600028,中国石化,5.75,0.0,0.0,139428.0,80243249.0,0.52,5.77,5.74,5.75,5.75,1.19,0.01,13.14,0.84,697160116764.0,545340492893.0,0.0,-0.17,1.23,-13.92
3707,002697,红旗连锁,5.5,0.0,0.0,28639.0,15748074.0,0.55,5.52,5.49,5.49,5.5,1.01,0.27,11.94,1.68,7480000000.0,5909417525.0,0.0,0.18,3.77,-5.17
3708,002390,信邦制药,3.59,0.0,0.0,36398.0,13076014.0,1.67,3.63,3.57,3.59,3.59,1.98,0.2,42.3,1.04,6978428206.0,6649775223.0,0.0,0.28,-9.34,-20.58
3709,600159,大龙地产,2.61,0.0,0.0,35877.0,9355646.0,1.92,2.64,2.59,2.63,2.61,2.65,0.43,-618.04,1.25,2166308436.0,2166308436.0,0.38,0.77,8.75,8.75
3710,000012,南  玻Ａ,4.65,0.0,0.0,11803.0,5497909.75,0.65,4.67,4.64,4.66,4.65,1.81,0.06,224.93,1.05,14278718298.0,9110593071.0,0.0,0.0,-5.68,-11.93
3711,600149,廊坊发展,5.14,0.0,0.0,38625.0,19755447.0,1.56,5.16,5.08,5.13,5.14,0.99,1.02,69.44,8.17,1954022400.0,1954022400.0,-0.39,-0.19,18.98,25.98
3712,600157,永泰能源,1.35,0.0,0.0,494109.0,66618621.0,1.48,1.36,1.34,1.35,1.35,2.11,0.22,146.83,0.63,29993981596.0,29993981596.0,0.0,0.0,-8.16,-21.05
3713,000407,胜利股份,3.32,0.0,0.0,14911.0,4946403.0,0.9,3.33,3.3,3.33,3.32,1.72,0.17,26.62,0.98,2921881058.0,2907529000.0,0.0,0.3,3.43,-2.92
3714,871694,中裕科技,19.68,0.0,0.0,2307.0,4539273.1,1.42,19.85,19.57,19.63,19.68,1.15,0.37,21.02,3.17,2614303598.0,1229811879.0,-0.35,0.0,39.38,75.4
3715,002217,*ST合泰,2.16,0.0,0.0,60751.0,13110619.35,0.93,2.17,2.15,2.16,2.16,1.32,0.11,988.78,8.69,16155501684.0,12269586840.0,-0.46,0.0,5.88,-9.62
3716,000027,深圳能源,6.38,0.0,0.0,21962.0,14035550.0,0.47,6.41,6.38,6.39,6.38,0.84,0.05,5.61,0.93,30352147664.0,30352147664.0,-0.16,-0.31,3.24,-1.54
3717,000419,通程控股,5.54,0.0,0.0,9889.0,5474481.0,0.9,5.57,5.52,5.53,5.54,1.25,0.18,88.97,0.86,3011447909.0,3011447909.0,0.0,0.18,-1.42,-2.98
3718,002672,东江环保,4.51,0.0,0.0,15579.0,7017852.0,0.67,4.52,4.49,4.5,4.51,0.93,0.17,-8.52,1.44,4984703667.0,4082083542.0,0.0,0.0,14.76,6.62
3719,600117,西宁特钢,2.12,0.0,0.0,26725.0,5692749.0,0.94,2.14,2.12,2.12,2.12,2.8,0.08,-11.54,1.56,6900843497.0,6900843497.0,-0.47,-0.47,-5.78,-5.78
3720,603980,吉华集团,4.71,0.0,0.0,27237.0,12798795.0,1.27,4.73,4.67,4.71,4.71,1.35,0.4,-38.37,0.82,3187885126.0,3187885126.0,-0.21,0.0,-2.48,7.78
3721,002674,兴业科技,9.6,0.0,0.0,2469.0,2367419.0,0.94,9.65,9.56,9.58,9.6,1.08,0.08,37.42,1.17,2834276390.0,2805598387.0,0.0,0.21,-1.64,1.16
3722,600185,珠免集团,6.14,0.0,0.0,28805.0,17669414.0,0.81,6.17,6.12,6.13,6.14,1.67,0.15,-31.81,10.81,11573935581.0,11573935581.0,0.16,0.16,8.87,-14.6
3723,600162,香江控股,1.63,0.0,0.0,37316.0,6083160.0,1.23,1.64,1.62,1.63,1.63,1.93,0.11,-58.71,0.91,5327554139.0,5327554139.0,-0.61,0.62,-8.43,-15.1
3724,600170,上海建工,2.38,0.0,0.0,99791.0,23767808.0,0.84,2.39,2.37,2.39,2.38,1.86,0.11,-29.47,0.68,21148536591.0,21148536591.0,0.0,0.0,-4.42,-10.19
3725,600128,苏豪弘业,9.75,0.0,0.0,18293.0,17779137.0,1.74,9.82,9.65,9.8,9.75,1.59,0.74,178.27,1.13,2405983125.0,2405983125.0,-0.2,-0.1,0.1,20.07
3726,600131,国网信通,18.18,0.0,0.0,6228.0,11338233.0,0.66,18.28,18.16,18.18,18.18,1.2,0.05,207.71,3.21,21839934770.0,21741555609.0,-0.11,-0.22,-7.62,-3.86
3727,002685,华东重机,7.42,0.0,0.0,101562.0,75511954.0,2.7,7.55,7.35,7.5,7.42,1.89,1.01,54.39,4.78,7477064556.0,7475741199.0,0.27,0.13,5.25,10.25
3728,600502,安徽建工,4.73,0.0,0.0,27181.0,12843909.0,0.63,4.74,4.71,4.72,4.73,1.97,0.16,6.52,0.72,8119205527.0,8119205527.0,0.21,0.0,8.49,0.64
3729,002958,青农商行,3.51,0.0,0.0,512595.0,182153414.4,2.85,3.61,3.51,3.52,3.51,4.8,1.04,4.13,0.55,19500221834.0,17338146568.0,-0.28,-0.57,17.0,15.46
3730,600503,华丽家族,2.56,0.0,0.0,52231.0,13375466.0,1.56,2.58,2.54,2.56,2.56,1.56,0.33,760.27,1.15,4101862400.0,4101862400.0,0.39,0.0,-6.23,-1.54
3731,600507,方大特钢,4.17,0.0,0.0,22861.0,9561977.0,0.72,4.2,4.17,4.18,4.17,1.42,0.1,9.63,1.02,9645993501.0,9645993501.0,-0.24,-0.24,-5.44,2.96
3732,600509,天富能源,6.32,0.0,0.0,28062.0,17703874.0,0.79,6.34,6.29,6.33,6.32,1.5,0.2,12.03,1.14,8686191612.0,8686191612.0,0.16,0.16,1.94,-2.32
3733,600956,新天绿能,8.02,0.0,0.0,8000.0,6424323.0,0.75,8.06,8.0,8.05,8.02,1.41,0.03,8.83,1.49,33729658445.0,18831671190.0,0.12,0.12,11.39,6.37
3734,002307,北新路桥,4.16,0.0,0.0,37380.0,15494693.0,0.96,4.17,4.13,4.15,4.16,1.69,0.34,-19.26,1.78,5276092981.0,4538687783.0,0.0,0.24,-6.31,12.43
3735,600868,梅雁吉祥,2.82,0.0,0.0,39832.0,11224318.0,0.71,2.83,2.81,2.81,2.82,1.81,0.21,-81.01,2.72,5352779275.0,5352779275.0,0.0,0.0,-8.74,13.71
3736,601139,深圳燃气,6.41,0.0,0.0,9689.0,6209731.0,0.31,6.42,6.4,6.41,6.41,1.4,0.03,19.78,1.18,18439906861.0,18439906861.0,-0.16,0.0,-1.38,-9.21
3737,688509,正元地信,4.04,0.0,0.0,10687.0,4320572.0,0.99,4.07,4.03,4.04,4.04,1.06,0.28,-29.63,2.43,3110800000.0,1554560488.0,-0.25,0.0,-3.58,1.76
3738,600864,哈投股份,5.74,0.0,0.0,50329.0,28848849.0,1.05,5.76,5.7,5.73,5.74,3.26,0.24,25.16,0.93,11942474785.0,11942474785.0,0.0,-0.17,-8.31,-21.9
3739,300332,天壕能源,4.66,0.0,0.0,22243.0,10359336.0,0.86,4.68,4.64,4.66,4.66,1.57,0.27,16.32,0.95,4031437205.0,3866094114.0,-0.21,0.22,-1.89,-19.52
3740,300335,迪森股份,5.2,0.0,0.0,20341.0,10569437.0,0.77,5.22,5.18,5.22,5.2,1.55,0.53,32.4,1.31,2480464418.0,1997638053.0,-0.38,0.0,4.84,10.17
3741,600903,贵州燃气,6.87,0.0,0.0,6432.0,4413072.0,0.58,6.88,6.84,6.86,6.87,1.26,0.06,27.62,2.59,7900557900.0,7900557900.0,0.0,-0.15,6.84,-11.81
3742,600905,三峡能源,4.27,0.0,0.0,102295.0,43683284.0,0.47,4.28,4.26,4.27,4.27,1.3,0.04,12.48,1.37,122201553490.0,122069266106.0,0.0,0.0,2.4,-2.29
3743,600917,重庆燃气,5.61,0.0,0.0,4106.0,2303747.0,0.36,5.62,5.6,5.61,5.61,1.51,0.03,-40.48,1.55,8757433054.0,8757433054.0,0.0,0.18,-0.36,-7.73
3744,600919,江苏银行,11.08,0.0,0.0,274141.0,305235687.0,1.26,11.19,11.05,11.08,11.08,2.82,0.15,5.2,0.85,203332675050.0,203332675050.0,-0.36,-0.45,17.0,16.51
3745,002091,江苏国泰,7.38,0.0,0.0,9494.0,7003500.0,0.54,7.4,7.36,7.37,7.38,1.08,0.06,12.39,0.77,12011879828.0,11774234633.0,0.0,0.14,-4.03,0.82
3746,002078,太阳纸业,14.15,0.0,0.0,14698.0,20781609.2,0.49,14.17,14.1,14.14,14.15,1.41,0.05,11.16,1.34,39542671934.0,39123065980.0,0.07,0.0,-0.14,-4.84
3747,002330,得利斯,4.61,0.0,0.0,21489.0,9865606.0,1.08,4.62,4.57,4.6,4.61,2.35,0.34,75.03,1.28,2928803487.0,2928173876.0,-0.22,0.44,7.71,5.49
3748,002060,广东建工,3.5,0.0,0.0,36731.0,12860453.0,0.86,3.52,3.49,3.5,3.5,2.05,0.24,22.86,0.98,13140376347.0,5469851310.0,0.0,0.0,5.11,-0.57
3749,601996,丰林集团,2.16,0.0,0.0,24688.0,5337935.0,1.39,2.18,2.15,2.16,2.16,1.6,0.22,-17.36,0.94,2421175139.0,2421175139.0,-0.46,0.0,7.46,0.93
3750,601929,吉视传媒,1.83,0.0,0.0,197540.0,36173945.0,1.64,1.85,1.82,1.84,1.83,2.18,0.57,-15.5,1.22,6386312347.0,6386312347.0,0.0,0.55,-7.58,-2.14
3751,831370,新安洁,4.74,0.0,0.0,41164.0,19448558.5,1.27,4.76,4.7,4.74,4.74,0.74,1.54,-41.6,2.27,1451767200.0,1268229987.0,0.21,0.42,-1.25,39.0
3752,000877,天山股份,4.54,0.0,0.0,19229.0,8728807.0,0.44,4.55,4.53,4.55,4.54,1.32,0.03,-5.4,0.4,32281632291.0,32281625481.0,-0.22,-0.22,-17.75,-19.79
3753,000882,华联股份,2.06,0.0,0.0,181104.0,37297786.0,0.97,2.07,2.05,2.05,2.06,2.35,0.66,460.18,0.82,5638945011.0,5634824638.0,0.0,0.49,-21.67,-0.96
3754,000883,湖北能源,4.64,0.0,0.0,11841.0,5497749.0,0.22,4.65,4.64,4.65,4.64,0.74,0.02,21.17,0.89,30162099711.0,30066069947.0,-0.22,0.0,-0.85,-6.83
3755,600500,中化国际,3.83,0.0,0.0,17143.0,6551658.0,0.52,3.83,3.81,3.82,3.83,0.92,0.05,-8.67,1.13,13744045361.0,13737148144.0,0.0,0.0,2.96,-4.73
3756,000886,海南高速,5.98,0.0,0.0,28770.0,17297620.0,1.51,6.06,5.97,5.97,5.98,1.72,0.29,-108.9,1.96,5913193234.0,5847464650.0,-0.33,-0.17,-15.77,-23.04
3757,000895,双汇发展,24.53,0.0,0.0,15587.0,38247148.0,0.57,24.59,24.45,24.53,24.53,1.23,0.04,18.68,4.32,84988139555.0,84974955440.0,0.08,0.04,-6.05,-2.7
3758,000897,津滨发展,2.29,0.0,0.0,46974.0,10766548.0,0.87,2.3,2.28,2.29,2.29,2.6,0.29,68.42,1.15,3703553416.0,3703483342.0,0.0,0.0,0.0,-3.38
3759,000899,赣能股份,9.09,0.0,0.0,19274.0,17489452.0,0.66,9.11,9.05,9.08,9.09,1.25,0.2,11.49,1.49,8868910838.0,8868910838.0,-0.11,0.0,11.53,4.36
3760,002538,司尔特,5.07,0.0,0.0,11040.0,5596944.11,0.39,5.08,5.06,5.06,5.07,1.13,0.13,28.56,0.81,4327527718.0,4327499580.0,0.0,0.0,-12.89,-9.79
3761,600527,江南高纤,2.15,0.0,0.0,90573.0,19499290.0,1.4,2.17,2.14,2.14,2.15,1.74,0.52,132.2,1.8,3723285939.0,3723285939.0,0.0,0.0,0.0,-2.71
3762,605339,南侨食品,18.29,0.0,0.0,11829.0,21561182.0,1.86,18.38,18.04,18.33,18.29,5.55,0.28,66.98,2.28,7760275367.0,7760275367.0,0.72,0.77,7.15,7.46
3763,002527,新时达,14.82,0.0,0.0,19916.0,29362564.0,1.42,14.88,14.67,14.82,14.82,1.37,0.38,-302.1,7.93,9826568333.0,7840859370.0,0.07,0.07,-5.18,68.79
3764,600428,中远海特,6.16,0.0,0.0,26271.0,16189025.0,0.65,6.18,6.14,6.18,6.16,1.59,0.12,12.24,1.03,16902549633.0,13223368749.0,0.0,-0.16,0.82,-15.62
3765,000901,航天科技,11.7,0.0,0.0,40935.0,48163571.81,1.79,11.85,11.64,11.66,11.7,1.65,0.51,-640.23,2.22,9338956450.0,9338862558.0,-0.09,0.0,-1.68,6.65
3766,688223,晶科能源,5.11,0.0,0.0,88001.0,45032517.0,1.17,5.15,5.09,5.13,5.11,2.79,0.09,-9.2,1.71,51126582659.0,51126582659.0,0.0,-0.39,-22.81,-28.13
3767,688276,百克生物,21.3,0.0,0.0,4198.0,8925959.0,1.03,21.35,21.13,21.3,21.3,2.13,0.1,2069.7,2.09,8810906837.0,8810906837.0,0.05,0.24,-7.43,-15.17
3768,603515,欧普照明,18.0,0.0,0.0,1816.0,3279709.0,1.5,18.18,17.91,18.11,18.0,0.9,0.02,23.75,1.95,13412680470.0,13230527670.0,-0.17,-0.17,7.14,9.42
3769,605268,王力安防,8.74,0.0,0.0,11834.0,10291668.0,2.97,8.76,8.5,8.74,8.74,4.11,0.27,41.26,2.37,3927592125.0,3825465225.0,-0.11,0.0,1.86,4.05
3770,600379,宝光股份,10.42,0.0,0.0,28238.0,29366733.0,1.34,10.48,10.34,10.45,10.42,1.51,0.86,45.88,4.47,3440700297.0,3440700297.0,0.1,0.29,8.77,10.26
3771,600288,大恒科技,9.06,0.0,0.0,7791.0,7064487.0,0.77,9.1,9.03,9.09,9.06,1.41,0.18,-120.1,2.17,3957408000.0,3957408000.0,0.0,0.0,-6.02,6.09
3772,301381,赛维时代,20.33,0.0,0.0,6826.0,13850998.0,1.87,20.54,20.16,20.53,20.33,1.4,0.35,43.24,3.21,8134033000.0,3909438670.0,0.1,0.05,-11.61,-10.68
3773,301395,仁信新材,13.04,0.0,0.0,3418.0,4449778.4,0.77,13.07,12.97,13.05,13.04,1.24,0.31,30.6,1.69,2645659520.0,1426501020.0,0.08,0.08,10.79,17.9
3774,000828,东莞控股,10.34,0.0,0.0,5285.0,5472830.0,0.48,10.38,10.33,10.37,10.34,1.41,0.05,12.27,1.11,10748605697.0,10748591738.0,0.1,-0.1,6.93,-0.29
3775,002873,新天药业,9.44,0.0,0.0,51526.0,48946087.54,4.24,9.79,9.39,9.44,9.44,5.19,2.16,137.57,1.94,2304339929.0,2254072627.0,0.11,0.0,-3.28,0.75
3776,301356,天振股份,17.3,0.0,0.0,1339.0,2312667.0,0.98,17.37,17.2,17.3,17.3,0.86,0.24,34.0,1.26,3736800000.0,948213000.0,-0.12,-0.06,1.29,9.77
3777,600396,华电辽能,3.11,0.0,0.0,62148.0,19290182.0,0.96,3.12,3.09,3.11,3.11,1.63,0.42,7.86,3.09,4580118201.0,4580118201.0,0.0,0.65,24.9,12.68
3778,600406,国电南瑞,21.85,0.0,0.0,56569.0,123965743.0,0.87,21.99,21.8,21.85,21.85,2.29,0.07,64.5,3.5,175501128459.0,174719695962.0,-0.14,-0.27,-6.94,-13.36
3779,600409,三友化工,4.87,0.0,0.0,29726.0,14509201.0,0.62,4.9,4.87,4.89,4.87,2.16,0.14,-132.17,0.73,10053381812.0,10053381812.0,-0.2,-0.2,-13.19,-9.81
3780,301330,熵基科技,24.36,0.0,0.0,6502.0,15760015.4,1.48,24.45,24.09,24.45,24.36,1.86,0.71,48.65,1.75,5733163758.0,2233737044.0,0.04,0.21,0.45,10.68
3781,603608,天创时尚,5.28,0.0,0.0,15036.0,7946598.0,2.08,5.36,5.25,5.28,5.28,1.87,0.36,-576.6,2.15,2216097555.0,2216097555.0,0.38,0.38,31.02,41.94
3782,603668,天马科技,13.14,0.0,0.0,7163.0,9402633.0,0.76,13.19,13.09,13.16,13.14,1.02,0.14,95.38,2.93,6600691637.0,6600691637.0,0.0,0.15,7.88,3.14
3783,601179,中国西电,6.24,0.0,0.0,49159.0,30682855.0,0.32,6.25,6.23,6.24,6.24,0.86,0.1,27.12,1.43,31985505876.0,31985505876.0,0.16,-0.16,-6.59,-17.46
3784,600352,浙江龙盛,9.94,0.0,0.0,22177.0,22052637.0,0.6,9.97,9.91,9.95,9.94,1.34,0.07,20.42,0.93,32338118688.0,32338118688.0,-0.1,-0.1,7.23,-3.4
3785,000863,三湘印象,3.66,0.0,0.0,39654.0,14530032.0,0.82,3.68,3.65,3.68,3.66,1.2,0.34,69.34,0.96,4321360390.0,4258832155.0,0.0,-0.27,-1.61,-5.67
3786,000798,中水渔业,7.28,0.0,0.0,6998.0,5088070.0,0.82,7.31,7.25,7.27,7.28,1.31,0.19,-41.47,7.78,2663451423.0,2663233023.0,-0.14,0.14,6.28,-1.75
3787,834021,流金科技,6.97,0.0,0.0,14070.0,9788367.43,1.15,7.01,6.93,6.95,6.97,1.32,0.56,321.47,3.37,2153729882.0,1755617338.0,0.14,0.14,-8.41,30.04
3788,301363,美好医疗,23.9,0.0,0.0,4063.0,9709761.0,1.05,24.04,23.79,23.98,23.9,1.52,0.36,46.84,2.79,9719174000.0,2675199178.0,-0.04,-0.08,-17.22,-26.28
3789,002554,惠博普,2.7,0.0,0.0,45134.0,12157071.0,1.48,2.71,2.67,2.7,2.7,1.95,0.34,29.28,1.53,3601044194.0,3600371430.0,0.0,0.37,12.03,7.57
3790,600461,洪城环境,9.47,0.0,0.0,10644.0,10084410.0,0.63,9.51,9.45,9.49,9.47,1.34,0.08,9.16,1.26,12160947765.0,12160947765.0,0.0,0.11,5.11,-4.82
3791,300370,安控科技,2.73,0.0,0.0,29323.0,8009485.0,1.1,2.75,2.72,2.73,2.73,1.39,0.22,-41.92,7.96,4273477094.0,3616832922.0,-0.36,-0.36,-20.87,-13.61
3792,300377,赢时胜,22.81,0.0,0.0,75326.0,171322220.12,1.75,22.97,22.57,22.7,22.81,1.88,1.13,-62.08,6.86,17130380255.0,15253954359.0,0.0,-0.09,-21.99,-17.24
3793,002135,东南网架,4.25,0.0,0.0,14673.0,6247374.0,0.94,4.28,4.24,4.25,4.25,1.11,0.14,25.27,0.75,4740947803.0,4436433526.0,0.0,0.0,1.19,1.67
3794,601888,中国中免,60.92,0.0,0.0,11811.0,71930814.0,0.59,61.08,60.72,60.93,60.92,1.67,0.06,16.26,2.21,126034892960.0,118944810140.0,-0.05,-0.03,-0.51,-9.09
3795,601898,中煤能源,10.35,0.0,0.0,50396.0,52282521.0,1.06,10.43,10.32,10.36,10.35,1.95,0.06,8.62,0.88,137227166190.0,94723204140.0,-0.1,-0.1,4.65,-15.02
3796,601916,浙商银行,3.28,0.0,0.0,801780.0,264780015.0,1.52,3.33,3.28,3.29,3.28,3.38,0.37,3.79,0.51,90084005959.0,70665749959.0,-0.3,-0.3,14.29,12.71
3797,601860,紫金银行,2.96,0.0,0.0,267873.0,79544417.0,1.35,2.99,2.95,2.97,2.96,4.04,0.75,6.42,0.56,10836514958.0,10512642662.0,-0.34,-0.34,8.82,5.71
3798,688478,晶升股份,28.27,0.0,0.0,1175.0,3315280.0,2.9,28.7,27.88,28.7,28.27,1.33,0.11,-386.04,2.49,3911609534.0,2923385604.0,-0.28,-0.28,-12.2,0.21
3799,688485,九州一轨,10.23,0.0,0.0,1646.0,1683735.0,1.08,10.29,10.18,10.24,10.23,1.62,0.19,-63.8,1.21,1537487794.0,901856115.0,0.1,0.0,0.0,18.54
3800,002128,电投能源,19.34,0.0,0.0,13848.0,26735664.0,0.62,19.37,19.25,19.31,19.34,0.88,0.06,6.95,1.19,43352031355.0,43352031355.0,0.0,-0.15,3.81,-1.23
3801,002129,TCL中环,7.49,0.0,0.0,74852.0,56194676.6,0.67,7.53,7.48,7.49,7.49,2.53,0.19,-3.97,1.04,30282937140.0,30259703332.0,-0.13,-0.27,-16.03,-15.56
3802,002131,利欧股份,3.61,0.0,0.0,304099.0,109729077.0,0.83,3.62,3.59,3.61,3.61,1.09,0.52,56.57,1.88,24446121118.0,21117503485.0,0.0,-0.28,-13.22,16.83
3803,300358,楚天科技,7.59,0.0,0.0,17148.0,12998294.69,1.32,7.65,7.55,7.61,7.59,1.83,0.3,-130.9,1.07,4480412946.0,4373255178.0,0.0,0.26,1.88,10.64
3804,688502,茂莱光学,245.13,-0.02,-0.06,1158.0,28420881.0,2.32,248.6,242.91,243.15,245.19,1.12,0.69,194.44,10.97,12942864000.0,4118184000.0,0.03,0.34,-8.06,21.71
3805,688147,微导纳米,28.75,-0.03,-0.01,2454.0,7061703.0,0.9,28.92,28.66,28.7,28.76,1.38,0.24,39.41,4.88,13258271886.0,2908271886.0,-0.17,-0.17,-4.68,6.92
3806,300699,光威复材,30.75,-0.03,-0.01,33890.0,104370387.2,1.27,31.02,30.63,30.69,30.76,2.02,0.41,41.28,4.86,25564074000.0,25259373757.0,-0.16,-0.1,-7.35,-9.96
3807,839725,惠丰钻石,29.91,-0.03,-0.01,7800.0,23262007.77,3.07,30.3,29.38,29.63,29.92,1.82,1.85,-237.85,4.37,2730035250.0,1258545861.0,-0.1,0.0,-12.93,-22.99
3808,688358,祥生医疗,29.88,-0.03,-0.01,3362.0,10048120.0,1.71,30.11,29.6,29.85,29.89,3.08,0.3,20.13,2.29,3350281166.0,3350281166.0,0.0,0.03,-15.16,22.36
3809,831526,凯华材料,28.93,-0.03,-0.01,1426.0,4115022.14,1.28,29.03,28.66,28.88,28.94,1.72,0.27,174.29,10.98,2392511000.0,1514991370.0,-0.31,-0.24,-16.7,11.96
3810,688716,中研股份,35.5,-0.03,-0.01,5746.0,20305848.0,1.66,35.74,35.15,35.28,35.51,1.71,0.84,190.79,3.67,4319640000.0,2434538632.0,0.17,0.45,-10.49,-2.34
3811,600887,伊利股份,30.56,-0.03,-0.01,39868.0,122108376.0,0.69,30.72,30.51,30.55,30.57,1.21,0.06,9.91,3.82,193303021984.0,192342492274.0,-0.07,-0.26,9.97,1.26
3812,301263,泰恩康,30.72,-0.03,-0.01,36096.0,109418032.72,3.48,30.9,29.83,30.27,30.73,3.6,1.19,103.59,7.63,13071283200.0,9326163610.0,-0.42,0.92,58.11,107.71
3813,600211,西藏药业,37.77,-0.03,-0.01,10209.0,38521291.0,1.06,37.99,37.59,37.69,37.78,2.46,0.32,11.3,3.15,12173996033.0,12173996033.0,0.13,0.24,10.93,5.06
3814,688269,凯立新材,31.54,-0.03,-0.01,2074.0,6547989.0,1.68,31.98,31.45,31.68,31.55,1.15,0.16,47.06,4.09,4122404160.0,4122404160.0,-0.38,-0.66,18.48,27.28
3815,001359,平安电工,29.57,-0.03,-0.01,3850.0,11348780.16,1.32,29.64,29.25,29.59,29.58,3.18,0.83,26.18,2.9,5485328589.0,1371456600.0,0.27,0.07,3.32,14.13
3816,688338,赛科希德,24.43,-0.04,-0.01,1544.0,3775705.0,0.74,24.55,24.37,24.46,24.44,2.09,0.15,28.02,1.56,2593058832.0,2593058832.0,-0.12,0.16,-3.09,0.99
3817,300897,山科智能,26.48,-0.04,-0.01,1462.0,3867078.0,1.47,26.69,26.3,26.68,26.49,1.63,0.23,70.8,2.68,2660886227.0,1666710250.0,0.08,0.19,-2.32,8.21
3818,603888,新华网,23.1,-0.04,-0.01,6715.0,15525883.0,0.56,23.2,23.07,23.12,23.11,1.38,0.13,77.54,3.39,11989578216.0,11989578216.0,-0.09,-0.04,-4.82,3.4
3819,301181,标榜股份,25.56,-0.04,-0.01,6991.0,17830439.0,2.35,25.87,25.27,25.87,25.57,1.34,1.86,23.61,2.11,2953227270.0,959547270.0,0.12,0.2,-0.47,24.74
3820,300641,正丹股份,23.49,-0.04,-0.01,20822.0,48707752.4,0.85,23.5,23.3,23.4,23.5,1.54,0.39,8.05,4.13,12512707744.0,12512707744.0,0.3,0.26,-5.17,-5.43
3821,600600,青岛啤酒,76.81,-0.04,-0.03,26798.0,206846411.0,2.17,77.92,76.25,76.55,76.84,2.45,0.38,15.32,3.41,104783955286.0,54467963682.0,0.18,-0.09,9.95,-5.08
3822,001207,联科科技,23.8,-0.04,-0.01,9246.0,22009263.0,1.64,23.99,23.6,23.83,23.81,1.09,0.47,14.49,2.53,4816071943.0,4675603320.0,0.04,-0.04,9.43,24.67
3823,300904,威力传动,54.18,-0.04,-0.02,1128.0,6131876.0,1.51,54.8,53.98,53.98,54.2,0.81,0.51,-55.88,5.32,3921723510.0,1191051510.0,-0.15,0.04,-2.36,-9.96
3824,605089,味知香,24.08,-0.04,-0.01,1147.0,2758483.0,0.71,24.14,23.97,24.09,24.09,1.27,0.08,42.59,2.68,3323040000.0,3323040000.0,-0.08,0.25,-0.37,-3.45
3825,301285,鸿日达,27.8,-0.04,-0.01,1887.0,5247307.0,0.76,27.89,27.68,27.81,27.81,1.16,0.24,-118.02,5.65,5745426000.0,2188132662.0,-0.22,-0.07,-17.68,-3.07
3826,300653,正海生物,20.73,-0.05,-0.01,11416.0,23712792.0,1.74,20.98,20.62,20.77,20.74,4.71,0.63,35.03,4.48,3731400000.0,3731389117.0,0.1,0.19,-3.22,-0.58
3827,300100,双林股份,43.59,-0.05,-0.02,68615.0,299012174.12,2.11,44.08,43.16,43.24,43.61,1.91,1.27,38.35,8.93,24453185459.0,23598784059.0,0.21,0.02,36.43,121.83
3828,688234,天岳先进,58.5,-0.05,-0.03,4730.0,27638364.0,0.96,58.79,58.23,58.49,58.53,1.18,0.16,737.78,4.72,25138096074.0,17573886603.0,0.19,0.07,-16.52,14.26
3829,603927,中科软,19.42,-0.05,-0.01,18996.0,36901021.0,0.77,19.5,19.35,19.48,19.43,1.63,0.23,-248.49,5.39,16138796800.0,16138796800.0,0.0,-0.05,-17.85,-9.08
3830,688726,拉普拉斯,39.67,-0.05,-0.02,1422.0,5638934.0,0.68,39.8,39.53,39.8,39.69,1.4,0.39,15.94,4.41,16079289918.0,1440475222.0,-0.03,0.05,-20.63,-11.11
3831,300720,海川智能,21.93,-0.05,-0.01,7460.0,16357541.0,1.23,22.08,21.81,22.08,21.94,2.63,0.43,146.6,7.56,4273658224.0,3800513978.0,0.05,-0.23,3.54,25.96
3832,300033,同花顺,246.9,-0.05,-0.12,11060.0,272569452.16,1.3,248.0,244.8,246.0,247.02,2.7,0.4,275.62,20.48,132733440000.0,68022327949.0,-0.19,-0.24,-16.46,-13.22
3833,001872,招商港口,20.47,-0.05,-0.01,3498.0,7164055.0,0.78,20.55,20.39,20.4,20.48,1.19,0.02,11.74,0.82,51203346467.0,35715642793.0,-0.15,-0.15,8.31,0.0
3834,603721,*ST天择,18.29,-0.05,-0.01,8544.0,15653606.0,1.37,18.45,18.2,18.36,18.3,1.5,0.66,-83.71,4.85,2377700000.0,2377700000.0,-0.05,-0.05,-32.81,-29.84
3835,001316,润贝航科,41.91,-0.05,-0.02,5877.0,24620885.0,1.31,42.25,41.7,41.97,41.93,2.09,2.16,25.38,2.82,3455898600.0,1140255848.0,-0.17,0.05,32.92,44.52
3836,300853,申昊科技,20.95,-0.05,-0.01,11655.0,24324331.0,2.15,21.17,20.72,20.9,20.96,2.81,1.06,-19.19,4.4,3078515767.0,2309912600.0,-0.1,0.58,-30.07,-16.47
3837,600763,通策医疗,42.41,-0.05,-0.02,14139.0,59985547.0,1.37,42.79,42.21,42.79,42.43,1.86,0.32,25.78,4.51,18969531452.0,18969531452.0,0.09,0.28,-6.3,-4.48
3838,000423,东阿阿胶,55.46,-0.05,-0.03,7349.0,40702292.0,0.63,55.55,55.2,55.49,55.49,1.42,0.11,21.01,3.6,35714954659.0,35714954659.0,0.05,-0.02,-2.08,-11.58
3839,301156,美农生物,20.02,-0.05,-0.01,13125.0,26124765.0,2.85,20.3,19.73,20.21,20.03,1.4,2.04,79.32,4.08,2818509194.0,1288792885.0,0.3,0.4,48.19,58.26
3840,688225,亚信安全,19.78,-0.05,-0.01,2994.0,5912847.0,1.36,19.93,19.66,19.79,19.79,1.22,0.14,-8.7,4.1,7912197800.0,4136151552.0,0.05,0.05,-23.92,8.62
3841,301591,肯特股份,39.85,-0.05,-0.02,5929.0,23614689.0,1.58,40.18,39.55,40.15,39.87,0.94,1.75,38.8,3.85,3352182000.0,1352856691.0,-0.1,0.28,1.27,4.95
3842,300682,朗新集团,16.91,-0.06,-0.01,158231.0,264934436.0,3.84,17.09,16.44,16.53,16.92,2.88,1.53,1354.75,2.72,18266982452.0,17486115279.0,-0.7,-0.59,23.52,38.61
3843,603279,景津装备,15.92,-0.06,-0.01,3586.0,5703232.0,0.94,15.98,15.83,15.89,15.93,1.23,0.06,13.75,2.08,9177195440.0,9106994194.0,-0.06,-0.13,-2.99,-8.92
3844,002268,电科网安,16.2,-0.06,-0.01,35020.0,56839060.0,1.42,16.35,16.12,16.19,16.21,2.33,0.41,-25.43,2.49,13699967449.0,13695964510.0,0.0,-0.12,-9.29,-0.31
3845,001205,盛航股份,16.19,-0.06,-0.01,1925.0,3115021.02,0.49,16.23,16.15,16.15,16.2,0.91,0.12,20.06,1.49,3043770772.0,2580990453.0,0.12,0.0,-7.75,-16.07
3846,300835,龙磁科技,33.35,-0.06,-0.02,9846.0,33069242.0,2.04,33.88,33.2,33.28,33.37,4.12,1.2,34.96,3.64,3981052998.0,2732692830.0,-0.18,-0.09,-20.69,7.86
3847,838971,天马新材,34.38,-0.06,-0.02,17271.0,59433236.25,4.45,35.23,33.7,34.62,34.4,3.51,2.05,929.34,8.33,3612925509.0,2900049333.0,0.79,1.18,-6.75,37.08
3848,301207,华兰疫苗,16.89,-0.06,-0.01,3930.0,6625928.0,1.18,16.99,16.79,16.9,16.9,2.07,0.28,77.43,1.68,10151354475.0,2392442962.0,0.24,0.18,-3.38,-3.54
3849,301166,优宁维,30.0,-0.07,-0.02,2909.0,8708556.0,1.37,30.22,29.81,29.96,30.02,2.09,0.7,-104.69,1.28,2600000040.0,1238066040.0,0.0,0.33,1.39,6.57
3850,603899,晨光股份,30.69,-0.07,-0.02,8656.0,26511788.0,0.98,30.8,30.5,30.7,30.71,1.5,0.09,22.28,3.43,28352294210.0,28352294210.0,0.49,0.29,16.69,4.89
3851,603209,兴通股份,14.68,-0.07,-0.01,3443.0,5062300.0,0.68,14.76,14.66,14.75,14.69,1.83,0.12,13.93,1.6,4110400000.0,4110400000.0,0.07,0.0,-7.44,-6.97
3852,832566,梓橦宫,13.89,-0.07,-0.01,37319.0,51118880.27,3.09,13.93,13.5,13.7,13.9,2.82,3.36,30.58,2.55,2035525051.0,1543951673.0,0.58,0.94,21.2,51.8
3853,688110,东芯股份,30.31,-0.07,-0.02,17573.0,53309118.0,1.48,30.55,30.1,30.38,30.33,1.23,0.4,-56.57,4.25,13404590165.0,13404590165.0,-0.13,-0.1,0.5,21.73
3854,603711,香飘飘,13.64,-0.07,-0.01,10510.0,14267429.0,1.47,13.7,13.5,13.63,13.65,1.1,0.25,-74.95,1.62,5629016580.0,5629016580.0,-0.15,0.15,-3.94,-16.83
3855,688658,悦康药业,14.99,-0.07,-0.01,25647.0,38121342.0,2.87,15.06,14.63,14.84,15.0,2.69,0.57,-34.23,1.91,6745500000.0,6745500000.0,0.07,0.6,5.12,4.02
3856,002597,金禾实业,25.32,-0.08,-0.02,14247.0,36006644.6,0.87,25.36,25.14,25.3,25.34,1.54,0.25,14.87,1.95,14389859311.0,14351852472.0,-0.08,0.04,14.36,14.93
3857,300557,理工光科,24.27,-0.08,-0.02,3632.0,8820226.9,1.19,24.45,24.16,24.22,24.29,1.32,0.31,90.97,3.01,2935377525.0,2886830002.0,-0.25,-0.08,-12.45,-2.84
3858,300981,中红医疗,12.95,-0.08,-0.01,8404.0,10843150.68,1.0,12.98,12.85,12.9,12.96,2.06,0.24,66.73,0.92,5050601010.0,4628745371.0,0.15,0.15,5.71,0.7
3859,688383,新益昌,52.87,-0.08,-0.04,2741.0,14494838.0,1.61,53.45,52.6,53.45,52.91,1.28,0.27,115.42,3.89,5399803432.0,5399803432.0,0.13,0.08,13.02,17.83
3860,834765,美之高,25.26,-0.08,-0.02,2732.0,6855169.97,1.86,25.38,24.91,25.29,25.28,1.21,0.62,3032.16,5.62,1758425491.0,1111371672.0,0.04,0.6,1.45,-25.84
3861,600188,兖矿能源,12.74,-0.08,-0.01,24042.0,30638519.0,0.63,12.79,12.71,12.75,12.75,1.35,0.04,11.8,2.05,127877502131.0,75470627210.0,0.08,-0.16,-2.97,-10.09
3862,688157,松井股份,39.07,-0.08,-0.03,333.0,1303061.0,1.0,39.39,39.0,39.39,39.1,0.73,0.03,286.83,3.28,4365544508.0,4365544508.0,-0.08,-0.08,-14.49,-0.61
3863,603886,元祖股份,13.24,-0.08,-0.01,2401.0,3171239.0,0.75,13.27,13.17,13.27,13.25,0.98,0.1,-31.76,2.29,3177600000.0,3177600000.0,0.15,0.46,7.47,-1.34
3864,836807,奔朗新材,11.47,-0.09,-0.01,31791.0,36688438.62,3.57,11.71,11.3,11.43,11.48,7.72,2.57,89.6,2.22,2086163600.0,1418067723.0,0.17,-0.26,2.5,45.37
3865,605122,四方新材,11.66,-0.09,-0.01,4851.0,5666668.0,1.89,11.82,11.6,11.74,11.67,2.54,0.28,-584.98,0.98,2009647640.0,2009647640.0,0.17,0.17,-0.6,9.69
3866,600508,上海能源,11.29,-0.09,-0.01,3375.0,3808545.0,0.62,11.34,11.27,11.3,11.3,1.46,0.05,19.5,0.63,8159486220.0,8159486220.0,0.0,0.0,-4.56,-14.66
3867,688012,中微公司,178.74,-0.09,-0.16,8235.0,147266709.0,0.94,179.58,177.89,178.8,178.9,1.71,0.13,89.2,5.5,111711824005.0,111711824005.0,0.02,-0.15,-11.82,-5.51
3868,301262,海看股份,23.25,-0.09,-0.02,2652.0,6180254.0,1.38,23.43,23.11,23.21,23.27,2.04,0.22,20.7,2.63,9695250000.0,2838252864.0,-0.13,-0.13,-5.33,-5.18
3869,600420,国药现代,10.88,-0.09,-0.01,43281.0,47097072.0,0.83,10.94,10.85,10.9,10.89,2.86,0.32,10.09,1.08,14591958889.0,14591958889.0,0.09,0.09,-1.98,-8.88
3870,301126,达嘉维康,11.12,-0.09,-0.01,12707.0,14147346.0,2.16,11.29,11.05,11.24,11.13,2.42,0.92,181.6,1.3,2284083584.0,1533261951.0,0.09,0.18,2.49,6.51
3871,301119,正强股份,44.8,-0.09,-0.04,3206.0,14341201.0,1.87,45.4,44.56,44.85,44.84,1.18,0.38,30.71,4.38,4659200000.0,3768128000.0,0.29,0.22,39.35,44.94
3872,836221,易实精密,22.17,-0.09,-0.02,6095.0,13465953.51,2.21,22.38,21.89,22.38,22.19,1.99,1.47,35.64,5.71,2143839000.0,917506714.0,-0.58,-0.23,15.71,50.1
3873,002423,中粮资本,11.58,-0.09,-0.01,21040.0,24385040.0,0.86,11.65,11.55,11.61,11.59,1.64,0.09,17.03,1.23,26681542559.0,26681542559.0,-0.09,-0.17,-10.44,-13.52
3874,688349,三一重能,23.5,-0.09,-0.02,2413.0,5673940.0,0.85,23.62,23.42,23.52,23.52,1.51,0.13,-37.67,2.12,28820499053.0,4424714303.0,0.0,-0.13,-16.07,-23.9
3875,605169,洪通燃气,10.86,-0.09,-0.01,7207.0,7812239.0,1.2,10.93,10.8,10.93,10.87,1.52,0.25,34.08,1.58,3072076800.0,3072076800.0,0.0,0.37,8.71,6.78
3876,300482,万孚生物,21.48,-0.09,-0.02,6997.0,15003196.0,1.02,21.58,21.36,21.58,21.5,1.51,0.16,13.67,1.9,10340995919.0,9244950286.0,0.14,0.33,-6.97,-2.41
3877,603267,鸿远电子,46.59,-0.09,-0.04,4735.0,22066159.0,1.07,46.86,46.36,46.47,46.63,1.07,0.2,44.71,2.53,10766058758.0,10766058758.0,-0.09,-0.24,10.77,29.2
3878,603223,恒通股份,10.71,-0.09,-0.01,24215.0,25866730.0,2.52,10.86,10.59,10.73,10.72,1.69,0.44,44.94,2.01,7648943263.0,5924669184.0,0.28,0.94,18.08,2.68
3879,003033,征和工业,43.46,-0.09,-0.04,2018.0,8774444.0,1.1,43.76,43.28,43.39,43.5,1.02,0.25,16.5,2.71,3552855000.0,3506716821.0,-0.07,-0.21,5.97,61.86
3880,002255,海陆重工,9.81,-0.1,-0.01,241055.0,238287118.0,2.85,10.04,9.76,9.95,9.82,1.74,3.78,27.63,1.93,8150943150.0,6258507704.0,-0.2,-0.3,49.32,76.44
3881,603801,志邦家居,10.42,-0.1,-0.01,6271.0,6546484.0,0.86,10.48,10.39,10.39,10.43,1.32,0.14,27.02,1.32,4548389529.0,4525925354.0,-0.38,-0.19,-14.38,-18.66
3882,688623,双元科技,61.5,-0.1,-0.06,143.0,882728.0,1.41,61.92,61.05,61.7,61.56,0.48,0.08,35.9,1.69,3637276050.0,1147962444.0,0.0,-0.28,9.08,12.35
3883,600161,天坛生物,19.27,-0.1,-0.02,29386.0,56472042.0,0.67,19.3,19.17,19.3,19.29,1.95,0.15,39.02,3.35,38103947764.0,38103947764.0,0.0,0.16,-3.02,-6.0
3884,300925,法本信息,20.65,-0.1,-0.02,11331.0,23398273.0,1.06,20.75,20.53,20.64,20.67,1.28,0.34,80.47,4.17,8852839714.0,6826448358.0,-0.29,-0.24,-19.49,-7.07
3885,873169,七丰精工,30.33,-0.1,-0.03,24502.0,74338392.07,3.92,30.9,29.71,30.0,30.36,2.86,4.82,282.22,8.03,2479337679.0,1541127657.0,-0.56,-0.36,74.11,128.39
3886,603299,苏盐井神,9.67,-0.1,-0.01,8780.0,8487871.0,0.41,9.69,9.65,9.67,9.68,1.72,0.11,11.7,1.21,7561252163.0,7515983277.0,0.1,0.0,-9.2,-13.2
3887,605368,蓝天燃气,9.81,-0.1,-0.01,6273.0,6153311.0,0.31,9.83,9.8,9.82,9.82,1.69,0.09,13.28,2.07,7010567820.0,6568960114.0,0.0,0.1,-1.41,-10.66
3888,688677,海泰新光,41.56,-0.1,-0.04,1699.0,7071489.0,1.06,41.9,41.46,41.54,41.6,1.08,0.14,26.68,3.92,4982088120.0,4982088120.0,-0.02,0.17,4.76,10.36
3889,600593,大连圣亚,28.7,-0.1,-0.03,5387.0,15447431.0,1.15,28.8,28.47,28.5,28.73,1.04,0.42,-113.45,26.33,3696560000.0,3696560000.0,-0.1,-0.03,9.25,-20.89
3890,002893,京能热力,10.49,-0.1,-0.01,6253.0,6533049.0,0.76,10.5,10.42,10.48,10.5,1.47,0.31,3.69,2.02,2765583600.0,2127147703.0,0.0,0.19,-1.78,3.96
3891,600846,同济科技,9.68,-0.1,-0.01,16545.0,16099730.0,1.34,9.8,9.67,9.69,9.69,2.4,0.26,17.28,1.45,6047691475.0,6047691475.0,-0.31,0.0,9.26,12.3
3892,603100,川仪股份,20.31,-0.1,-0.02,8028.0,16287312.0,0.79,20.39,20.23,20.35,20.33,1.41,0.16,22.95,2.35,10424036090.0,10359025303.0,-0.05,-0.1,-4.69,-4.42
3893,301267,华厦眼科,19.08,-0.1,-0.02,6012.0,11452556.0,0.89,19.13,18.96,19.1,19.1,1.96,0.18,26.77,2.72,16027200000.0,6274054935.0,0.1,0.05,-2.45,0.21
3894,600138,中青旅,9.79,-0.1,-0.01,15903.0,15541610.0,0.41,9.79,9.75,9.79,9.8,1.64,0.22,-52.56,1.14,7086393600.0,7086393600.0,0.2,0.1,-2.68,-2.78
3895,002189,中光学,20.08,-0.1,-0.02,8495.0,17021288.0,0.95,20.14,19.95,20.02,20.1,1.23,0.33,-19.25,8.1,5244881402.0,5244091214.0,0.05,0.0,-6.39,-2.43
3896,300443,金雷股份,19.43,-0.1,-0.02,9144.0,17792290.0,1.13,19.55,19.33,19.43,19.45,2.02,0.38,27.81,1.03,6220215239.0,4717099694.0,-0.21,-0.51,-11.03,-2.46
3897,688579,山大地纬,10.28,-0.1,-0.01,19353.0,19873787.0,1.85,10.37,10.18,10.35,10.29,2.26,0.48,194.34,2.98,4112102800.0,4112102800.0,0.1,0.0,-6.2,11.86
3898,301060,兰卫医学,9.61,-0.1,-0.01,9113.0,8743761.0,1.04,9.65,9.55,9.6,9.62,1.72,0.26,-119.08,2.45,3848968370.0,3415191008.0,0.42,0.42,-12.95,5.49
3899,002311,海大集团,62.53,-0.11,-0.07,24828.0,154639384.7,1.5,62.8,61.86,62.4,62.6,2.04,0.15,20.28,4.24,104034285624.0,103957457077.0,0.13,-0.32,21.75,27.48
3900,830974,凯大催化,8.69,-0.11,-0.01,3921.0,3401941.93,1.26,8.74,8.63,8.7,8.7,1.16,0.3,60.95,2.27,1423422000.0,1119036657.0,0.12,0.12,-1.7,25.76
3901,603508,思维列控,26.55,-0.11,-0.03,6755.0,17962708.0,0.98,26.71,26.45,26.5,26.58,1.16,0.18,19.96,2.1,10122834709.0,10122834709.0,-0.15,-0.19,6.71,11.65
3902,600021,上海电力,8.79,-0.11,-0.01,36906.0,32389483.0,0.45,8.8,8.76,8.79,8.8,1.51,0.14,7.47,1.27,24759176640.0,23004873292.0,0.0,0.23,3.53,-1.12
3903,600958,东方证券,9.49,-0.11,-0.01,61810.0,58755060.0,0.95,9.55,9.46,9.49,9.5,2.63,0.08,14.04,1.04,80633163821.0,70885392379.0,0.0,-0.11,-1.76,-10.13
3904,300700,岱勒新材,9.35,-0.11,-0.01,13309.0,12511040.0,1.82,9.48,9.31,9.4,9.36,1.36,0.49,-28.93,3.98,3703030315.0,2529552918.0,-0.21,-0.21,10.65,6.49
3905,688739,成大生物,26.33,-0.11,-0.03,3431.0,9042843.0,0.72,26.48,26.29,26.39,26.36,1.72,0.08,37.96,1.18,10965128500.0,10838358792.0,0.08,0.11,-5.22,2.13
3906,603211,晋拓股份,17.42,-0.11,-0.02,11686.0,20272177.0,1.49,17.49,17.23,17.41,17.44,1.31,1.72,67.21,3.92,4734895360.0,1183723840.0,0.06,0.35,-6.7,16.13
3907,603976,正川股份,17.86,-0.11,-0.02,3605.0,6426381.0,1.12,17.93,17.73,17.93,17.88,3.33,0.24,61.86,2.3,2700469542.0,2700469542.0,0.06,0.62,5.37,11.97
3908,300583,赛托生物,18.18,-0.11,-0.02,9952.0,18083303.0,2.8,18.51,18.0,18.36,18.2,2.45,0.53,-31.34,1.9,3448784651.0,3384187475.0,-0.22,0.11,-31.78,-7.01
3909,837212,智新电子,18.87,-0.11,-0.02,6764.0,12676006.04,1.48,18.9,18.62,18.9,18.89,2.32,1.32,61.45,4.78,2002107000.0,968637236.0,0.64,0.64,-0.68,30.05
3910,300345,华民股份,9.06,-0.11,-0.01,34081.0,31076509.0,1.76,9.19,9.03,9.1,9.07,2.56,0.77,-39.6,9.28,5236187245.0,4016756545.0,-0.77,-1.41,56.21,60.64
3911,002908,德生科技,9.35,-0.11,-0.01,19360.0,18154575.0,1.28,9.45,9.33,9.33,9.36,1.53,0.54,154.88,3.65,4033890023.0,3364678209.0,0.0,-0.21,-7.33,6.74
3912,600970,中材国际,9.02,-0.11,-0.01,29635.0,26719203.0,0.66,9.05,8.99,9.03,9.03,2.23,0.13,8.98,1.09,23812421431.0,20311748688.0,0.0,0.0,-9.26,-4.85
3913,688403,汇成股份,9.25,-0.11,-0.01,18075.0,16722196.0,1.19,9.31,9.2,9.29,9.26,1.9,0.31,47.74,2.47,7751339337.0,5355485524.0,-0.32,-0.22,-10.28,4.28
3914,300848,美瑞新材,17.95,-0.11,-0.02,5723.0,10270356.88,0.83,18.02,17.87,17.9,17.97,0.83,0.24,105.87,5.11,7680582905.0,4297655200.0,-0.11,-0.17,-0.72,10.94
3915,300636,同和药业,8.07,-0.12,-0.01,57514.0,46790095.5,3.59,8.31,8.02,8.13,8.08,5.42,1.57,40.92,1.46,3401725715.0,2964576510.0,-0.12,0.25,5.63,1.25
3916,603816,顾家家居,24.83,-0.12,-0.03,7204.0,17929990.0,1.17,25.09,24.8,24.8,24.86,1.4,0.09,9.83,1.96,20407566417.0,20166087516.0,0.04,-0.08,-9.58,-9.97
3917,603162,海通发展,8.22,-0.12,-0.01,10143.0,8326155.0,0.61,8.24,8.19,8.24,8.23,1.34,0.37,27.84,1.82,7532380461.0,2244680577.0,0.0,0.0,-5.41,-9.67
3918,001289,龙源电力,16.44,-0.12,-0.02,6703.0,11024352.0,0.79,16.51,16.38,16.45,16.46,2.01,0.01,18.07,1.83,137435377736.0,82889397656.0,-0.12,-0.06,2.94,4.65
3919,000705,浙江震元,8.57,-0.12,-0.01,20046.0,17103883.0,1.28,8.6,8.49,8.6,8.58,0.76,0.71,19.95,1.43,2863436561.0,2416403422.0,0.0,0.0,10.3,8.34
3920,688347,华虹公司,48.06,-0.12,-0.06,8845.0,42491626.0,1.27,48.41,47.8,48.29,48.12,1.12,0.23,911.09,1.9,82958065065.0,18812606400.0,-0.19,0.0,-11.49,3.42
3921,000576,甘化科工,8.41,-0.12,-0.01,54624.0,46044586.0,2.02,8.49,8.32,8.41,8.42,2.1,1.26,125.87,2.27,3670277180.0,3648698591.0,0.0,-0.12,7.0,15.84
3922,002933,新兴装备,33.57,-0.12,-0.04,17139.0,57587097.0,2.89,34.28,33.31,33.48,33.61,4.65,1.5,92.95,2.6,3939439500.0,3829415403.0,0.03,-0.06,-10.17,12.54
3923,603099,长白山,33.13,-0.12,-0.04,14958.0,49698016.0,1.66,33.43,32.88,33.02,33.17,2.55,0.56,502.58,7.58,8834777100.0,8834777100.0,-0.12,-0.33,7.29,-21.34
3924,603395,红四方,43.24,-0.12,-0.05,2425.0,10478910.0,0.62,43.37,43.1,43.23,43.29,1.43,0.59,102.31,6.15,8648000000.0,1782701790.0,0.02,0.02,-6.73,-17.83
3925,000403,派林生物,17.06,-0.12,-0.02,38101.0,65021462.34,1.7,17.2,16.91,17.08,17.08,4.22,0.41,45.5,2.09,16213779405.0,16031598002.0,0.12,0.18,7.77,6.76
3926,000028,国药一致,25.54,-0.12,-0.03,7513.0,19222465.1,0.51,25.64,25.51,25.55,25.57,2.82,0.16,10.83,0.79,14214672067.0,12209491804.0,0.08,0.08,-0.66,-12.68
3927,002033,丽江股份,8.56,-0.12,-0.01,13170.0,11273338.0,0.47,8.58,8.54,8.57,8.57,1.76,0.24,34.12,1.98,4703640486.0,4703550349.0,0.0,0.0,0.35,0.47
3928,603368,柳药集团,17.02,-0.12,-0.02,12888.0,21902453.0,0.7,17.08,16.96,17.01,17.04,1.99,0.32,6.12,0.91,6788662914.0,6759813163.0,0.24,0.29,3.65,-0.53
3929,000058,深 赛 格,8.17,-0.12,-0.01,11445.0,9344668.0,0.86,8.21,8.14,8.18,8.18,1.33,0.12,109.89,5.0,10058909490.0,8045093805.0,0.12,0.12,-12.71,1.87
3930,002153,石基信息,8.08,-0.12,-0.01,34505.0,27924875.0,0.99,8.13,8.05,8.08,8.09,1.5,0.22,261.13,3.12,22051886235.0,12926091536.0,-0.12,-0.37,1.89,13.17
3931,300381,溢多利,8.06,-0.12,-0.01,41843.0,33767125.0,2.35,8.2,8.01,8.11,8.07,2.39,0.86,203.16,1.51,3957955376.0,3944086638.0,-0.12,0.12,7.75,14.81
3932,300527,中船应急,7.82,-0.13,-0.01,19237.0,15039422.0,1.02,7.85,7.77,7.8,7.83,1.34,0.19,-78.08,2.97,7716952443.0,7716952443.0,0.0,-0.13,-2.13,-3.1
3933,601238,广汽集团,7.65,-0.13,-0.01,29046.0,22266111.0,0.52,7.69,7.65,7.67,7.66,1.85,0.04,-26.66,0.69,78007554135.0,56485286602.0,0.0,-0.13,-11.97,-18.09
3934,300401,花园生物,15.08,-0.13,-0.02,22095.0,33183992.0,1.52,15.14,14.91,15.05,15.1,1.56,0.41,21.23,2.66,8195487216.0,8063024511.0,0.07,0.27,5.16,3.64
3935,002555,三七互娱,14.81,-0.13,-0.02,125460.0,186132786.07,1.69,14.95,14.7,14.72,14.83,3.91,0.78,14.91,2.59,32763240056.0,23680705609.0,0.07,-0.07,0.61,-1.66
3936,836395,朗鸿科技,15.0,-0.13,-0.02,5068.0,7594106.35,1.6,15.15,14.91,15.15,15.02,3.73,0.49,38.45,11.5,2288785560.0,1556070360.0,0.07,0.2,-6.72,45.07
3937,688332,中科蓝讯,89.93,-0.13,-0.12,3192.0,28745277.0,1.22,90.78,89.68,90.02,90.05,1.81,0.73,60.25,2.76,10819051133.0,3958844592.0,-0.04,-0.08,-27.41,-30.56
3938,002608,江苏国信,7.47,-0.13,-0.01,17221.0,12878192.0,0.53,7.5,7.46,7.49,7.48,0.61,0.05,8.16,0.86,28222255389.0,28222255389.0,0.0,0.0,4.62,-2.61
3939,836208,青矩技术,37.35,-0.13,-0.05,2873.0,10709744.71,1.04,37.55,37.16,37.48,37.4,1.56,0.48,61.51,3.6,3588278667.0,2258220778.0,-0.32,0.05,-8.75,20.02
3940,600346,恒力石化,15.01,-0.13,-0.02,11042.0,16576268.0,0.8,15.07,14.95,15.02,15.03,1.42,0.02,12.88,1.62,105656887788.0,105656887788.0,0.0,-0.13,-5.48,-2.21
3941,600637,东方明珠,7.4,-0.13,-0.01,24521.0,18202823.0,0.54,7.44,7.4,7.41,7.41,1.76,0.07,51.48,0.82,24878058646.0,24878058646.0,-0.13,-0.13,-5.25,-4.64
3942,600177,雅戈尔,7.51,-0.13,-0.01,32273.0,24268319.0,0.53,7.54,7.5,7.52,7.52,1.62,0.07,10.8,0.86,34722048684.0,34722048684.0,-0.13,0.0,-9.84,-14.66
3943,600754,锦江酒店,23.01,-0.13,-0.03,9448.0,21755954.0,0.56,23.09,22.96,23.09,23.04,1.68,0.1,170.93,1.59,24621713890.0,20893306027.0,-0.04,-0.09,-11.36,-14.33
3944,601007,金陵饭店,7.54,-0.13,-0.01,185618.0,142139937.0,6.36,7.94,7.46,7.65,7.55,9.87,4.76,114.05,1.86,2940600000.0,2940600000.0,-0.26,0.27,11.54,7.56
3945,300519,新光药业,15.36,-0.13,-0.02,11779.0,18047142.0,1.69,15.45,15.19,15.37,15.38,2.3,1.03,25.03,3.05,2457600000.0,1752576000.0,0.46,0.39,18.15,18.43
3946,000532,华金资本,14.81,-0.13,-0.02,17344.0,25604702.0,1.28,14.87,14.68,14.87,14.83,1.2,0.5,34.52,3.35,5105130515.0,5087971738.0,-0.07,-0.13,-7.44,12.2
3947,002977,天箭科技,38.08,-0.13,-0.05,17497.0,66712367.12,2.57,38.68,37.7,37.7,38.13,2.19,2.63,68.78,4.12,4574169600.0,2536896074.0,0.03,0.03,37.87,39.95
3948,603456,九洲药业,15.27,-0.13,-0.02,46149.0,70301402.0,1.18,15.32,15.14,15.3,15.29,1.47,0.52,13.66,1.55,13670251094.0,13670251094.0,0.07,0.39,11.38,11.62
3949,000911,广农糖业,7.64,-0.13,-0.01,8888.0,6781374.0,0.92,7.67,7.6,7.67,7.65,1.27,0.22,114.25,23.35,3058443410.0,3058443410.0,0.13,0.0,10.89,6.11
3950,603486,科沃斯,54.46,-0.13,-0.07,7830.0,42579656.0,1.47,54.82,54.02,54.66,54.53,1.48,0.14,16.5,4.24,31330596470.0,30998739014.0,-0.11,-0.35,-6.55,15.87
3951,603018,华设集团,7.6,-0.13,-0.01,14785.0,11205543.0,1.31,7.62,7.52,7.58,7.61,1.94,0.22,22.44,1.0,5196829323.0,5196829323.0,0.26,0.13,-12.64,-7.43
3952,600563,法拉电子,102.46,-0.13,-0.13,1580.0,16192564.0,1.17,103.38,102.18,102.59,102.59,0.91,0.07,21.81,4.15,23053500000.0,23053500000.0,-0.06,-0.11,-18.47,-13.84
3953,601727,上海电气,7.46,-0.13,-0.01,222280.0,166222936.0,1.07,7.53,7.45,7.49,7.47,0.96,0.18,99.41,2.17,116225375826.0,94408740106.0,0.0,-0.27,-9.47,-8.01
3954,600064,南京高科,7.59,-0.13,-0.01,36339.0,27677643.0,0.79,7.64,7.58,7.62,7.6,2.59,0.21,4.74,0.68,13133277898.0,13133277898.0,-0.13,-0.39,7.05,-2.32
3955,000859,国风新材,7.54,-0.13,-0.01,126118.0,95192079.0,2.38,7.63,7.45,7.5,7.55,1.04,1.41,-70.13,2.44,6755661083.0,6754739318.0,-0.13,-0.13,38.35,49.01
3956,002650,ST加加,7.97,-0.13,-0.01,8994.0,7183485.0,1.63,8.04,7.91,7.98,7.98,0.7,0.08,152.23,4.86,9181441594.0,9181142719.0,0.0,0.13,68.5,68.5
3957,600426,华鲁恒升,20.69,-0.14,-0.03,12152.0,25149529.0,0.53,20.76,20.65,20.72,20.72,1.07,0.06,15.54,1.38,43929421759.0,43845762882.0,0.1,-0.24,0.24,-4.26
3958,000800,一汽解放,6.98,-0.14,-0.01,35341.0,24733343.0,0.72,7.03,6.98,7.02,6.99,1.16,0.07,295.65,1.3,34358150808.0,34347364943.0,-0.14,-0.14,-13.29,-14.88
3959,601101,昊华能源,7.16,-0.14,-0.01,20733.0,14878764.0,1.12,7.23,7.15,7.2,7.17,1.99,0.14,9.32,0.84,10310385150.0,10310385150.0,-0.14,0.0,1.56,-13.0
3960,600523,贵航股份,14.67,-0.14,-0.02,38956.0,57010392.0,1.63,14.78,14.54,14.69,14.69,2.07,0.96,38.58,1.91,5931247064.0,5927334575.0,0.14,-0.07,13.81,23.07
3961,603978,深圳新星,14.74,-0.14,-0.02,12475.0,18415395.0,2.03,14.91,14.61,14.89,14.76,3.53,0.59,321.26,1.79,3111529967.0,3111529967.0,-0.07,0.2,5.44,-4.35
3962,688337,普源精电,36.12,-0.14,-0.05,1470.0,5324000.0,1.63,36.49,35.9,35.9,36.17,0.94,0.22,463.36,2.21,7011037564.0,2452588165.0,-0.11,-0.14,-2.38,-7.38
3963,601512,中新集团,7.38,-0.14,-0.01,4693.0,3479548.0,0.81,7.44,7.38,7.44,7.39,2.44,0.03,10.69,0.75,11061808200.0,11061808200.0,-0.14,-0.14,-3.15,-3.91
3964,000697,ST炼石,6.99,-0.14,-0.01,14826.0,10337081.0,0.86,7.01,6.95,6.97,7.0,2.31,0.25,-28.32,66.76,6102975123.0,4130366039.0,0.43,0.29,-8.87,-20.84
3965,605108,同庆楼,21.09,-0.14,-0.03,1589.0,3349770.0,1.09,21.2,20.97,20.97,21.12,0.61,0.06,26.45,2.4,5483400000.0,5483400000.0,0.05,0.09,-4.22,-13.95
3966,603819,神力股份,14.41,-0.14,-0.02,2936.0,4232482.0,1.04,14.52,14.37,14.43,14.43,1.24,0.13,1712.22,3.97,3137491995.0,3137491995.0,0.07,0.21,5.8,16.96
3967,301520,万邦医药,41.89,-0.14,-0.06,5497.0,22926040.0,2.53,42.51,41.45,41.93,41.95,2.33,2.45,58.92,1.86,2792666681.0,939299135.0,0.58,0.89,2.55,9.8
3968,600272,开开实业,13.93,-0.14,-0.02,7931.0,11012739.0,1.51,14.04,13.83,13.95,13.95,1.56,0.5,106.07,5.49,3384990000.0,2228800000.0,0.07,0.29,-7.69,-8.48
3969,300436,广生堂,35.09,-0.14,-0.05,58968.0,208129352.2,5.09,36.18,34.39,34.79,35.14,6.01,4.31,-49.04,16.85,5588679030.0,4797498449.0,-0.62,-1.65,3.39,7.41
3970,001258,立新能源,6.85,-0.15,-0.01,15313.0,10469532.0,0.73,6.87,6.82,6.85,6.86,1.05,0.33,-170.69,2.21,6393333338.0,3210659452.0,-0.15,0.15,7.87,-13.73
3971,000722,湖南发展,13.28,-0.15,-0.02,120903.0,159597996.0,3.16,13.44,13.02,13.2,13.3,2.09,2.6,362.99,1.98,6164021985.0,6164021985.0,-0.52,-0.3,39.35,40.53
3972,300922,天秦装备,20.36,-0.15,-0.03,9762.0,19899962.4,1.91,20.66,20.27,20.42,20.39,2.04,0.85,86.36,3.58,3192676032.0,2343102381.0,0.0,-0.05,37.2,43.68
3973,600348,华阳股份,6.61,-0.15,-0.01,77543.0,51264062.0,1.36,6.67,6.58,6.61,6.62,3.94,0.21,9.99,0.85,23845575000.0,23845575000.0,0.15,-0.15,2.01,-6.77
3974,002208,合肥城建,6.46,-0.15,-0.01,10798.0,6981863.0,0.93,6.51,6.45,6.46,6.47,1.86,0.13,140.39,0.8,5189265635.0,5187925114.0,0.0,0.16,-16.32,-9.14
3975,601801,皖新传媒,6.8,-0.15,-0.01,13846.0,9439424.0,0.73,6.84,6.79,6.8,6.81,1.32,0.07,8.63,1.12,13313932412.0,13313932412.0,0.0,0.0,1.19,-7.36
3976,600098,广州发展,6.53,-0.15,-0.01,22031.0,14402071.0,0.46,6.55,6.52,6.55,6.54,1.26,0.06,12.65,0.86,22896183848.0,22846837265.0,0.0,0.0,7.93,1.71
3977,002028,思源电气,71.58,-0.15,-0.11,4132.0,29578901.0,1.07,72.0,71.23,71.7,71.69,1.02,0.07,31.19,4.32,55705601900.0,43421198272.0,0.03,-0.06,-0.94,-1.54
3978,002446,盛路通信,6.81,-0.15,-0.01,47138.0,32161842.0,1.47,6.88,6.78,6.79,6.82,1.38,0.56,62.14,2.5,6233340940.0,5772723246.0,0.0,-0.15,2.41,3.97
3979,603578,三星新材,13.65,-0.15,-0.02,5170.0,7031806.0,1.68,13.78,13.55,13.78,13.67,2.75,0.29,59.78,2.4,2461873487.0,2461873487.0,0.22,0.44,5.0,15.19
3980,000919,金陵药业,6.86,-0.15,-0.01,25348.0,17377356.0,0.73,6.88,6.83,6.87,6.87,2.96,0.43,46.54,1.12,4278641188.0,4049865909.0,0.0,0.15,3.0,4.26
3981,601156,东航物流,13.08,-0.15,-0.02,21555.0,28225374.0,0.61,13.14,13.06,13.12,13.1,1.52,0.23,9.52,1.15,20765226672.0,12355309872.0,-0.08,-0.23,-6.57,-22.47
3982,000906,浙商中拓,6.49,-0.15,-0.01,11590.0,7530843.0,0.77,6.53,6.48,6.49,6.5,1.86,0.17,5.97,0.96,4598565297.0,4543994683.0,-0.15,-0.15,7.63,-1.67
3983,600755,厦门国贸,6.17,-0.16,-0.01,19239.0,11879658.0,0.65,6.2,6.16,6.18,6.18,1.32,0.09,7.93,0.66,13373250091.0,13155417865.0,0.0,0.0,-3.59,-4.78
3984,002198,嘉应制药,6.28,-0.16,-0.01,47752.0,30018976.0,3.18,6.4,6.2,6.32,6.29,2.0,0.94,51.73,4.4,3187161845.0,3187161845.0,0.0,0.32,-14.91,-14.21
3985,601107,四川成渝,6.36,-0.16,-0.01,26973.0,17170578.0,1.26,6.4,6.32,6.36,6.37,1.75,0.12,10.65,1.16,19449261600.0,13755026400.0,0.16,0.16,32.22,21.61
3986,000703,恒逸石化,6.08,-0.16,-0.01,7984.0,4857449.0,0.49,6.1,6.07,6.09,6.09,0.89,0.02,108.22,0.95,22291233723.0,22175909651.0,0.0,0.16,0.5,-3.18
3987,300859,西域旅游,38.44,-0.16,-0.06,14169.0,54046964.0,1.92,38.49,37.75,38.4,38.5,2.43,0.91,-50.3,8.74,5958200000.0,5958200000.0,0.42,0.52,7.58,10.21
3988,603129,春风动力,181.78,-0.16,-0.29,2157.0,38936716.0,1.68,182.07,179.01,182.07,182.07,1.24,0.14,16.7,4.51,27735567580.0,27735567580.0,0.41,0.58,4.33,18.64
3989,002404,嘉欣丝绸,6.32,-0.16,-0.01,13989.0,8834706.0,0.79,6.34,6.29,6.31,6.33,1.07,0.31,17.88,1.89,3539525739.0,2880574447.0,0.16,0.32,7.85,7.3
3990,002201,九鼎新材,6.26,-0.16,-0.01,29420.0,18342519.48,1.28,6.28,6.2,6.26,6.27,2.42,0.49,62.05,3.66,4079242869.0,3757112289.0,-0.16,0.32,17.45,20.62
3991,301012,扬电科技,19.08,-0.16,-0.03,44777.0,85774257.96,1.83,19.36,19.01,19.12,19.11,3.1,2.86,62.21,3.28,3757999891.0,2992300411.0,0.16,0.1,6.41,7.25
3992,301050,雷电微力,48.99,-0.16,-0.08,12956.0,63596976.06,1.51,49.54,48.8,48.82,49.07,2.17,0.62,43.53,3.99,11992348714.0,10194422818.0,0.08,-0.14,-8.84,-5.02
3993,300039,上海凯宝,6.3,-0.16,-0.01,129796.0,81555796.5,2.22,6.39,6.25,6.32,6.31,2.82,1.42,19.54,1.61,6589800000.0,5776635224.0,0.32,0.48,6.42,3.62
3994,002915,中欣氟材,18.56,-0.16,-0.03,48509.0,89301918.0,2.26,18.68,18.26,18.67,18.59,1.57,1.68,484.73,4.64,6040693040.0,5350966320.0,0.0,0.6,28.18,45.23
3995,301276,嘉曼服饰,18.48,-0.16,-0.03,6639.0,12241978.0,1.19,18.53,18.31,18.53,18.51,2.53,1.44,13.42,1.16,2395008000.0,851617277.0,-0.11,-0.11,12.89,12.96
3996,300692,中环环保,6.16,-0.16,-0.01,6252.0,3848432.0,0.81,6.19,6.14,6.17,6.17,0.93,0.17,31.63,1.21,2614967112.0,2312054810.0,-0.16,0.16,8.07,8.83
3997,300314,戴维医疗,12.75,-0.16,-0.02,19282.0,24588120.73,1.57,12.85,12.65,12.77,12.77,4.09,1.34,40.68,3.08,3672000000.0,1832703462.0,0.0,0.16,7.96,13.23
3998,600812,华北制药,6.16,-0.16,-0.01,39474.0,24199698.0,1.3,6.19,6.11,6.18,6.17,1.9,0.23,45.96,1.94,10568899079.0,10568899079.0,0.16,0.33,-0.96,19.15
3999,603060,国检集团,6.33,-0.16,-0.01,4775.0,3023142.0,0.47,6.35,6.32,6.34,6.34,0.71,0.06,-41.63,2.56,5088867715.0,5088867715.0,0.0,0.0,-10.09,-13.41
4000,688479,友车科技,18.46,-0.16,-0.03,689.0,1274401.0,0.49,18.55,18.46,18.47,18.49,0.95,0.11,118.88,1.44,2664099204.0,1150379204.0,0.0,-0.16,-3.2,6.95
4001,600501,航天晨光,18.95,-0.16,-0.03,29592.0,56318173.0,2.11,19.25,18.85,19.25,18.98,1.74,0.69,-28.29,4.64,8171391600.0,8104956690.0,-0.26,-0.11,4.81,4.47
4002,300788,中信出版,30.33,-0.16,-0.05,3664.0,11147392.0,1.25,30.66,30.28,30.32,30.38,2.25,0.19,26.57,2.6,5767295450.0,5767295450.0,0.0,-0.23,-7.11,-3.93
4003,300008,天海防务,6.2,-0.16,-0.01,318767.0,198189496.0,1.77,6.26,6.15,6.18,6.21,2.63,1.94,65.66,5.0,10713780625.0,10213198440.0,-0.16,-0.64,26.79,32.48
4004,603318,水发燃气,6.34,-0.16,-0.01,26972.0,17113357.0,0.79,6.37,6.32,6.35,6.35,4.78,0.7,38.33,1.93,2910509658.0,2431672707.0,-0.31,0.0,-0.63,-11.94
4005,600820,隧道股份,6.06,-0.16,-0.01,18735.0,11351614.0,0.33,6.07,6.05,6.06,6.07,0.75,0.06,14.42,0.62,19053222330.0,19053222330.0,0.0,0.0,-1.3,-15.72
4006,300015,爱尔眼科,12.53,-0.16,-0.02,81274.0,101918937.18,0.72,12.6,12.51,12.55,12.55,1.88,0.1,27.83,5.74,116847220275.0,99374918438.0,0.0,0.08,-9.66,-5.43
4007,873132,泰鹏智能,25.53,-0.16,-0.04,8288.0,21169359.07,5.44,26.19,24.8,25.43,25.57,2.08,2.95,50.51,8.24,2114496720.0,717985934.0,-0.58,-0.43,56.34,110.82
4008,300756,金马游乐,25.14,-0.16,-0.04,14530.0,36113016.6,2.46,25.25,24.63,25.17,25.18,2.63,1.11,-1490.91,2.89,3962018145.0,3299131074.0,0.0,0.64,42.36,69.41
4009,873122,中纺标,44.53,-0.16,-0.07,899.0,3997772.53,1.7,44.9,44.14,44.9,44.6,1.89,0.26,-1042.26,12.57,4107541069.0,1517989315.0,-0.02,-0.09,-14.3,-9.57
4010,603696,安记食品,12.1,-0.17,-0.02,36518.0,43956658.0,2.31,12.21,11.93,12.2,12.12,1.73,1.55,113.91,5.05,2845920000.0,2845920000.0,-0.25,0.17,36.72,47.56
4011,603187,海容冷链,11.77,-0.17,-0.02,3943.0,4639115.0,0.42,11.79,11.74,11.77,11.79,0.87,0.1,10.92,1.08,4548117579.0,4548117579.0,0.0,0.0,4.44,5.18
4012,000935,四川双马,17.73,-0.17,-0.03,30411.0,53795881.38,1.75,17.87,17.56,17.56,17.76,2.83,0.4,29.03,1.78,13535797104.0,13535797104.0,0.23,0.28,9.99,22.44
4013,600874,创业环保,5.91,-0.17,-0.01,17606.0,10407582.0,0.51,5.93,5.9,5.9,5.92,1.77,0.14,9.11,0.94,9281170882.0,7271770882.0,0.0,0.17,4.05,-1.01
4014,301000,肇民科技,46.32,-0.17,-0.08,15816.0,73186118.8,2.16,46.8,45.8,45.91,46.4,1.45,0.69,76.92,9.28,11227751315.0,10597428755.0,-0.41,-0.49,32.42,82.29
4015,603896,寿仙谷,23.08,-0.17,-0.04,16852.0,39142745.0,2.42,23.51,22.95,23.13,23.12,2.27,0.85,19.6,2.05,4575469466.0,4575469466.0,-0.17,-0.26,14.83,8.82
4016,300085,银之杰,35.8,-0.17,-0.06,121139.0,432195624.0,3.07,36.4,35.3,35.3,35.86,2.32,1.91,-246.85,48.73,25297731153.0,22728215688.0,0.11,-0.2,-2.93,-6.41
4017,002467,二六三,5.9,-0.17,-0.01,936141.0,552683005.22,2.54,5.98,5.83,5.94,5.91,14.08,6.87,126.09,4.28,8114694051.0,8045220318.0,0.51,0.34,-5.3,7.08
4018,002443,金洲管道,5.99,-0.17,-0.01,7900.0,4736532.0,0.67,6.02,5.98,6.0,6.0,1.03,0.15,29.69,0.92,3118007765.0,3111365166.0,0.17,0.17,2.39,5.46
4019,836270,天铭科技,18.1,-0.17,-0.03,4010.0,7218636.38,1.6,18.2,17.91,18.2,18.13,0.98,0.49,50.55,4.36,1893549600.0,1467662338.0,0.67,0.44,22.13,73.54
4020,000803,山高环能,5.8,-0.17,-0.01,22801.0,13203235.0,1.72,5.85,5.75,5.85,5.81,1.42,0.5,24.16,1.87,2731732192.0,2666769124.0,-0.17,0.17,13.5,13.06
4021,000510,新金路,6.02,-0.17,-0.01,661808.0,404172036.26,5.47,6.28,5.95,6.2,6.03,4.4,10.91,-26.61,3.06,3904232406.0,3652122198.0,-0.33,-0.17,61.83,67.22
4022,000030,富奥股份,6.04,-0.17,-0.01,18761.0,11322998.0,1.49,6.09,6.0,6.09,6.05,1.73,0.11,16.11,1.3,10519524233.0,10222167616.0,0.0,0.17,4.32,17.74
4023,688365,光云科技,11.85,-0.17,-0.02,11962.0,14163307.0,1.6,11.95,11.76,11.83,11.87,1.38,0.28,-97.41,5.34,5046022505.0,5046022505.0,-0.17,0.08,-20.04,4.77
4024,601872,招商轮船,6.02,-0.17,-0.01,76702.0,46144269.0,0.5,6.03,6.0,6.02,6.03,2.35,0.09,14.04,1.2,48608721782.0,48608721782.0,0.0,0.0,-3.99,-6.08
4025,002941,新疆交建,11.77,-0.17,-0.02,14934.0,17586017.0,0.76,11.82,11.73,11.8,11.79,1.75,0.23,-256.48,2.2,7598489335.0,7598489335.0,-0.25,-0.25,-0.42,5.37
4026,300768,迪普科技,16.45,-0.18,-0.03,9122.0,15038385.0,1.27,16.61,16.4,16.49,16.48,1.48,0.22,86.54,3.21,10590987692.0,6919983813.0,-0.06,-0.06,-18.56,-6.0
4027,000417,合百集团,5.63,-0.18,-0.01,12112.0,6814450.0,0.71,5.65,5.61,5.64,5.64,1.1,0.16,14.59,0.92,4390748046.0,4385924549.0,0.0,0.18,3.3,-11.76
4028,601288,农业银行,5.56,-0.18,-0.01,772237.0,430403364.0,0.9,5.6,5.55,5.58,5.57,2.37,0.02,6.76,0.74,1945905668334.0,1774997811920.0,0.0,-0.18,7.75,6.51
4029,002006,精工科技,16.73,-0.18,-0.03,13348.0,22316065.0,0.84,16.79,16.65,16.65,16.76,0.97,0.29,50.02,3.66,8696144251.0,7614826800.0,0.0,-0.12,-9.71,1.39
4030,002093,国脉科技,10.96,-0.18,-0.02,62576.0,68436878.0,1.37,11.01,10.86,10.94,10.98,2.29,0.62,30.21,2.95,11042200000.0,11035254100.0,0.0,0.0,33.17,40.51
4031,603444,吉比特,270.0,-0.18,-0.49,6021.0,163217053.0,3.35,274.5,265.43,270.0,270.49,3.99,0.84,17.16,3.94,19451097270.0,19451097270.0,0.0,-0.27,22.24,25.38
4032,002682,龙洲股份,5.45,-0.18,-0.01,674625.0,375487918.95,10.62,5.9,5.32,5.9,5.46,6.37,12.0,-21.69,2.71,3064908837.0,3064847797.0,0.55,0.93,16.45,28.84
4033,000597,东北制药,5.41,-0.18,-0.01,46388.0,24970940.7,1.48,5.43,5.35,5.42,5.42,2.11,0.33,53.22,1.44,7731448664.0,7609381481.0,0.19,0.37,10.86,2.66
4034,002419,天虹股份,5.41,-0.18,-0.01,44011.0,23817570.5,1.29,5.45,5.38,5.43,5.42,1.48,0.38,10.47,1.51,6323466328.0,6322734154.0,0.0,0.19,10.18,-6.72
4035,600529,山东药玻,21.65,-0.18,-0.04,11921.0,25842452.0,0.6,21.75,21.62,21.69,21.69,1.6,0.18,16.06,1.75,14367245546.0,14367245546.0,0.0,0.0,-6.84,-15.99
4036,600638,新黄浦,5.49,-0.18,-0.01,61365.0,33854080.0,2.0,5.58,5.47,5.47,5.5,5.42,0.91,11.91,0.81,3696948355.0,3696948355.0,-0.18,0.18,10.24,7.65
4037,300048,合康新能,5.64,-0.18,-0.01,125140.0,71253150.0,2.48,5.77,5.63,5.68,5.65,1.59,1.12,55.91,3.64,6298195653.0,6292136178.0,-0.18,-0.35,10.37,11.9
4038,300239,东宝生物,5.64,-0.18,-0.01,24173.0,13624665.0,1.59,5.69,5.6,5.65,5.65,1.89,0.41,43.95,1.98,3347948742.0,3326256456.0,0.0,0.36,4.44,-9.9
4039,603257,中国瑞林,50.03,-0.18,-0.09,5822.0,29106723.0,1.24,50.28,49.66,50.12,50.12,2.53,2.39,108.31,2.47,6003600000.0,1220740155.0,-0.2,-0.34,143.81,143.81
4040,688377,迪威尔,22.25,-0.18,-0.04,2709.0,6015894.0,2.51,22.42,21.86,22.16,22.29,1.35,0.14,51.43,2.38,4331340750.0,4331340750.0,0.04,0.09,20.27,15.4
4041,688253,英诺特,32.79,-0.18,-0.06,2638.0,8609241.0,1.07,32.88,32.53,32.8,32.85,1.69,0.38,11.74,2.17,4474464247.0,2256302197.0,0.21,0.12,-0.24,-9.57
4042,600749,西藏旅游,11.36,-0.18,-0.02,7178.0,8150499.0,0.62,11.4,11.33,11.38,11.38,1.97,0.32,-70.66,2.5,2578328273.0,2578328273.0,-0.09,-0.09,-0.26,5.97
4043,000789,万年青,5.48,-0.18,-0.01,8891.0,4875197.8,1.09,5.52,5.46,5.51,5.49,1.47,0.11,30.91,0.66,4369792634.0,4369792634.0,0.18,0.0,8.51,9.38
4044,688229,博睿数据,49.18,-0.18,-0.09,1567.0,7706982.0,1.99,49.74,48.76,49.51,49.27,1.98,0.35,-59.3,5.31,2183592000.0,2183592000.0,-0.18,0.29,-15.13,17.63
4045,300446,航天智造,16.88,-0.18,-0.03,14724.0,24829479.5,0.71,16.93,16.81,16.86,16.91,1.37,0.47,19.18,2.63,14270522674.0,5258734719.0,0.12,-0.06,-13.83,2.24
4046,600558,大西洋,5.31,-0.19,-0.01,212771.0,114058298.0,3.01,5.44,5.28,5.37,5.32,1.59,2.37,29.09,1.98,4766281653.0,4766281653.0,-0.38,-0.56,13.22,30.47
4047,002186,全 聚 德,10.55,-0.19,-0.02,6003.0,6337624.0,0.85,10.6,10.51,10.52,10.57,1.52,0.2,192.08,3.84,3238022753.0,3233694616.0,-0.09,0.0,-1.68,-9.05
4048,002768,国恩股份,26.07,-0.19,-0.05,4446.0,11539177.0,1.15,26.15,25.85,25.94,26.12,1.94,0.25,15.92,1.4,7071487500.0,4607823619.0,-0.11,0.04,7.73,13.0
4049,600257,大湖股份,5.19,-0.19,-0.01,57510.0,29890681.0,2.12,5.27,5.16,5.22,5.2,2.77,1.2,-181.54,3.15,2497621006.0,2497621006.0,-0.19,-0.19,9.03,9.96
4050,600269,赣粤高速,5.26,-0.19,-0.01,21225.0,11188601.0,0.95,5.3,5.25,5.27,5.27,1.3,0.09,7.18,0.66,12284240894.0,12284240894.0,0.19,0.19,6.91,-3.31
4051,300424,航新科技,15.8,-0.19,-0.03,22798.0,36111423.95,1.71,15.98,15.71,15.71,15.83,2.22,0.93,112.4,5.28,3877769352.0,3870334409.0,0.0,-0.06,-6.73,-12.51
4052,300451,创业慧康,5.39,-0.19,-0.01,66353.0,35736292.0,0.74,5.41,5.37,5.38,5.4,1.26,0.43,-133.41,1.89,8349782090.0,8228879420.0,0.0,0.0,-21.43,20.31
4053,000557,西部创业,5.19,-0.19,-0.01,13668.0,7090794.0,0.96,5.22,5.17,5.22,5.2,2.08,0.09,28.78,1.22,7568964875.0,7566585068.0,-0.19,0.19,3.18,0.0
4054,603392,万泰生物,70.05,-0.19,-0.13,7060.0,49445237.0,1.08,70.45,69.69,69.97,70.18,2.07,0.06,-419.79,7.26,88621850319.0,88621850319.0,0.11,0.26,4.02,-0.58
4055,600373,中文传媒,10.57,-0.19,-0.02,8831.0,9346334.0,0.57,10.62,10.56,10.58,10.59,1.52,0.07,21.02,0.82,14745385785.0,14241581660.0,-0.09,-0.09,-4.95,-15.78
4056,605336,帅丰电器,20.93,-0.19,-0.04,7339.0,15475578.0,2.48,21.39,20.87,20.96,20.97,2.72,0.4,-744.91,2.0,3838822579.0,3838822579.0,-0.14,-0.43,8.22,63.01
4057,600886,国投电力,15.39,-0.19,-0.03,30008.0,46189197.0,0.58,15.45,15.36,15.42,15.42,1.22,0.04,14.82,1.88,123189166692.0,114719827076.0,0.0,0.0,8.69,-7.4
4058,603016,新宏泰,31.08,-0.19,-0.06,3100.0,9644717.0,1.45,31.39,30.94,31.2,31.14,1.17,0.21,77.47,5.34,4604812800.0,4604812800.0,-0.03,0.13,-9.65,-16.68
4059,301331,恩威医药,26.97,-0.19,-0.05,4741.0,12770175.0,1.18,27.12,26.8,27.04,27.02,1.78,1.43,42.55,2.62,2774994192.0,892752930.0,0.07,0.33,13.03,17.67
4060,600639,浦东金桥,10.6,-0.19,-0.02,4903.0,5202702.0,0.38,10.63,10.59,10.62,10.62,1.5,0.06,28.89,0.83,11897576666.0,9012509052.0,-0.09,0.0,-0.28,-4.5
4061,300200,高盟新材,10.61,-0.19,-0.02,61037.0,65123906.0,2.35,10.77,10.52,10.59,10.63,1.17,1.44,29.6,2.92,4572625716.0,4490821088.0,-0.09,-0.09,22.09,30.34
4062,001208,华菱线缆,10.73,-0.19,-0.02,54380.0,58300973.68,1.58,10.83,10.66,10.73,10.75,1.43,2.01,44.57,3.53,5734369520.0,2897880575.0,0.37,0.37,0.28,18.96
4063,600882,妙可蓝多,31.59,-0.19,-0.06,56762.0,179277341.0,3.1,31.98,31.0,31.02,31.65,3.61,1.11,49.08,3.6,16175774709.0,16175774709.0,-0.44,-0.19,58.98,76.48
4064,600620,天宸股份,5.34,-0.19,-0.01,11185.0,5993702.0,1.12,5.39,5.33,5.35,5.35,1.52,0.16,276.93,2.48,3666855783.0,3666855783.0,0.19,0.0,2.3,-6.64
4065,300046,台基股份,31.28,-0.19,-0.06,24632.0,77116172.0,1.15,31.53,31.17,31.23,31.34,1.31,1.04,108.25,6.7,7398701285.0,7398701285.0,-0.03,-0.26,-9.39,-13.62
4066,600609,金杯汽车,5.25,-0.19,-0.01,43072.0,22696057.0,1.33,5.31,5.24,5.26,5.26,1.42,0.33,22.34,4.66,6848932430.0,6848932430.0,-0.19,-0.38,-20.33,-27.08
4067,001395,亚联机械,46.1,-0.19,-0.09,3237.0,14875077.0,1.34,46.4,45.78,46.19,46.19,1.2,1.68,17.45,3.59,4021764000.0,889287624.0,0.2,0.11,13.55,141.61
4068,603998,方盛制药,10.76,-0.19,-0.02,95380.0,102484744.0,2.78,10.95,10.65,10.8,10.78,3.96,2.17,13.38,2.99,4724515434.0,4724515434.0,0.28,0.94,16.32,3.86
4069,600023,浙能电力,5.3,-0.19,-0.01,50881.0,26985717.0,0.38,5.32,5.3,5.31,5.31,1.25,0.04,16.54,0.95,71066283570.0,71066283570.0,0.0,0.0,-4.68,-6.36
4070,603159,上海亚虹,14.97,-0.2,-0.03,2236.0,3352194.0,1.2,15.09,14.91,15.09,15.0,1.51,0.16,1130.21,4.07,2095800000.0,2095800000.0,-0.2,-0.07,1.63,-3.54
4071,688009,中国通号,5.05,-0.2,-0.01,31388.0,15850268.0,0.59,5.07,5.04,5.04,5.06,1.3,0.04,23.8,1.16,53478585950.0,43536140900.0,0.2,-0.2,-14.98,-19.33
4072,600325,华发股份,4.89,-0.2,-0.01,39701.0,19416361.0,0.61,4.91,4.88,4.9,4.9,2.24,0.14,17.66,0.67,13458023847.0,13458023847.0,0.0,-0.2,-12.37,-13.6
4073,002519,银河电子,5.11,-0.2,-0.01,80973.0,41386704.0,2.15,5.17,5.06,5.08,5.12,0.94,0.72,-88.36,2.48,5756061889.0,5712395038.0,0.2,0.0,-0.2,-13.97
4074,000638,*ST万方,5.03,-0.2,-0.01,120038.0,60146605.96,3.57,5.09,4.91,5.02,5.04,5.4,3.87,-155.27,10.62,1566274352.0,1560032373.0,0.0,1.0,-1.95,7.94
4075,600526,菲达环保,4.91,-0.2,-0.01,8827.0,4336579.0,1.02,4.95,4.9,4.92,4.92,1.03,0.12,26.79,1.01,4368442417.0,3494084018.0,0.2,0.2,3.15,9.35
4076,002911,佛燃能源,10.09,-0.2,-0.02,4219.0,4264282.0,0.59,10.15,10.09,10.15,10.11,1.5,0.03,40.39,3.09,13091787723.0,12676791987.0,0.0,-0.2,-9.91,-17.02
4077,603568,伟明环保,19.54,-0.2,-0.04,4283.0,8378252.0,0.46,19.6,19.51,19.56,19.58,0.88,0.03,11.63,2.54,33308824245.0,33186542925.0,-0.1,-0.1,3.61,-9.66
4078,601088,中国神华,39.09,-0.2,-0.08,35582.0,138928510.0,1.05,39.32,38.91,39.24,39.17,1.86,0.02,16.25,1.79,776660445041.0,644634673661.0,0.15,0.13,9.4,-10.1
4079,601002,晋亿实业,4.89,-0.2,-0.01,14911.0,7273709.0,0.82,4.9,4.86,4.89,4.9,1.05,0.16,20.27,1.13,4667215121.0,4667215121.0,0.41,0.41,-2.59,12.41
4080,605003,众望布艺,19.52,-0.2,-0.04,2176.0,4236764.0,1.48,19.69,19.4,19.53,19.56,1.9,0.2,23.35,1.47,2147200000.0,2147200000.0,-0.05,0.05,7.25,3.28
4081,002637,赞宇科技,9.78,-0.2,-0.02,12468.0,12174191.0,1.33,9.84,9.71,9.83,9.8,1.85,0.28,13.9,1.22,4600521780.0,4329832407.0,-0.1,0.0,4.38,-0.71
4082,600026,中远海能,10.06,-0.2,-0.02,21106.0,21247660.0,0.4,10.09,10.05,10.08,10.08,1.46,0.06,16.95,1.31,47994010534.0,34956250534.0,-0.2,-0.2,-9.94,-13.28
4083,873527,夜光明,19.78,-0.2,-0.04,7143.0,13976072.03,3.23,19.92,19.28,19.92,19.82,4.15,1.97,81.36,3.14,1187644606.0,718963183.0,0.1,0.71,8.98,68.2
4084,002659,凯文教育,4.8,-0.21,-0.01,24731.0,11834850.0,2.08,4.85,4.75,4.84,4.81,1.71,0.41,1532.87,1.33,2871745843.0,2871727843.0,-0.21,-0.41,-4.0,6.19
4085,600737,中粮糖业,9.33,-0.21,-0.02,27207.0,25345967.0,0.64,9.36,9.3,9.35,9.35,2.15,0.13,28.19,1.71,19955453967.0,19955453967.0,0.11,0.0,-0.64,-8.62
4086,002713,*ST东易,4.74,-0.21,-0.01,21731.0,10273046.2,1.05,4.75,4.7,4.7,4.75,1.18,0.53,-26.31,-1.77,1988605285.0,1945077932.0,0.21,0.0,11.53,17.62
4087,002646,天佑德酒,9.57,-0.21,-0.02,16647.0,15901288.64,0.94,9.61,9.52,9.54,9.59,1.54,0.35,17.08,1.6,4612768461.0,4554646502.0,0.42,0.21,2.46,-10.98
4088,688087,英科再生,24.2,-0.21,-0.05,1657.0,4015024.0,1.57,24.48,24.1,24.1,24.25,0.78,0.09,15.66,1.74,4530883962.0,4507140858.0,0.12,-0.12,-17.29,-20.16
4089,688088,虹软科技,43.09,-0.21,-0.09,4748.0,20480234.0,1.04,43.36,42.91,43.24,43.18,1.46,0.12,87.02,6.25,17286432536.0,17286432536.0,-0.21,-0.37,-14.45,11.75
4090,603383,顶点软件,38.2,-0.21,-0.08,5378.0,20576865.0,0.63,38.4,38.16,38.28,38.28,2.01,0.26,91.98,5.71,7845782598.0,7811824326.0,0.0,-0.1,0.08,3.52
4091,300257,开山股份,9.47,-0.21,-0.02,6727.0,6380280.0,0.74,9.53,9.46,9.48,9.49,0.91,0.07,26.64,1.43,9409723620.0,9039652101.0,-0.11,0.0,-3.47,3.84
4092,003039,顺控发展,14.01,-0.21,-0.03,6448.0,9029503.0,0.71,14.06,13.96,13.96,14.04,1.02,0.1,41.2,3.1,8651437407.0,8651437407.0,-0.07,0.07,11.72,7.11
4093,000948,南天信息,19.11,-0.21,-0.04,42625.0,81372778.7,0.94,19.19,19.01,19.01,19.15,1.63,1.1,-62.52,2.79,7522036636.0,7434483636.0,-0.21,-0.31,-2.05,14.23
4094,600483,福能股份,9.69,-0.21,-0.02,11740.0,11391031.0,0.31,9.72,9.69,9.71,9.71,1.0,0.04,8.96,1.03,26939535282.0,26939535282.0,-0.21,-0.21,7.91,-2.81
4095,000096,广聚能源,14.08,-0.21,-0.03,29985.0,42250513.0,1.06,14.15,14.0,14.01,14.11,0.71,0.59,128.2,2.64,7434240000.0,7192739840.0,0.0,-0.07,-26.44,14.85
4096,300737,科顺股份,4.72,-0.21,-0.01,40667.0,19166887.0,1.69,4.75,4.67,4.73,4.73,2.85,0.46,32.34,1.15,5239050654.0,4186244804.0,0.21,0.21,6.31,-1.05
4097,002536,飞龙股份,14.18,-0.21,-0.03,43926.0,61621014.0,1.83,14.21,13.95,14.02,14.21,3.16,0.81,16.61,2.36,8150463892.0,7735811098.0,-0.21,0.14,-15.95,22.45
4098,300841,康华生物,57.21,-0.21,-0.12,5678.0,32386556.0,1.06,57.46,56.85,57.0,57.33,1.63,0.47,91.82,2.28,7605892092.0,6973576679.0,0.05,0.42,8.78,6.85
4099,000088,盐 田 港,4.67,-0.21,-0.01,23453.0,10950427.12,0.43,4.68,4.66,4.68,4.68,1.28,0.07,19.4,1.39,24281587226.0,14770717166.0,0.21,0.0,0.65,-4.11
4100,600332,白云山,27.21,-0.22,-0.06,9946.0,27108600.0,0.55,27.33,27.18,27.26,27.27,2.29,0.07,6.07,1.17,44237771722.0,38254292722.0,0.04,-0.07,2.64,-4.26
4101,603586,金麒麟,17.81,-0.22,-0.04,14862.0,26450792.0,1.23,17.92,17.7,17.86,17.85,1.66,0.76,11.63,1.55,3491700012.0,3491700012.0,0.11,0.23,20.26,23.08
4102,300406,九强生物,13.85,-0.22,-0.03,20873.0,28728285.0,1.37,13.87,13.68,13.87,13.88,3.64,0.49,24.47,2.14,8148323327.0,5876939795.0,0.14,0.29,-16.67,6.87
4103,301065,本立科技,22.94,-0.22,-0.05,7822.0,17931295.0,1.74,23.18,22.78,23.11,22.99,2.24,0.91,39.88,1.84,2432098800.0,1979435250.0,0.04,0.04,17.64,22.35
4104,600744,华银电力,4.63,-0.22,-0.01,174326.0,80180060.0,1.72,4.65,4.57,4.62,4.64,1.47,0.86,31.07,8.23,9404105389.0,9404105389.0,-0.43,0.87,50.81,48.87
4105,601607,上海医药,18.56,-0.22,-0.04,24194.0,44957919.0,1.08,18.7,18.5,18.65,18.6,2.29,0.09,12.91,0.94,68827195175.0,51767691293.0,0.16,0.22,-2.57,-11.62
4106,001387,雪祺电气,13.33,-0.22,-0.03,3609.0,4808371.4,0.82,13.4,13.29,13.38,13.36,1.42,0.32,32.04,1.98,2439901872.0,1518424739.0,0.23,0.15,-2.56,-3.34
4107,002588,史丹利,9.01,-0.22,-0.02,17248.0,15568004.0,0.89,9.08,9.0,9.07,9.03,1.1,0.2,9.0,1.52,10378546740.0,7735964106.0,0.0,0.0,23.42,22.09
4108,688239,航宇科技,31.47,-0.22,-0.07,12765.0,40522078.0,3.52,32.16,31.05,31.05,31.54,4.29,0.67,35.24,3.24,6039273449.0,5998987569.0,-0.1,-1.01,-2.05,10.19
4109,601939,建设银行,9.04,-0.22,-0.02,156824.0,142001094.0,0.55,9.08,9.03,9.07,9.06,2.4,0.16,6.78,0.7,2260099236473.0,86726664758.0,0.0,-0.11,7.24,7.75
4110,603338,浙江鼎力,44.69,-0.22,-0.1,9379.0,41996899.0,0.78,44.95,44.6,44.75,44.79,1.15,0.19,13.2,2.16,22628686713.0,22628686713.0,-0.02,-0.25,-25.29,-30.73
4111,600706,曲江文旅,9.2,-0.22,-0.02,4761.0,4384133.0,0.76,9.26,9.19,9.22,9.22,1.21,0.19,-13.45,3.81,2346550022.0,2337077702.0,-0.11,-0.11,-8.91,-4.17
4112,603797,联泰环保,4.46,-0.22,-0.01,39385.0,17623228.0,2.91,4.55,4.42,4.53,4.47,1.64,0.67,12.09,0.79,2606828014.0,2606828014.0,0.0,0.22,13.78,11.5
4113,300396,迪瑞医疗,13.75,-0.22,-0.03,9091.0,12491321.0,1.16,13.82,13.66,13.81,13.78,1.99,0.33,59.79,1.88,3749627214.0,3746214134.0,0.0,0.07,-10.48,-14.49
4114,600717,天津港,4.55,-0.22,-0.01,53369.0,24321652.0,1.1,4.59,4.54,4.56,4.56,3.35,0.18,11.96,0.67,13167704723.0,13167704723.0,0.0,0.0,-0.22,-6.57
4115,600016,民生银行,4.47,-0.22,-0.01,574508.0,258547977.0,1.56,4.54,4.47,4.48,4.48,2.13,0.16,3.84,0.35,195707410704.0,158515690762.0,-0.22,-0.22,6.43,8.23
4116,002562,兄弟科技,4.62,-0.22,-0.01,118458.0,54591867.0,3.24,4.72,4.57,4.62,4.63,2.22,1.69,58.76,1.57,4914296499.0,3241062977.0,0.0,0.65,9.74,8.71
4117,600035,楚天高速,4.56,-0.22,-0.01,35274.0,16111998.0,0.88,4.59,4.55,4.57,4.57,2.43,0.22,6.63,0.82,7342128509.0,7342128509.0,0.0,0.0,8.31,-0.87
4118,300045,华力创通,18.03,-0.22,-0.04,18765.0,33910622.0,1.6,18.24,17.95,17.98,18.07,1.53,0.36,-171.95,7.56,11948034505.0,9309126563.0,0.06,-0.11,-17.75,-13.69
4119,000513,丽珠集团,37.01,-0.22,-0.08,22163.0,82349730.0,1.54,37.44,36.87,36.99,37.09,2.73,0.38,13.14,2.36,33460756914.0,21626166292.0,-0.05,0.19,7.78,-2.61
4120,600900,长江电力,30.08,-0.23,-0.07,63426.0,190889205.0,0.36,30.16,30.05,30.14,30.15,0.91,0.03,35.52,3.41,736003988897.0,722138275610.0,0.0,0.0,9.46,2.52
4121,002950,奥美医疗,8.82,-0.23,-0.02,10851.0,9575288.0,1.24,8.89,8.78,8.86,8.84,3.05,0.24,16.14,1.59,5585400890.0,3986597743.0,0.23,0.23,-0.9,1.03
4122,600488,津药药业,4.31,-0.23,-0.01,17996.0,7741539.0,0.93,4.33,4.29,4.33,4.32,2.39,0.16,20.27,1.51,4706031591.0,4706031591.0,-0.23,0.47,2.13,1.65
4123,300688,创业黑马,30.41,-0.23,-0.07,27185.0,82791434.0,1.84,30.86,30.3,30.82,30.48,2.89,1.83,1196.46,11.9,5090009500.0,4509623064.0,-0.13,-0.13,-6.63,-5.0
4124,600963,岳阳林纸,4.36,-0.23,-0.01,17647.0,7708290.0,0.92,4.4,4.36,4.39,4.37,0.68,0.1,40.83,0.97,7662995843.0,7662995843.0,-0.23,-0.23,-5.22,-13.66
4125,300979,华利集团,52.86,-0.23,-0.12,4865.0,25787510.0,1.74,53.58,52.66,53.0,52.98,1.44,0.04,20.24,4.0,61687620000.0,61687215621.0,0.3,-0.17,-19.09,-30.77
4126,002105,信隆健康,8.81,-0.23,-0.02,213346.0,190864382.0,4.42,9.18,8.79,9.1,8.83,4.26,5.85,-377.56,3.71,3242608600.0,3210998100.0,-0.34,-0.68,38.09,76.55
4127,600320,振华重工,4.35,-0.23,-0.01,55287.0,24036482.0,0.69,4.36,4.33,4.35,4.36,1.06,0.17,22.44,1.46,22917337729.0,14450689825.0,-0.23,-0.23,15.69,10.97
4128,688602,康鹏科技,8.5,-0.23,-0.02,21214.0,18130990.0,2.58,8.67,8.45,8.45,8.52,1.75,0.83,36.03,1.57,4414687500.0,2167306404.0,-0.58,-0.58,20.4,23.01
4129,600368,五洲交通,4.42,-0.23,-0.01,27686.0,12245673.0,0.23,4.43,4.42,4.42,4.43,1.07,0.17,9.08,1.01,7114670052.0,7114670052.0,-0.23,-0.23,6.0,-7.34
4130,300194,福安药业,4.27,-0.23,-0.01,96591.0,41223489.93,2.8,4.35,4.23,4.29,4.28,3.25,1.0,18.39,1.16,5080071871.0,4132893707.0,0.47,0.47,1.91,-3.17
4131,002728,特一药业,8.75,-0.23,-0.02,36975.0,32292558.08,1.25,8.8,8.69,8.74,8.77,2.72,0.98,35.52,2.49,4484650844.0,3293519031.0,0.0,0.34,8.7,-2.23
4132,688582,芯动联科,69.62,-0.23,-0.16,8760.0,60830058.0,1.3,69.92,69.01,69.6,69.78,1.44,0.35,157.2,12.73,27897824249.0,17195253041.0,-0.09,0.03,7.44,38.99
4133,688285,XD高铁电,8.15,-0.24,-0.02,2512.0,2047193.0,1.35,8.23,8.12,8.17,8.17,0.58,0.07,156.76,1.86,3066762791.0,3066762791.0,-0.12,0.0,6.82,10.28
4134,300293,蓝英装备,20.53,-0.24,-0.05,13281.0,27300903.0,1.36,20.69,20.41,20.57,20.58,1.1,0.47,-347.16,7.85,6948134316.0,5755296376.0,-0.1,-0.39,-24.58,-9.64
4135,300164,通源石油,4.09,-0.24,-0.01,54689.0,22365652.0,0.98,4.11,4.07,4.09,4.1,1.98,0.94,768.79,1.73,2406795793.0,2385332082.0,0.0,-0.24,0.74,-3.99
4136,600697,欧亚集团,12.22,-0.24,-0.03,9114.0,11124667.0,1.06,12.29,12.16,12.29,12.25,1.59,0.59,142.57,0.85,1944056277.0,1898694903.0,-0.08,0.16,12.32,-4.9
4137,300387,富邦科技,8.49,-0.24,-0.02,12262.0,10383928.0,1.76,8.59,8.44,8.57,8.51,1.57,0.42,26.53,1.79,2454094083.0,2453241916.0,0.0,0.35,-6.5,7.06
4138,600141,兴发集团,20.82,-0.24,-0.05,9033.0,18810543.0,0.43,20.87,20.78,20.86,20.87,0.84,0.08,18.49,1.05,22969771723.0,22969771723.0,-0.05,-0.1,-2.89,-4.06
4139,002566,益盛药业,8.23,-0.24,-0.02,86908.0,72016856.0,6.18,8.67,8.16,8.26,8.25,2.74,3.75,57.41,1.23,2723731668.0,1907635552.0,0.12,0.24,22.29,22.47
4140,002122,汇洲智能,4.11,-0.24,-0.01,103526.0,42629691.0,0.97,4.14,4.1,4.1,4.12,0.93,0.52,94.5,3.9,8226167363.0,8172541267.0,-0.24,-0.24,-11.8,20.88
4141,603387,基蛋生物,8.32,-0.24,-0.02,7708.0,6411101.0,0.96,8.37,8.29,8.34,8.34,1.81,0.15,16.4,1.57,4219517261.0,4219517261.0,0.12,0.12,-2.8,0.85
4142,000301,东方盛虹,8.45,-0.24,-0.02,13706.0,11606089.0,0.59,8.5,8.45,8.45,8.47,1.24,0.02,40.94,1.66,55864865522.0,55842265389.0,0.0,-0.47,-9.43,2.92
4143,300847,中船汉光,16.37,-0.24,-0.04,6525.0,10698188.0,0.91,16.49,16.34,16.4,16.41,1.84,0.22,46.6,3.46,4845683700.0,4845683700.0,0.0,-0.06,-6.4,-3.71
4144,600310,广西能源,4.21,-0.24,-0.01,33626.0,14145686.0,0.47,4.22,4.2,4.22,4.22,1.34,0.23,-7.4,2.21,6170642140.0,6170642140.0,0.0,0.24,-2.32,-7.68
4145,300884,狄耐克,12.37,-0.24,-0.03,30480.0,37779220.0,2.1,12.57,12.31,12.41,12.4,2.07,1.59,-289.62,2.49,3140283083.0,2367740290.0,-0.08,0.24,4.04,10.64
4146,601033,永兴股份,16.57,-0.24,-0.04,8022.0,13281594.0,0.84,16.64,16.5,16.61,16.61,1.09,0.33,18.96,1.47,14913000000.0,3976800000.0,-0.18,0.0,24.59,19.55
4147,600292,远达环保,12.27,-0.24,-0.03,18371.0,22466991.0,0.89,12.3,12.19,12.3,12.3,1.58,0.24,59.67,1.85,9580623240.0,9580623240.0,-0.08,0.25,4.25,-5.54
4148,688600,皖仪科技,20.6,-0.24,-0.05,7522.0,15429911.0,3.83,20.98,20.19,20.98,20.65,1.6,0.56,-127.27,3.75,2774994894.0,2774994894.0,-0.29,-0.96,26.93,53.16
4149,603858,步长制药,16.78,-0.24,-0.04,11839.0,19891368.0,1.01,16.87,16.7,16.85,16.82,2.07,0.11,15.1,1.77,18559395583.0,18559395583.0,0.06,0.06,12.17,6.2
4150,300552,万集科技,28.56,-0.24,-0.07,14698.0,41987778.95,2.24,28.98,28.34,28.98,28.63,1.21,1.1,-29.69,3.27,6087081679.0,3809796215.0,0.14,0.14,-13.9,-16.86
4151,000610,西安旅游,12.4,-0.24,-0.03,7236.0,8969765.0,0.72,12.45,12.36,12.36,12.43,1.74,0.31,-22.71,14.36,2935673972.0,2920253246.0,0.16,0.16,-0.64,-9.22
4152,002295,精艺股份,8.19,-0.24,-0.02,20177.0,16511229.0,1.34,8.24,8.13,8.22,8.21,1.42,0.81,66.43,1.51,2052545040.0,2049907860.0,-0.36,-0.12,6.64,27.37
4153,300705,九典制药,16.49,-0.24,-0.04,71426.0,117236037.4,1.94,16.62,16.3,16.53,16.53,3.6,1.95,16.26,3.34,8182317734.0,6035356869.0,0.43,0.79,-1.49,-6.52
4154,000558,天府文旅,4.01,-0.25,-0.01,85903.0,34479901.5,1.24,4.04,3.99,4.02,4.02,1.91,0.67,46.51,4.74,5169788035.0,5167625278.0,0.0,-0.25,23.77,17.6
4155,600072,中船科技,12.14,-0.25,-0.03,19590.0,23791796.0,0.49,12.18,12.12,12.16,12.17,2.11,0.18,-14.77,1.71,18289173778.0,13151715016.0,-0.08,-0.25,-4.41,-13.59
4156,839371,XD欧福蛋,11.81,-0.25,-0.03,9761.0,11431713.29,2.11,11.86,11.61,11.83,11.84,1.41,0.5,35.44,4.43,2426311780.0,2287049855.0,0.25,0.43,32.7,74.19
4157,600867,通化东宝,7.86,-0.25,-0.02,31819.0,25026102.0,1.14,7.92,7.83,7.89,7.88,2.03,0.16,35.25,2.37,15394146636.0,15394146636.0,0.13,0.26,4.52,-2.48
4158,605507,国邦医药,20.34,-0.25,-0.05,5863.0,11914824.0,0.98,20.45,20.25,20.4,20.39,1.64,0.19,13.22,1.38,11366469990.0,6137029263.0,0.15,0.25,4.95,-2.35
4159,002014,永新股份,12.1,-0.25,-0.03,12247.0,14915455.0,2.56,12.31,12.0,12.2,12.13,2.88,0.2,20.84,3.22,7411151579.0,7312469424.0,0.08,0.17,24.49,17.02
4160,600594,益佰制药,4.01,-0.25,-0.01,39376.0,15744099.0,1.74,4.04,3.97,4.02,4.02,2.39,0.5,-84.59,1.28,3175628874.0,3175628874.0,-0.25,0.25,13.6,12.64
4161,300247,融捷健康,4.02,-0.25,-0.01,26318.0,10589109.0,1.49,4.06,4.0,4.04,4.03,0.88,0.33,26.08,2.95,3232242058.0,3229166758.0,0.0,-0.25,6.91,12.29
4162,600587,新华医疗,15.65,-0.25,-0.04,11384.0,17829513.0,0.83,15.75,15.62,15.75,15.69,1.74,0.19,14.79,1.21,9494509432.0,9458265863.0,0.13,0.13,-2.86,-6.01
4163,002166,莱茵生物,7.98,-0.25,-0.02,42575.0,33809303.0,1.38,8.01,7.9,7.98,8.0,1.47,0.95,48.04,1.95,5918155730.0,3571579393.0,0.38,0.38,6.68,6.83
4164,000759,中百集团,8.02,-0.25,-0.02,62816.0,50351787.0,1.0,8.06,7.98,8.05,8.04,0.98,0.96,-13.59,3.18,5373172986.0,5258762321.0,0.0,-0.25,-12.25,-38.69
4165,000652,泰达股份,3.96,-0.25,-0.01,64727.0,25632488.0,1.51,3.99,3.93,3.98,3.97,1.56,0.44,191.78,1.02,5843272454.0,5838870942.0,0.0,0.51,1.02,-4.35
4166,002069,獐子岛,3.95,-0.25,-0.01,16568.0,6562494.0,1.52,4.0,3.94,3.97,3.96,1.67,0.23,-449.76,56.54,2808893166.0,2805353966.0,0.0,0.0,10.03,7.63
4167,002115,三维通信,7.83,-0.25,-0.02,94114.0,73697678.0,1.53,7.89,7.77,7.77,7.85,1.49,1.25,1205.01,3.05,6350062130.0,5889691016.0,-0.13,-0.13,-2.49,17.74
4168,000039,中集集团,7.72,-0.26,-0.02,30954.0,23922553.0,0.52,7.75,7.71,7.74,7.74,0.98,0.13,19.14,0.86,41630257372.0,17766863129.0,0.0,-0.13,-6.76,-0.64
4169,600941,中国移动,117.37,-0.26,-0.31,8600.0,101009095.0,0.42,117.75,117.26,117.6,117.68,1.13,0.1,20.68,1.83,2533756262907.0,105957864550.0,-0.04,-0.09,8.29,-0.67
4170,300138,晨光生物,11.34,-0.26,-0.03,16676.0,18887080.0,1.41,11.44,11.28,11.39,11.37,1.5,0.42,12.51,1.74,5478355055.0,4516872731.0,-0.18,0.0,34.36,32.01
4171,600015,华夏银行,7.7,-0.26,-0.02,118446.0,91586973.0,1.04,7.77,7.69,7.72,7.72,1.95,0.08,6.05,0.4,122544949204.0,118481624669.0,0.0,-0.26,5.91,-2.65
4172,002634,棒杰股份,3.89,-0.26,-0.01,106549.0,40895128.0,3.33,3.89,3.76,3.8,3.9,5.37,2.39,-9.19,7.09,1786881276.0,1736941553.0,0.52,0.26,6.58,3.46
4173,002769,普路通,7.77,-0.26,-0.02,14382.0,11163934.0,1.54,7.85,7.73,7.8,7.79,1.99,0.44,23.53,2.46,2900681280.0,2533003092.0,0.13,0.13,-1.02,11.48
4174,002095,生 意 宝,19.13,-0.26,-0.05,16569.0,31719574.0,0.99,19.27,19.08,19.16,19.18,1.09,0.66,752.08,5.43,4834533600.0,4815181979.0,0.1,0.0,-1.19,6.57
4175,600635,大众公用,3.85,-0.26,-0.01,42854.0,16516120.0,0.78,3.87,3.84,3.87,3.86,1.38,0.18,14.64,1.31,11366873499.0,9312347949.0,0.0,0.26,-3.02,-13.48
4176,603567,珍宝岛,11.5,-0.26,-0.03,11837.0,13623169.0,1.04,11.57,11.45,11.53,11.53,2.4,0.13,35.94,1.37,10823117004.0,10804716026.0,-0.09,0.0,5.7,-0.86
4177,002154,报 喜 鸟,3.81,-0.26,-0.01,22777.0,8706364.0,0.79,3.84,3.81,3.81,3.82,1.18,0.16,8.16,1.24,5560061507.0,5415896647.0,-0.26,-0.52,-6.85,-12.61
4178,603530,XD神马电,26.42,-0.26,-0.07,8411.0,22269880.0,1.21,26.7,26.38,26.69,26.49,2.62,0.2,41.86,6.92,11420397099.0,11293619329.0,0.08,-0.11,-2.65,8.95
4179,601328,交通银行,7.68,-0.26,-0.02,186174.0,143535198.0,0.65,7.73,7.68,7.72,7.7,1.64,0.05,5.62,0.58,570337740634.0,301446635635.0,-0.13,-0.39,8.63,3.92
4180,688122,西部超导,49.24,-0.26,-0.13,23083.0,114332934.0,1.76,50.05,49.18,49.5,49.37,2.08,0.36,47.04,4.67,31989479832.0,31989479832.0,0.08,-0.46,5.53,15.26
4181,300294,博雅生物,27.12,-0.26,-0.07,14660.0,39779121.65,1.03,27.29,27.01,27.29,27.19,3.88,0.29,24.51,1.81,13675225775.0,13675225775.0,0.18,0.3,-1.92,-9.96
4182,688630,芯碁微装,74.21,-0.26,-0.19,3269.0,24202847.0,2.02,75.28,73.78,74.05,74.4,1.09,0.25,47.12,4.62,9776478534.0,9776478534.0,0.08,0.07,15.0,28.57
4183,000990,诚志股份,7.6,-0.26,-0.02,12740.0,9690043.0,0.79,7.65,7.59,7.63,7.62,1.37,0.1,27.51,0.52,9235805266.0,9235798426.0,0.0,0.0,3.12,-1.94
4184,688105,诺唯赞,22.95,-0.26,-0.06,2878.0,6612929.0,1.43,23.15,22.82,23.02,23.01,1.5,0.07,1194.82,2.38,9128007785.0,9128007785.0,0.13,0.22,3.15,3.52
4185,002573,清新环境,3.9,-0.26,-0.01,17319.0,6732619.0,0.77,3.91,3.88,3.9,3.91,1.04,0.12,158.59,0.94,5555115458.0,5510679248.0,0.26,0.52,1.83,-2.01
4186,300020,ST银江,3.86,-0.26,-0.01,89224.0,34178578.0,3.1,3.9,3.78,3.89,3.87,2.61,1.16,-10.9,0.97,3067456980.0,2959228794.0,-0.52,-0.26,20.63,5.46
4187,000411,英特集团,11.0,-0.27,-0.03,17026.0,18746921.4,1.36,11.1,10.95,11.03,11.03,4.17,0.53,14.24,1.29,5740817599.0,3549557495.0,0.09,0.27,3.68,3.29
4188,000409,云鼎科技,11.13,-0.27,-0.03,44676.0,49565190.42,1.25,11.19,11.05,11.19,11.16,1.39,1.06,59.95,4.88,7546034321.0,4711810317.0,0.0,-0.27,-14.05,24.92
4189,002329,皇氏集团,3.64,-0.27,-0.01,37503.0,13656346.6,1.37,3.67,3.62,3.66,3.65,0.83,0.58,133.28,3.19,3029950505.0,2367415683.0,-0.27,-0.27,11.66,0.28
4190,301088,戎美股份,14.81,-0.27,-0.04,15409.0,23006373.6,2.36,15.13,14.78,15.0,14.85,3.05,0.82,41.78,1.3,3375199000.0,2782058500.0,-0.13,-0.67,12.8,9.79
4191,300676,华大基因,51.86,-0.27,-0.14,7942.0,41131891.0,1.71,52.19,51.3,51.99,52.0,1.34,0.19,-102.31,2.37,21564506880.0,21447222897.0,-0.17,-0.17,-18.16,23.56
4192,300679,电连技术,44.51,-0.27,-0.12,14092.0,62539383.0,1.88,44.85,44.01,44.35,44.63,1.98,0.39,38.25,3.89,18862656997.0,15923591282.0,0.0,0.47,-29.27,-24.85
4193,600121,郑州煤电,3.73,-0.27,-0.01,13998.0,5222250.0,0.53,3.74,3.72,3.74,3.74,0.95,0.11,-18.87,2.49,4544676902.0,4544676902.0,0.0,0.0,1.08,-13.86
4194,301600,慧翰股份,96.61,-0.27,-0.26,2901.0,28083100.05,0.92,97.3,96.41,97.0,96.87,1.82,1.11,58.31,8.67,10098015335.0,2526303195.0,-0.11,-0.4,-4.99,-25.84
4195,301003,江苏博云,29.74,-0.27,-0.08,7255.0,21530782.5,1.81,29.99,29.45,29.8,29.82,0.84,0.95,22.89,2.7,2945846123.0,2276005561.0,0.0,0.3,9.94,46.07
4196,300984,金沃股份,56.3,-0.27,-0.15,2959.0,16653770.0,1.42,56.69,55.89,56.02,56.45,1.06,0.37,140.93,6.92,6940022293.0,4515235003.0,-0.07,0.02,8.29,96.37
4197,301047,义翘神州,63.82,-0.27,-0.17,3932.0,25109692.0,1.08,64.25,63.56,64.16,63.99,2.67,0.33,85.73,1.37,7762856874.0,7631635232.0,0.2,0.19,1.38,4.88
4198,603718,海利生物,7.27,-0.27,-0.02,26923.0,19467824.0,1.37,7.3,7.2,7.29,7.29,2.39,0.41,109.31,3.02,4766664194.0,4718082419.0,0.55,0.83,3.41,5.21
4199,300236,上海新阳,36.64,-0.27,-0.1,6008.0,21956409.76,1.22,36.85,36.4,36.66,36.74,1.92,0.22,56.09,2.51,11482294569.0,10212556071.0,0.08,-0.05,-4.95,-1.95
4200,603062,麦加芯彩,44.85,-0.27,-0.12,1260.0,5658556.0,1.02,45.18,44.72,44.97,44.97,0.84,0.33,24.15,2.43,4843800000.0,1699205040.0,-0.11,-0.07,20.86,28.4
4201,002274,华昌化工,7.3,-0.27,-0.02,21102.0,15342305.0,1.23,7.33,7.24,7.32,7.32,1.49,0.22,60.88,1.27,6952261916.0,6846298649.0,0.27,0.0,-6.41,-6.05
4202,600729,重庆百货,30.09,-0.27,-0.08,5568.0,16715675.0,0.99,30.21,29.91,30.1,30.17,1.73,0.29,6.98,1.67,13253910112.0,5753579431.0,-0.33,0.3,3.76,2.87
4203,300382,斯莱克,14.88,-0.27,-0.04,25888.0,38469774.0,1.68,15.02,14.77,15.02,14.92,1.51,0.4,208.12,4.2,9648191911.0,9645277335.0,-0.07,0.0,-11.27,38.55
4204,688008,澜起科技,80.49,-0.28,-0.23,40797.0,328715190.0,1.2,81.08,80.11,80.4,80.72,2.36,0.36,43.85,7.99,92144088584.0,92144088584.0,0.0,-0.01,3.25,19.23
4205,688633,星球石墨,28.11,-0.28,-0.08,925.0,2598201.0,1.7,28.2,27.72,28.19,28.19,0.59,0.06,60.68,2.56,4076199336.0,4041186082.0,0.14,0.04,-5.77,1.59
4206,688146,中船特气,28.41,-0.28,-0.08,3881.0,11042588.0,0.77,28.56,28.34,28.55,28.49,2.7,0.27,43.38,2.68,15040588244.0,4118621621.0,-0.21,-0.21,-6.39,-2.17
4207,000692,惠天热电,3.53,-0.28,-0.01,17726.0,6251915.0,1.13,3.55,3.51,3.54,3.54,1.69,0.33,-12.71,12.47,1880900405.0,1880900405.0,0.0,0.0,5.37,1.15
4208,835857,百甲科技,7.06,-0.28,-0.02,4212.0,2959426.07,0.85,7.07,7.01,7.07,7.08,0.82,0.36,-244.05,1.81,1279718877.0,814622188.0,0.43,0.28,-5.74,23.86
4209,603901,永创智能,10.68,-0.28,-0.03,18954.0,20232990.0,3.08,10.83,10.5,10.83,10.71,1.08,0.39,32.01,2.19,5208334621.0,5172795052.0,0.0,0.09,3.09,44.91
4210,688687,凯因科技,28.36,-0.28,-0.08,19933.0,55881384.0,2.46,28.36,27.66,28.2,28.44,1.49,1.17,47.22,2.59,4847983808.0,4847983808.0,0.93,1.5,24.5,31.42
4211,688198,佰仁医疗,109.62,-0.28,-0.31,491.0,5399995.0,1.7,111.08,109.21,109.8,109.93,1.83,0.04,115.84,12.79,15061256124.0,15061256124.0,0.0,-0.26,-7.96,1.3
4212,605189,富春染织,14.34,-0.28,-0.04,21667.0,31914903.0,6.12,15.18,14.3,14.59,14.38,7.21,1.45,111.04,1.19,2147649172.0,2147649172.0,-0.69,0.14,13.27,18.02
4213,002930,宏川智慧,10.59,-0.28,-0.03,13444.0,14302041.0,1.69,10.74,10.56,10.6,10.62,2.02,0.31,57.81,1.95,4844814716.0,4585663066.0,-0.09,-0.19,3.93,-5.61
4214,605167,利柏特,10.85,-0.28,-0.03,81834.0,89687092.0,3.13,11.16,10.82,11.04,10.88,2.03,1.82,33.96,2.6,4872409500.0,4872409500.0,-0.28,-0.09,14.69,12.55
4215,002081,金 螳 螂,3.52,-0.28,-0.01,35596.0,12560206.0,1.42,3.55,3.5,3.53,3.53,2.35,0.13,10.91,0.69,9346739385.0,9306147583.0,-0.28,-0.28,4.45,-1.4
4216,601766,中国中车,7.19,-0.28,-0.02,70064.0,50445612.0,0.55,7.22,7.18,7.2,7.21,1.47,0.03,16.9,1.2,206344832793.0,174916867965.0,-0.14,-0.28,-4.77,-14.2
4217,300899,*ST凯鑫,21.6,-0.28,-0.06,1513.0,3274208.0,1.2,21.84,21.58,21.66,21.66,1.62,0.37,18.53,2.11,1377722866.0,884219026.0,-0.05,-0.28,-3.31,4.15
4218,000036,华联控股,3.5,-0.28,-0.01,15820.0,5575077.0,1.42,3.55,3.5,3.55,3.51,1.47,0.11,226.43,1.02,5193769088.0,5184431991.0,0.0,0.0,-16.47,-14.22
4219,601211,国泰海通,17.81,-0.28,-0.05,132342.0,236479965.0,0.84,17.95,17.8,17.82,17.86,2.22,0.1,6.41,1.01,313985111876.0,240328020584.0,-0.06,-0.22,-1.87,-4.5
4220,600056,中国医药,10.6,-0.28,-0.03,29459.0,31259765.0,0.66,10.65,10.58,10.63,10.63,2.64,0.2,23.83,1.32,15856325329.0,15850725667.0,0.0,0.09,0.76,-4.5
4221,000090,天健集团,3.52,-0.28,-0.01,26709.0,9423271.0,0.57,3.54,3.52,3.53,3.53,1.36,0.14,40.76,0.58,6577279928.0,6576978968.0,-0.28,-0.28,-9.04,-14.36
4222,002658,雪迪龙,6.93,-0.29,-0.02,25175.0,17385731.0,1.73,6.98,6.86,6.94,6.95,1.35,0.7,109.38,1.81,4405823203.0,2485498201.0,-0.14,0.29,5.16,12.68
4223,000004,*ST国华,10.23,-0.29,-0.03,21160.0,21692329.0,2.44,10.4,10.15,10.18,10.26,1.84,1.68,-28.96,25.87,1354250285.0,1291927191.0,0.0,-0.49,-16.01,-26.08
4224,600692,亚通股份,6.89,-0.29,-0.02,12573.0,8658693.0,0.87,6.93,6.87,6.91,6.91,2.02,0.49,-56.86,2.61,2423654401.0,1757022462.0,0.0,0.29,-8.01,-23.61
4225,600698,湖南天雁,6.79,-0.29,-0.02,56832.0,38501497.0,1.47,6.83,6.73,6.82,6.81,1.17,0.68,2060.22,9.44,7273584017.0,5638044390.0,0.0,-0.29,9.87,50.22
4226,000553,安道麦A,6.97,-0.29,-0.02,13023.0,9072946.0,1.14,7.01,6.93,6.99,6.99,1.17,0.06,26.86,0.85,16238788009.0,15174191568.0,0.29,0.29,14.64,4.34
4227,600116,三峡水利,6.79,-0.29,-0.02,14889.0,10101413.0,0.59,6.81,6.77,6.81,6.81,1.02,0.08,-750.06,1.18,12983450318.0,12983450318.0,0.15,0.0,1.34,-2.16
4228,600097,开创国际,10.16,-0.29,-0.03,7800.0,7924927.0,0.88,10.22,10.13,10.16,10.19,2.09,0.32,47.37,1.09,2447915439.0,2447915439.0,0.1,0.3,14.8,0.99
4229,600229,城市传媒,6.98,-0.29,-0.02,7857.0,5495835.0,1.0,7.04,6.97,7.02,7.0,1.69,0.12,18.52,1.44,4685031840.0,4685031840.0,0.14,0.0,-0.14,0.14
4230,002108,沧州明珠,3.4,-0.29,-0.01,61827.0,21047577.0,1.17,3.43,3.39,3.42,3.41,2.24,0.38,29.31,1.14,5662341803.0,5604436600.0,-0.29,0.0,2.72,-2.58
4231,000920,沃顿科技,10.14,-0.29,-0.03,14288.0,14532480.0,1.18,10.25,10.13,10.18,10.17,2.03,0.34,26.96,2.52,4792378137.0,4278851850.0,-0.1,-0.2,18.87,13.68
4232,002252,上海莱士,6.99,-0.29,-0.02,80507.0,56326483.0,0.86,7.03,6.97,7.0,7.01,1.96,0.12,20.49,1.43,46399514011.0,46375082388.0,0.0,0.29,2.79,-3.19
4233,002510,天汽模,6.79,-0.29,-0.02,425980.0,287598208.43,3.38,6.9,6.67,6.75,6.81,1.89,4.24,83.2,2.76,6892791827.0,6822910763.0,-0.44,0.59,16.87,16.27
4234,603637,镇海股份,10.39,-0.29,-0.03,7098.0,7384881.0,0.96,10.46,10.36,10.45,10.42,1.2,0.3,104.61,2.52,2479946262.0,2479946262.0,0.0,-0.1,1.07,27.8
4235,002254,泰和新材,10.19,-0.29,-0.03,13376.0,13621388.0,0.59,10.22,10.16,10.22,10.22,1.39,0.16,190.29,1.24,8793417529.0,8339910937.0,-0.1,0.1,1.09,8.98
4236,603600,永艺股份,10.27,-0.29,-0.03,8392.0,8614264.0,1.07,10.32,10.21,10.32,10.3,1.35,0.28,14.78,1.54,3401559256.0,3089401209.0,-0.48,-0.29,-10.77,-11.39
4237,300999,金龙鱼,30.56,-0.29,-0.09,6775.0,20745624.0,0.49,30.69,30.54,30.65,30.65,1.24,0.12,42.21,1.76,165683837340.0,16583295284.0,-0.1,-0.16,-4.02,-5.97
4238,301380,挖金客,47.47,-0.29,-0.14,1545.0,7324999.0,1.03,47.71,47.22,47.4,47.61,1.38,0.51,48.61,4.47,3319378486.0,1431547901.0,-0.06,0.02,-13.58,-4.26
4239,001268,联合精密,23.66,-0.29,-0.07,66625.0,159688435.86,5.94,24.66,23.25,24.14,23.73,22.12,15.99,33.26,2.59,2553702682.0,985973929.0,0.6,0.68,23.36,39.09
4240,000509,华塑控股,3.27,-0.3,-0.01,15829.0,5206070.0,2.13,3.33,3.26,3.32,3.28,1.83,0.15,1059.9,26.0,3509128730.0,3509118122.0,0.0,0.0,-1.51,-1.8
4241,000068,华控赛格,3.37,-0.3,-0.01,10544.0,3563908.0,0.89,3.4,3.37,3.4,3.38,0.87,0.1,-48.83,4.91,3392482834.0,3392482834.0,-0.3,-0.3,-5.6,0.6
4242,300190,维尔利,3.36,-0.3,-0.01,14056.0,4717295.0,1.19,3.38,3.34,3.37,3.37,1.52,0.18,-12.0,0.97,2626168380.0,2607943393.0,0.0,0.3,5.99,-4.27
4243,000902,新洋丰,13.37,-0.3,-0.04,9545.0,12789951.0,0.89,13.48,13.36,13.44,13.41,1.05,0.08,8.15,1.58,16775782456.0,15279000020.0,0.0,-0.07,13.5,4.95
4244,000415,渤海租赁,3.27,-0.3,-0.01,91653.0,29962471.0,0.61,3.28,3.26,3.28,3.28,1.71,0.17,7.55,0.64,20223384592.0,17634965247.0,0.0,0.0,-3.82,-13.26
4245,688619,罗普特,9.91,-0.3,-0.03,2780.0,2766058.0,1.61,10.04,9.88,9.88,9.94,1.82,0.15,-18.66,2.12,1837690996.0,1837690996.0,-0.2,-0.4,2.27,13.26
4246,002043,兔 宝 宝,9.97,-0.3,-0.03,15261.0,15245664.0,0.9,10.06,9.97,10.06,10.0,2.08,0.21,20.5,2.87,8295627462.0,7340749037.0,-0.1,-0.1,-3.39,-13.75
4247,601665,齐鲁银行,6.68,-0.3,-0.02,56625.0,37967791.0,1.04,6.74,6.67,6.71,6.7,1.71,0.12,5.89,0.81,32297987488.0,32297987488.0,-0.3,-0.3,7.57,22.34
4248,002531,天顺风能,6.62,-0.3,-0.02,25523.0,16943989.0,0.9,6.68,6.62,6.65,6.64,1.33,0.14,83.43,1.33,11895336716.0,11829053741.0,0.0,-0.15,-9.93,-16.1
4249,689009,九号公司-WD,66.4,-0.3,-0.2,12621.0,83532080.0,1.59,66.91,65.85,66.91,66.6,2.22,0.23,26.1,7.16,47628787529.0,36504670099.0,0.68,0.55,12.35,39.79
4250,001298,好上好,19.99,-0.3,-0.06,48975.0,98146532.6,1.4,20.2,19.92,20.09,20.05,2.33,3.18,84.27,3.75,5933751560.0,3080156191.0,-0.25,-0.4,-8.8,16.02
4251,603087,甘李药业,57.06,-0.3,-0.17,44514.0,252627658.0,1.31,57.15,56.4,56.98,57.23,2.17,0.8,27.49,3.03,34296785447.0,31606550124.0,0.23,0.62,27.71,29.39
4252,600499,科达制造,10.13,-0.3,-0.03,20678.0,21056474.0,0.89,10.22,10.13,10.16,10.16,1.29,0.11,14.0,1.7,19427885241.0,19427885241.0,-0.3,-0.59,32.07,33.11
4253,002262,恩华药业,23.52,-0.3,-0.07,22573.0,52997283.82,1.95,23.77,23.31,23.6,23.59,1.44,0.26,19.87,3.29,23900478148.0,20739760776.0,0.17,0.6,11.89,-1.96
4254,430476,海能技术,19.9,-0.3,-0.06,8716.0,17372290.94,3.31,20.31,19.65,20.25,19.96,3.34,1.08,-815.84,3.68,1695078020.0,1604536662.0,0.35,0.61,59.33,108.38
4255,002064,华峰化学,6.68,-0.3,-0.02,20905.0,13963070.0,0.75,6.71,6.66,6.68,6.7,1.27,0.04,16.43,1.26,33149793232.0,33079297021.0,-0.15,-0.15,-19.32,-16.81
4256,002291,遥望科技,6.58,-0.3,-0.02,87747.0,57768700.0,1.97,6.64,6.51,6.57,6.6,1.21,1.0,-17.03,1.83,6212262514.0,5775062027.0,0.0,-0.15,-0.75,4.28
4257,003026,中晶科技,30.35,-0.3,-0.09,2620.0,7952453.5,1.38,30.64,30.22,30.44,30.44,2.04,0.27,139.79,6.07,3952525934.0,2937785915.0,-0.07,0.1,-4.86,-6.76
4258,300521,爱司凯,22.27,-0.31,-0.07,4586.0,10223780.06,1.48,22.49,22.16,22.25,22.34,1.35,0.32,-118.61,6.64,3206880000.0,3206851940.0,0.04,-0.04,0.36,8.9
4259,603755,日辰股份,26.12,-0.31,-0.08,1516.0,3947507.0,1.41,26.25,25.88,26.25,26.2,1.75,0.15,36.46,3.57,2575789348.0,2575789348.0,0.42,0.85,-0.27,-2.72
4260,688793,倍轻松,32.48,-0.31,-0.1,5048.0,16303198.0,2.33,32.64,31.88,32.5,32.58,1.65,0.59,-380.83,7.5,2791507209.0,2791507209.0,0.0,0.34,-2.99,8.99
4261,300110,华仁药业,3.25,-0.31,-0.01,53729.0,17379395.0,1.53,3.27,3.22,3.25,3.26,2.03,0.45,59.93,2.92,3842192192.0,3838827223.0,0.0,0.62,5.18,-7.67
4262,688459,哈铁科技,9.62,-0.31,-0.03,1413.0,1363303.0,0.52,9.67,9.62,9.65,9.65,1.07,0.08,-755.47,1.36,4617600000.0,1689127392.0,-0.21,-0.21,-4.28,-0.21
4263,603082,北自科技,38.41,-0.31,-0.12,3727.0,14312001.0,1.48,38.8,38.23,38.8,38.53,0.98,0.92,36.9,4.11,6231159927.0,1557790529.0,0.03,0.08,-14.19,15.28
4264,000785,居然智家,3.19,-0.31,-0.01,77402.0,24779866.0,0.94,3.22,3.19,3.22,3.2,1.32,0.13,23.47,0.97,19864285717.0,18814441826.0,0.0,0.0,-28.48,-10.64
4265,601991,大唐发电,3.21,-0.31,-0.01,213442.0,68965323.0,1.24,3.25,3.21,3.21,3.22,2.47,0.17,6.63,1.84,59406540718.0,39791446030.0,-0.62,-0.31,16.3,12.63
4266,688231,隆达股份,16.33,-0.31,-0.05,3374.0,5528376.0,0.92,16.48,16.33,16.38,16.38,2.08,0.27,35.31,1.47,4031177145.0,2064908283.0,-0.06,0.0,6.8,14.84
4267,688305,DR科德数,55.31,-0.31,-0.17,2554.0,14196804.0,1.41,56.0,55.22,56.0,55.48,3.06,0.19,87.09,4.02,7351068360.0,7312744061.0,-0.25,-0.4,-5.86,5.86
4268,002925,盈趣科技,16.1,-0.31,-0.05,5032.0,8095475.0,1.3,16.22,16.01,16.12,16.15,1.32,0.07,40.83,2.65,12516812722.0,11852248305.0,0.06,0.0,3.07,2.81
4269,002906,华阳集团,31.8,-0.31,-0.1,21804.0,69120154.0,2.23,32.13,31.42,31.85,31.9,2.34,0.42,26.84,2.62,16692043904.0,16686019139.0,0.0,0.09,-5.07,5.05
4270,002922,伊戈尔,15.83,-0.31,-0.05,21700.0,34313474.9,1.2,15.93,15.74,15.76,15.88,2.33,0.58,36.96,1.98,6212195252.0,5896024070.0,-0.13,-0.13,-14.71,-9.65
4271,601949,中国出版,6.45,-0.31,-0.02,10238.0,6616502.0,0.62,6.49,6.45,6.46,6.47,1.3,0.05,-107.21,1.28,12280593948.0,12280593948.0,-0.15,-0.15,-4.59,-10.17
4272,600496,精工钢构,3.09,-0.32,-0.01,13957.0,4323202.0,0.65,3.11,3.09,3.11,3.1,0.83,0.07,12.38,0.69,6149483580.0,6149483580.0,0.0,0.0,0.65,2.32
4273,000816,智慧农业,3.09,-0.32,-0.01,30835.0,9530721.0,0.97,3.11,3.08,3.1,3.1,0.67,0.21,-170.49,2.22,4471271153.0,4439481863.0,0.0,-0.32,-16.71,2.32
4274,000529,广弘控股,6.16,-0.32,-0.02,11501.0,7078080.8,0.81,6.18,6.13,6.18,6.18,1.87,0.2,64.59,1.13,3596148433.0,3510487762.0,-0.16,0.0,3.7,4.41
4275,600094,大名城,3.15,-0.32,-0.01,12559.0,3968016.0,0.95,3.18,3.15,3.18,3.16,0.64,0.06,492.35,0.75,7625677327.0,6999709028.0,0.0,0.0,-8.7,-13.46
4276,600433,冠豪高新,3.08,-0.32,-0.01,13246.0,4092106.0,0.65,3.1,3.08,3.08,3.09,1.18,0.08,2082.5,1.19,5390860038.0,5390860038.0,-0.32,-0.32,-0.32,-0.96
4277,600783,鲁信创投,12.38,-0.32,-0.04,18862.0,23514428.0,1.45,12.54,12.36,12.36,12.42,3.53,0.25,-60.23,2.07,9215168060.0,9215168060.0,-0.56,-1.12,-2.67,-2.29
4278,000952,广济药业,6.23,-0.32,-0.02,18980.0,11783805.0,1.28,6.26,6.18,6.26,6.25,3.1,0.55,-15.03,2.12,2179598762.0,2143095298.0,-0.16,0.32,12.86,0.81
4279,600039,四川路桥,9.27,-0.32,-0.03,25441.0,23688128.0,1.51,9.38,9.24,9.26,9.3,1.55,0.04,11.38,1.62,80742066026.0,62142737655.0,0.0,0.0,25.61,27.34
4280,605151,西上海,18.54,-0.32,-0.06,13038.0,24113350.0,2.69,18.8,18.3,18.78,18.6,1.71,0.97,-81.84,1.85,2508030018.0,2494635276.0,0.32,0.71,11.02,15.8
4281,603229,奥翔药业,9.32,-0.32,-0.03,93352.0,86674080.0,1.93,9.38,9.2,9.35,9.35,3.74,1.12,16.23,3.26,7738369391.0,7738369391.0,0.22,0.43,9.01,-6.71
4282,688401,路维光电,31.64,-0.32,-0.1,3871.0,12239251.0,1.1,31.85,31.5,31.85,31.74,1.84,0.33,31.11,4.42,6117078901.0,3661137805.0,0.06,0.09,-2.38,21.27
4283,001696,宗申动力,22.13,-0.32,-0.07,65417.0,145139236.0,1.22,22.35,22.08,22.21,22.2,1.7,0.73,27.99,4.86,25339445740.0,19725348114.0,-0.14,-0.32,-7.75,-11.12
4284,600581,八一钢铁,3.07,-0.32,-0.01,43386.0,13307795.0,0.97,3.09,3.06,3.08,3.08,2.35,0.28,-3.19,-16.69,4723782813.0,4705996461.0,0.33,0.33,-14.01,0.0
4285,920008,成电光信,39.97,-0.32,-0.13,9351.0,37000498.53,2.44,40.12,39.14,39.7,40.1,2.82,2.82,-165.14,8.38,2548087500.0,1325977131.0,0.2,0.28,1.42,30.62
4286,600693,东百集团,6.29,-0.32,-0.02,35994.0,22608227.0,0.95,6.32,6.26,6.27,6.31,1.12,0.41,34.55,1.54,5471332887.0,5465712999.0,-0.16,0.16,-4.84,-10.14
4287,603977,国泰集团,11.92,-0.33,-0.04,8554.0,10194984.0,0.67,11.98,11.9,11.94,11.96,2.02,0.14,42.97,2.27,7405202590.0,7405202590.0,-0.08,-0.08,-4.94,-7.95
4288,000978,桂林旅游,6.0,-0.33,-0.02,11381.0,6837919.0,1.33,6.06,5.98,6.06,6.02,2.31,0.32,-53.68,2.65,2808780000.0,2160541500.0,0.17,0.17,-4.61,-0.66
4289,603682,锦和商管,5.98,-0.33,-0.02,67031.0,40259566.0,4.33,6.18,5.92,6.16,6.0,3.0,1.42,13.11,2.91,2825550000.0,2825550000.0,0.0,-0.17,10.74,-17.63
4290,000592,平潭发展,2.99,-0.33,-0.01,68518.0,20448824.0,0.67,3.0,2.98,2.99,3.0,1.16,0.36,333.79,3.05,5776024867.0,5726126423.0,0.34,0.34,8.33,4.18
4291,000561,烽火电子,9.17,-0.33,-0.03,191884.0,176415647.22,2.93,9.31,9.04,9.17,9.2,1.64,3.19,-31.51,2.96,6875383601.0,5518414924.0,0.11,0.44,6.88,3.73
4292,002159,三特索道,14.89,-0.33,-0.05,3846.0,5729117.0,0.87,14.98,14.85,14.9,14.94,1.63,0.28,21.88,1.89,2640016729.0,2061694907.0,0.07,0.07,0.95,-4.61
4293,603027,千禾味业,11.91,-0.33,-0.04,14499.0,17275030.0,0.84,11.97,11.87,11.91,11.95,1.02,0.15,19.06,3.21,12240277234.0,11448399247.0,0.25,0.25,4.84,-1.65
4294,688106,金宏气体,18.26,-0.33,-0.06,8316.0,15196165.0,1.31,18.44,18.2,18.33,18.32,1.52,0.17,50.0,3.03,8800907160.0,8800907160.0,-0.11,0.22,2.47,7.98
4295,002230,科大讯飞,47.72,-0.33,-0.16,53718.0,256347734.0,0.65,47.89,47.58,47.81,47.88,2.35,0.25,-142.71,6.17,110313969965.0,104465940418.0,0.04,-0.06,-7.86,-1.24
4296,603566,普莱柯,15.01,-0.33,-0.05,18065.0,27014966.0,1.26,15.07,14.88,15.06,15.06,2.04,0.52,24.54,1.94,5194394718.0,5194394718.0,0.33,0.67,24.98,17.63
4297,002179,中航光电,39.7,-0.33,-0.13,11660.0,46305151.48,0.58,39.84,39.61,39.78,39.83,1.17,0.06,32.86,3.46,84095360685.0,82604141345.0,0.13,0.05,1.2,1.02
4298,600505,西昌电力,14.95,-0.33,-0.05,43396.0,64569445.0,1.73,15.04,14.78,14.9,15.0,1.14,1.19,1005.36,4.49,5450284125.0,5450284125.0,-0.33,0.2,42.25,23.55
4299,600293,三峡新材,2.98,-0.33,-0.01,19272.0,5763649.0,0.67,3.0,2.98,2.99,2.99,1.02,0.17,83.22,1.97,3457232237.0,3457232237.0,0.0,-0.33,-0.33,-5.4
4300,603091,众鑫股份,51.27,-0.33,-0.17,3679.0,18774064.0,1.56,51.6,50.8,51.04,51.44,1.21,1.8,18.15,2.53,5241782917.0,1048356655.0,-0.1,-0.04,21.21,9.57
4301,600106,重庆路桥,6.08,-0.33,-0.02,52691.0,31999111.0,0.98,6.11,6.05,6.1,6.1,1.76,0.4,36.46,1.56,8080472377.0,8080472377.0,0.0,0.33,7.42,8.77
4302,600848,上海临港,8.98,-0.33,-0.03,5895.0,5304956.0,0.55,9.03,8.98,9.01,9.01,1.33,0.02,32.92,1.18,22651933296.0,21497332212.0,-0.22,-0.11,-4.06,-11.09
4303,920016,中草香料,27.05,-0.33,-0.09,5190.0,13953754.71,2.51,27.34,26.66,27.34,27.14,0.97,1.97,136.14,5.69,2082361179.0,713014223.0,0.48,0.45,-0.62,37.03
4304,003012,东鹏控股,5.79,-0.34,-0.02,6277.0,3647284.0,0.69,5.83,5.79,5.82,5.81,1.3,0.05,-55.0,0.92,6698920905.0,6628884023.0,-0.34,-0.17,1.22,-9.11
4305,601890,亚星锚链,8.7,-0.34,-0.03,45519.0,39689319.0,0.92,8.76,8.68,8.73,8.73,1.16,0.47,39.75,2.27,8346780000.0,8346780000.0,-0.23,-0.23,16.62,11.68
4306,600642,申能股份,8.81,-0.34,-0.03,48888.0,43046931.0,0.57,8.84,8.79,8.83,8.84,2.64,0.1,10.66,1.18,43116974096.0,42984346858.0,-0.11,0.11,-0.34,-7.17
4307,688625,呈和科技,46.72,-0.34,-0.16,1553.0,7290090.0,1.17,47.25,46.7,47.05,46.88,1.77,0.11,22.12,4.67,6322510051.0,6322510051.0,-0.15,-0.21,28.39,23.47
4308,603020,爱普股份,8.85,-0.34,-0.03,5557.0,4911790.0,1.13,8.91,8.81,8.91,8.88,1.1,0.15,25.89,1.03,3391654300.0,3391654300.0,-0.11,0.11,2.43,14.34
4309,603848,好太太,14.69,-0.34,-0.05,2301.0,3375400.0,1.15,14.77,14.6,14.74,14.74,1.69,0.06,44.31,2.4,5933460097.0,5911351647.0,0.14,0.34,4.33,-10.75
4310,000026,飞亚达,14.66,-0.34,-0.05,28215.0,41019142.8,2.31,14.72,14.38,14.72,14.71,1.08,0.77,32.82,1.81,5948500343.0,5347518275.0,-0.2,0.07,39.75,47.04
4311,603277,银都股份,23.67,-0.34,-0.08,1370.0,3243155.0,0.72,23.75,23.58,23.75,23.75,1.27,0.03,12.58,3.62,10051785045.0,9953578215.0,-0.17,-0.29,-19.9,2.16
4312,836247,DR华密新,20.46,-0.34,-0.07,8689.0,17732827.42,2.14,20.66,20.22,20.49,20.53,2.54,0.76,85.38,7.23,3223353636.0,2337251435.0,-0.39,0.15,-3.67,28.92
4313,301459,丰茂股份,41.16,-0.34,-0.14,8387.0,34808376.0,2.64,42.19,41.1,41.3,41.3,1.75,3.23,37.26,3.6,4280640000.0,1070160000.0,-0.19,-0.24,-12.78,33.72
4314,001201,东瑞股份,14.78,-0.34,-0.05,9194.0,13602749.0,1.21,14.91,14.73,14.91,14.83,3.19,0.56,-171.39,1.13,3810047535.0,2431693718.0,0.0,0.0,4.23,-6.57
4315,002181,粤 传 媒,5.9,-0.34,-0.02,283892.0,166407659.0,2.7,5.92,5.76,5.86,5.92,6.73,2.5,46.83,1.61,6850243227.0,6693669068.0,0.34,0.51,4.42,5.17
4316,300639,凯普生物,5.81,-0.34,-0.02,36935.0,21425034.0,1.72,5.85,5.75,5.78,5.83,1.89,0.58,-34.39,0.93,3756168916.0,3690304996.0,-0.17,0.17,-4.6,-2.02
4317,688590,新致软件,20.65,-0.34,-0.07,6974.0,14425713.0,1.74,20.88,20.52,20.65,20.72,1.16,0.27,86.29,3.86,5428726986.0,5428726986.0,-0.24,-0.43,-8.67,28.82
4318,300777,中简科技,34.68,-0.34,-0.12,13731.0,47719450.72,1.32,35.01,34.55,34.68,34.8,1.93,0.32,33.64,3.49,15249057383.0,14690977251.0,-0.06,-0.09,1.79,23.55
4319,600862,中航高科,23.14,-0.34,-0.08,18290.0,42296392.0,0.69,23.22,23.06,23.22,23.22,1.9,0.13,22.52,4.33,32235156336.0,32235156336.0,0.13,0.09,-6.62,-8.39
4320,688393,安必平,28.51,-0.35,-0.1,3449.0,9827775.0,1.85,28.86,28.33,28.65,28.61,1.65,0.37,-60.27,2.16,2667615098.0,2667615098.0,0.04,0.39,-22.32,65.66
4321,301030,仕净科技,17.23,-0.35,-0.06,10626.0,18365023.6,1.1,17.39,17.2,17.38,17.29,2.28,0.66,16.48,3.13,3487064776.0,2781730259.0,-0.23,-0.4,-23.25,-28.62
4322,300095,华伍股份,8.44,-0.35,-0.03,63951.0,54022028.9,1.53,8.54,8.41,8.43,8.47,2.02,1.89,89.72,2.12,3545560984.0,2858856547.0,0.12,0.12,20.57,24.3
4323,688139,海尔生物,31.34,-0.35,-0.11,3974.0,12472892.0,1.11,31.6,31.25,31.6,31.45,1.82,0.12,22.59,2.31,9964631601.0,9964631601.0,0.19,0.13,-7.8,-10.97
4324,600054,黄山旅游,11.45,-0.35,-0.04,9966.0,11434321.0,0.52,11.51,11.45,11.46,11.49,1.92,0.19,56.59,1.78,8351394588.0,5877285000.0,-0.09,-0.09,-1.04,1.33
4325,600834,申通地铁,8.47,-0.35,-0.03,105692.0,89553513.0,4.35,8.7,8.33,8.57,8.5,4.23,2.21,110.49,2.38,4043424735.0,4043424735.0,0.59,1.19,2.92,4.57
4326,600265,ST景谷,16.85,-0.35,-0.06,504.0,848874.0,1.12,16.96,16.77,16.77,16.91,1.27,0.04,-33.66,27.51,2187130000.0,2187130000.0,-0.35,-0.35,7.32,-3.71
4327,600329,达仁堂,34.48,-0.35,-0.12,30390.0,105764484.0,2.2,35.23,34.47,34.6,34.6,3.64,0.54,17.74,3.23,26552853395.0,19553240995.0,-0.29,-0.12,14.63,11.95
4328,002960,青鸟消防,11.46,-0.35,-0.04,14600.0,16739967.69,0.96,11.54,11.43,11.52,11.5,1.29,0.24,30.1,1.37,8302019828.0,7083246582.0,-0.09,0.0,-14.41,-1.8
4329,600685,中船防务,24.83,-0.36,-0.09,23455.0,58424279.0,1.2,25.03,24.73,24.76,24.92,2.53,0.29,47.57,2.05,35097363366.0,20396235544.0,-0.32,-0.36,8.52,4.77
4330,000650,仁和药业,5.61,-0.36,-0.02,42685.0,23942317.17,1.07,5.65,5.59,5.63,5.63,2.4,0.32,11.95,1.24,7853653493.0,7469074529.0,0.0,0.18,1.81,-2.6
4331,605296,神农集团,30.2,-0.36,-0.11,15006.0,45130521.0,2.14,30.45,29.8,30.25,30.31,2.93,0.29,17.33,3.19,15850138162.0,15812900354.0,0.2,0.2,16.06,9.03
4332,000930,中粮科技,5.5,-0.36,-0.02,11834.0,6530107.0,0.72,5.54,5.5,5.53,5.52,1.16,0.06,63.09,0.97,10228474817.0,10209914440.0,-0.18,-0.18,-1.08,-0.9
4333,601988,中国银行,5.5,-0.36,-0.02,512784.0,282436010.0,0.54,5.52,5.49,5.51,5.52,2.56,0.02,7.45,0.67,1619132851826.0,1159210331653.0,-0.18,-0.18,2.8,4.36
4334,002980,华盛昌,27.55,-0.36,-0.1,2895.0,7982315.0,0.9,27.75,27.5,27.68,27.65,1.56,0.4,31.94,3.61,3725790370.0,1979010170.0,-0.07,0.11,10.02,7.41
4335,600226,亨通股份,2.77,-0.36,-0.01,39839.0,11068013.0,1.08,2.79,2.76,2.79,2.78,1.69,0.13,29.38,2.36,8239035990.0,8239035990.0,-0.36,0.0,-2.46,8.63
4336,600745,闻泰科技,32.84,-0.36,-0.12,25677.0,84440779.0,1.0,33.05,32.72,32.91,32.96,2.16,0.21,39.09,1.24,40871968941.0,40871968941.0,-0.09,-0.18,-7.47,-15.32
4337,300774,倍杰特,8.36,-0.36,-0.03,6199.0,5190835.0,1.19,8.44,8.34,8.44,8.39,1.53,0.32,52.44,2.41,3417264198.0,1629200570.0,-0.12,0.0,-1.99,-2.56
4338,600815,厦工股份,2.8,-0.36,-0.01,26546.0,7436190.0,1.42,2.83,2.79,2.82,2.81,1.18,0.15,1160.73,3.26,4967464544.0,4967464544.0,0.0,0.0,-6.35,5.66
4339,603871,嘉友国际,13.85,-0.36,-0.05,19195.0,26538243.0,1.29,13.94,13.76,13.9,13.9,4.17,0.2,12.93,2.31,13533514232.0,13533514232.0,0.14,0.14,-13.92,-28.42
4340,600674,川投能源,16.58,-0.36,-0.06,29509.0,48985531.0,0.72,16.67,16.55,16.58,16.64,1.52,0.06,13.66,1.85,80820981208.0,80820981208.0,0.06,0.0,10.39,-3.88
4341,601998,中信银行,8.2,-0.36,-0.03,96514.0,79420127.0,1.22,8.28,8.18,8.21,8.23,1.44,0.02,5.85,0.65,456290330565.0,334256594153.0,-0.24,-0.24,17.31,17.48
4342,688690,纳微科技,21.86,-0.36,-0.08,9218.0,20124056.0,2.05,22.15,21.7,21.7,21.94,2.25,0.23,75.54,4.93,8827390763.0,8827390763.0,-0.14,0.23,2.29,24.2
4343,601518,吉林高速,2.78,-0.36,-0.01,24291.0,6765103.0,0.72,2.79,2.77,2.78,2.79,2.07,0.13,11.49,0.96,5255737810.0,5255737810.0,-0.36,0.0,6.11,0.0
4344,603079,圣达生物,16.82,-0.36,-0.06,10959.0,18387009.0,1.07,16.88,16.7,16.88,16.88,1.93,0.64,33.16,2.25,2879398274.0,2879398274.0,0.06,0.36,20.75,24.87
4345,002327,富安娜,8.3,-0.36,-0.03,8686.0,7220634.0,0.84,8.34,8.27,8.32,8.33,1.25,0.18,30.98,2.02,6957437974.0,4048289908.0,0.0,0.24,-0.48,-6.11
4346,600350,山东高速,11.16,-0.36,-0.04,33235.0,36997477.0,1.07,11.2,11.08,11.08,11.2,2.97,0.07,16.79,1.79,54164168372.0,54164168372.0,-0.09,0.0,10.71,8.56
4347,600435,北方导航,11.17,-0.36,-0.04,31633.0,35370572.0,0.89,11.24,11.14,11.18,11.21,1.87,0.21,-251.35,6.03,16848886888.0,16848886888.0,0.0,0.0,2.01,14.45
4348,600084,中信尼雅,5.58,-0.36,-0.02,6819.0,3807122.0,1.07,5.62,5.56,5.59,5.6,1.32,0.06,845.48,4.84,6270395711.0,6270395711.0,0.0,0.36,0.9,6.08
4349,000050,深天马Ａ,8.22,-0.36,-0.03,19917.0,16393272.0,1.09,8.28,8.19,8.26,8.25,1.79,0.08,52.39,0.74,20202685773.0,20202447188.0,-0.24,-0.24,-7.85,-8.97
4350,603997,继峰股份,13.55,-0.37,-0.05,9207.0,12441726.0,1.47,13.6,13.4,13.58,13.6,1.3,0.07,41.07,3.55,17155333066.0,17155333066.0,0.07,0.15,24.08,18.34
4351,000538,云南白药,57.01,-0.37,-0.21,12307.0,70236660.0,0.61,57.25,56.9,57.22,57.22,1.99,0.07,13.14,2.63,101720810997.0,101061355917.0,0.07,0.07,6.56,-2.99
4352,000507,珠海港,5.44,-0.37,-0.02,37559.0,20483779.0,0.92,5.49,5.44,5.47,5.46,1.37,0.42,15.99,0.97,5003357829.0,4908687092.0,-0.18,0.0,10.79,6.67
4353,000530,冰山冷热,5.39,-0.37,-0.02,29260.0,15798923.0,0.92,5.43,5.38,5.4,5.41,1.06,0.49,37.74,1.44,4544915413.0,3234208566.0,-0.19,-0.19,-10.32,-10.32
4354,300084,海默科技,7.99,-0.37,-0.03,59041.0,47276528.0,1.37,8.07,7.96,8.05,8.02,1.16,1.71,-54.86,3.16,4076880713.0,2753334696.0,0.0,0.0,36.58,48.51
4355,601975,招商南油,2.72,-0.37,-0.01,85665.0,23310425.0,0.73,2.73,2.71,2.73,2.73,2.04,0.18,11.47,1.18,13061048723.0,13061048723.0,-0.37,0.0,-10.53,-13.1
4356,300248,新开普,13.36,-0.37,-0.05,45714.0,60611695.0,1.86,13.4,13.15,13.3,13.41,2.35,1.12,-46.29,2.99,6364014530.0,5466302236.0,0.3,0.0,14.88,37.87
4357,688372,伟测科技,66.45,-0.37,-0.25,5553.0,36753846.0,1.77,66.83,65.65,66.66,66.7,1.99,0.7,73.17,2.85,7585918378.0,5250686694.0,0.05,0.33,-29.32,13.55
4358,603798,康普顿,10.66,-0.37,-0.04,12465.0,13329400.0,1.21,10.76,10.63,10.7,10.7,0.98,0.49,12.59,2.33,2733753269.0,2733753269.0,0.09,0.19,11.39,21.69
4359,688513,苑东生物,42.88,-0.37,-0.16,14349.0,61250980.0,3.49,43.5,42.0,43.47,43.04,1.89,0.81,31.23,2.74,7569703137.0,7569703137.0,1.32,1.76,41.29,42.32
4360,002017,东信和平,10.63,-0.37,-0.04,38708.0,41239194.7,1.03,10.72,10.61,10.62,10.67,2.26,0.67,32.86,3.44,6169991193.0,6166312926.0,-0.28,-0.28,-3.36,2.51
4361,605179,一鸣食品,21.47,-0.37,-0.08,14044.0,30055735.0,1.21,21.56,21.3,21.5,21.55,0.99,0.35,161.75,7.76,8609470000.0,8609470000.0,-0.19,-0.09,6.45,7.35
4362,600262,北方股份,21.81,-0.37,-0.08,17061.0,37160382.0,1.74,21.99,21.61,21.91,21.89,0.98,1.0,14.61,2.19,3707700000.0,3707700000.0,-0.18,-0.09,15.09,19.12
4363,600596,新安股份,8.0,-0.37,-0.03,21028.0,16844580.0,0.75,8.04,7.98,8.03,8.03,1.15,0.16,81.47,0.87,10796776392.0,10343775264.0,0.0,0.0,-8.47,-8.88
4364,300469,信息发展,29.7,-0.37,-0.11,14725.0,43772300.0,1.74,30.07,29.55,29.81,29.81,1.48,0.59,-92.9,16.77,7372693073.0,7372506854.0,0.03,-0.07,-1.13,26.38
4365,600713,南京医药,5.22,-0.38,-0.02,25431.0,13301309.0,0.95,5.26,5.21,5.25,5.24,2.54,0.2,9.63,0.98,6834681929.0,6717574277.0,0.0,0.0,8.07,5.24
4366,300807,天迈科技,42.0,-0.38,-0.16,6904.0,28855564.0,1.78,42.33,41.58,42.16,42.16,1.06,1.41,-795.92,5.9,2857662654.0,2060231964.0,-0.21,0.17,9.6,38.57
4367,002737,葵花药业,15.85,-0.38,-0.06,13368.0,21197462.0,0.94,15.96,15.81,15.96,15.91,2.67,0.23,40.52,2.09,9256400000.0,9256394056.0,-0.19,0.06,-10.96,-22.65
4368,002481,双塔食品,5.2,-0.38,-0.02,25335.0,13162136.0,0.57,5.21,5.18,5.2,5.22,1.8,0.23,179.5,2.44,6415221800.0,5814393520.0,-0.19,0.0,3.17,-3.88
4369,002479,富春环保,5.19,-0.38,-0.02,39605.0,20545158.19,1.34,5.23,5.16,5.21,5.21,2.02,0.46,11.72,1.1,4489350000.0,4479348060.0,-0.19,0.0,11.85,13.07
4370,300086,康芝药业,5.28,-0.38,-0.02,176348.0,93823609.5,4.15,5.46,5.24,5.45,5.3,8.81,4.0,-61.99,2.13,2403056890.0,2326803716.0,-0.19,0.19,7.98,7.76
4371,603207,小方制药,31.08,-0.38,-0.12,17209.0,53657408.0,2.66,31.71,30.88,31.68,31.2,3.08,4.3,20.85,4.7,4990203774.0,1243200000.0,-0.03,0.48,15.07,10.64
4372,601166,兴业银行,23.62,-0.38,-0.09,114438.0,271679427.0,1.05,23.87,23.62,23.75,23.71,1.67,0.06,5.16,0.62,490689232127.0,490689232127.0,-0.21,-0.34,11.94,23.28
4373,002772,众兴菌业,7.83,-0.38,-0.03,15819.0,12392847.0,1.15,7.89,7.8,7.88,7.86,1.55,0.41,15.97,0.95,3079079841.0,3054758342.0,-0.13,0.26,14.31,10.59
4374,002609,捷顺科技,10.61,-0.38,-0.04,40110.0,42604084.0,1.69,10.73,10.55,10.65,10.65,1.85,0.87,1083.03,2.93,6847235234.0,4874236027.0,-0.09,-0.19,26.31,29.55
4375,001313,粤海饲料,7.83,-0.38,-0.03,9112.0,7098037.0,1.91,7.89,7.74,7.87,7.86,1.99,0.13,-55.55,2.15,5481000000.0,5474209049.0,0.26,0.38,-14.33,-10.41
4376,600750,江中药业,23.46,-0.38,-0.09,8629.0,20247782.0,0.93,23.58,23.36,23.52,23.55,1.78,0.14,12.95,3.56,14753243796.0,14716280079.0,0.21,0.3,6.98,3.35
4377,688389,普门科技,13.12,-0.38,-0.05,10936.0,14338854.0,1.14,13.19,13.04,13.17,13.17,3.48,0.26,26.18,2.83,5621732778.0,5621732778.0,0.0,0.08,-15.41,-10.2
4378,605177,东亚药业,18.15,-0.38,-0.07,3598.0,6525192.0,0.99,18.24,18.06,18.24,18.22,1.52,0.32,-75.24,1.18,2082526934.0,2043393665.0,0.06,0.28,-5.81,-7.87
4379,600031,三一重工,18.35,-0.38,-0.07,76351.0,140138340.0,0.76,18.45,18.31,18.45,18.42,1.83,0.09,15.73,2.16,155515846979.0,155318360609.0,0.05,-0.22,-6.76,11.35
4380,601636,旗滨集团,5.21,-0.38,-0.02,23235.0,12128712.0,0.38,5.23,5.21,5.23,5.23,1.57,0.09,7.44,1.03,13981124023.0,13981124023.0,0.0,-0.19,-10.17,-7.13
4381,300380,安硕信息,44.45,-0.38,-0.17,10658.0,47255034.0,1.48,44.76,44.1,44.1,44.62,1.58,0.84,933.3,16.09,6153615773.0,5661753986.0,-0.22,-0.4,-5.24,-5.89
4382,301518,长华化学,22.84,-0.39,-0.09,10716.0,24392651.85,2.31,23.12,22.59,22.92,22.93,1.33,2.0,42.81,2.23,3201670179.0,1220917408.0,-0.04,0.04,34.99,42.13
4383,002349,精华制药,7.66,-0.39,-0.03,44437.0,34056373.15,1.56,7.74,7.62,7.71,7.69,2.72,0.55,25.54,2.41,6355309795.0,6236625755.0,0.0,0.13,7.13,0.13
4384,001239,永达股份,15.39,-0.39,-0.06,6094.0,9383502.0,1.1,15.52,15.35,15.44,15.45,1.91,0.53,50.59,2.79,3693600000.0,1754460000.0,0.0,0.13,-4.65,4.91
4385,601117,中国化学,7.65,-0.39,-0.03,29524.0,22676821.0,0.65,7.7,7.65,7.68,7.68,1.14,0.05,8.09,0.73,46731749019.0,46432292829.0,-0.39,-0.52,6.1,-7.72
4386,002852,道道全,10.17,-0.39,-0.04,36923.0,37454969.34,1.86,10.27,10.08,10.19,10.21,2.89,1.29,8.51,1.61,3498157662.0,2906776647.0,-0.2,-0.29,21.8,25.09
4387,603669,灵康药业,5.08,-0.39,-0.02,26209.0,13307304.0,2.35,5.16,5.04,5.11,5.1,1.81,0.36,-49.19,5.3,3663923355.0,3663923355.0,0.2,0.2,4.53,-3.24
4388,000516,国际医学,5.13,-0.39,-0.02,44801.0,22948529.6,0.97,5.16,5.11,5.15,5.15,1.99,0.2,-27.02,3.22,11496731756.0,11310912660.0,0.0,0.39,-15.9,-2.84
4389,000550,江铃汽车,20.68,-0.39,-0.08,14113.0,29224896.0,1.83,20.9,20.52,20.78,20.76,1.32,0.27,14.58,1.54,17851265520.0,10721818149.0,-0.1,-0.19,-6.89,-11.81
4390,000031,大悦城,2.58,-0.39,-0.01,18813.0,4878259.0,1.16,2.61,2.58,2.6,2.59,1.67,0.05,-10.73,1.07,11058688415.0,10327448896.0,-0.77,-0.39,-3.73,-15.13
4391,603213,镇洋发展,9.84,-0.4,-0.04,8578.0,8453773.0,1.32,9.94,9.81,9.94,9.88,1.6,0.2,32.34,2.43,4278488629.0,4278488629.0,0.1,0.1,10.31,16.45
4392,002233,塔牌集团,7.54,-0.4,-0.03,18646.0,14061537.0,0.79,7.57,7.51,7.54,7.57,1.11,0.16,13.62,0.77,8989753621.0,8983796644.0,-0.13,-0.13,4.43,4.29
4393,600566,济川药业,27.59,-0.4,-0.11,14288.0,39504353.0,0.97,27.8,27.53,27.75,27.7,2.29,0.16,14.44,1.68,25429817774.0,25265491734.0,-0.04,0.04,0.44,-5.12
4394,603108,润达医疗,17.24,-0.4,-0.07,23157.0,39860873.0,0.92,17.31,17.15,17.31,17.31,1.5,0.38,-37.57,2.45,10406933327.0,10406933327.0,0.0,0.29,-14.99,8.22
4395,301315,威士顿,46.76,-0.4,-0.19,3356.0,15706066.0,2.0,47.09,46.15,46.73,46.95,1.74,0.91,179.26,3.97,4114880000.0,1730120000.0,-0.17,-0.49,-21.75,-31.53
4396,300729,乐歌股份,14.86,-0.4,-0.06,17673.0,26330167.0,1.81,15.09,14.82,14.98,14.92,1.43,0.55,24.49,1.42,5071855470.0,4755418011.0,0.2,-0.34,-5.41,-4.62
4397,688549,中巨芯-U,7.49,-0.4,-0.03,54400.0,41054570.0,2.26,7.64,7.47,7.58,7.52,3.33,0.94,-2336.7,3.65,11064797240.0,4327242558.0,0.13,0.0,-13.61,-12.09
4398,002560,通达股份,7.55,-0.4,-0.03,88904.0,67181199.0,1.98,7.65,7.5,7.54,7.58,1.25,1.96,62.15,1.55,3969326204.0,3419666815.0,-0.13,0.13,14.57,10.7
4399,600643,爱建集团,5.03,-0.4,-0.02,78912.0,39674159.0,1.39,5.07,5.0,5.03,5.05,3.42,0.5,21.59,0.68,8013649013.0,7999469131.0,0.0,0.0,3.93,-2.71
4400,000430,ST张家界,7.5,-0.4,-0.03,9563.0,7192784.0,1.2,7.57,7.48,7.48,7.53,1.13,0.29,-24.29,11.74,3036132645.0,2488041000.0,0.0,-0.27,10.13,20.97
4401,833171,国航远洋,9.94,-0.4,-0.04,69432.0,69064519.06,2.3,10.06,9.83,10.05,9.98,1.59,2.42,-89.45,4.11,5520750083.0,2852168183.0,0.51,0.4,45.75,64.3
4402,000625,长安汽车,12.54,-0.4,-0.05,139922.0,176313573.43,1.27,12.7,12.54,12.66,12.59,1.86,0.17,22.98,1.59,124322639192.0,103589526361.0,-0.08,-0.16,-3.32,-6.14
4403,000910,大亚圣象,7.39,-0.4,-0.03,4436.0,3279140.0,1.21,7.46,7.37,7.45,7.42,1.48,0.08,-14.55,0.61,4045267525.0,4043194630.0,-0.14,-0.14,2.64,-3.78
4404,000099,中信海直,22.01,-0.41,-0.09,22849.0,50427173.92,0.95,22.19,21.98,22.09,22.1,1.57,0.29,46.8,3.21,17074700715.0,17074700715.0,-0.05,-0.05,-15.86,-16.12
4405,688568,中科星图,33.69,-0.41,-0.14,19081.0,64568056.0,2.16,34.2,33.47,33.48,33.83,1.37,0.24,328.18,7.19,27273929377.0,27273929377.0,-0.06,-0.33,-14.75,-1.38
4406,300346,南大光电,31.45,-0.41,-0.13,26447.0,83219221.96,0.63,31.6,31.4,31.58,31.58,1.99,0.4,56.87,6.47,21736884599.0,20648531466.0,-0.16,-0.22,-2.45,-1.93
4407,002282,博深股份,7.3,-0.41,-0.03,14205.0,10329026.3,1.09,7.31,7.23,7.28,7.33,3.07,0.28,16.45,1.1,3845919940.0,3664710507.0,0.0,0.0,-8.06,1.25
4408,000528,柳    工,9.8,-0.41,-0.04,47995.0,47106686.55,0.51,9.84,9.79,9.82,9.84,1.76,0.24,7.53,1.11,19788566132.0,19780713499.0,0.0,-0.31,-23.85,-18.74
4409,601330,绿色动力,7.36,-0.41,-0.03,12674.0,9303127.0,0.81,7.38,7.32,7.37,7.39,1.02,0.13,13.86,1.28,10255813616.0,7279725547.0,0.0,0.27,17.01,12.2
4410,300493,润欣科技,19.31,-0.41,-0.08,42084.0,81459432.0,1.65,19.55,19.23,19.4,19.39,1.12,0.84,194.85,8.84,9897824158.0,9674175738.0,0.16,-0.26,-21.79,-31.35
4411,300040,九洲集团,7.25,-0.41,-0.03,83481.0,60308524.56,1.1,7.27,7.19,7.21,7.28,1.42,1.75,48.04,1.82,4371956792.0,3458207457.0,-0.28,0.42,13.46,0.0
4412,002488,金固股份,14.57,-0.41,-0.06,9432.0,13741416.0,1.09,14.64,14.48,14.58,14.63,0.7,0.1,468.53,4.18,14503547177.0,13405623865.0,0.07,-0.14,6.04,39.56
4413,301602,超研股份,26.51,-0.41,-0.11,13207.0,35000580.0,1.92,26.77,26.26,26.36,26.62,1.73,2.41,72.19,8.78,11355018703.0,1452123690.0,0.08,-0.04,-4.64,295.67
4414,002567,唐人神,4.84,-0.41,-0.02,72525.0,35117798.0,0.62,4.86,4.83,4.86,4.86,2.74,0.51,-22.5,1.2,6935968742.0,6928529565.0,0.21,0.0,-0.41,-5.1
4415,600011,华能国际,7.24,-0.41,-0.03,36219.0,26269911.0,0.69,7.28,7.23,7.25,7.27,0.73,0.03,5.71,1.84,113654195919.0,79623419814.0,-0.14,0.0,6.94,6.94
4416,000564,供销大集,2.43,-0.41,-0.01,535451.0,130098307.9,0.82,2.44,2.42,2.44,2.44,1.13,0.36,-1743.02,2.85,43881093950.0,35757524679.0,0.41,0.0,-18.73,-29.57
4417,600533,栖霞建设,2.37,-0.42,-0.01,26240.0,6247524.0,0.84,2.39,2.37,2.39,2.38,1.28,0.25,206.07,0.77,2488500000.0,2488500000.0,0.0,0.0,4.87,1.28
4418,688246,嘉和美康,28.71,-0.42,-0.12,3248.0,9314509.0,1.6,28.97,28.51,28.65,28.83,1.53,0.32,-56.65,2.57,3950082519.0,2898332982.0,0.14,0.28,-26.82,15.77
4419,600113,浙江东日,14.08,-0.42,-0.06,4787.0,6752148.0,1.2,14.23,14.06,14.23,14.14,1.59,0.12,58.79,2.44,5932842573.0,5792950733.0,0.0,0.07,8.89,2.03
4420,600239,云南城投,2.39,-0.42,-0.01,25386.0,6072425.0,0.83,2.4,2.38,2.4,2.4,1.52,0.16,-26.19,3.0,3837591713.0,3837591713.0,0.0,0.0,-5.16,-10.49
4421,688538,和辉光电-U,2.38,-0.42,-0.01,72613.0,17346409.0,1.26,2.41,2.38,2.4,2.39,1.45,0.13,-16.21,3.46,32920169242.0,13690321026.0,0.0,-0.42,3.93,2.59
4422,601398,工商银行,7.08,-0.42,-0.03,478662.0,339813921.0,0.56,7.12,7.08,7.11,7.11,1.89,0.02,7.5,0.68,2523356300190.0,1908854464776.0,-0.14,-0.28,3.06,4.42
4423,605178,时空科技,18.96,-0.42,-0.08,15360.0,29017214.0,2.94,19.26,18.7,18.88,19.04,1.7,1.55,-13.2,1.45,1881810336.0,1881810336.0,-0.05,0.37,9.53,31.94
4424,002202,金风科技,9.45,-0.42,-0.04,125979.0,120341408.38,2.53,9.68,9.44,9.47,9.49,3.49,0.38,17.57,1.08,39926889264.0,31703097942.0,0.11,-0.11,5.47,-8.52
4425,600540,新赛股份,4.78,-0.42,-0.02,86683.0,41418785.0,1.67,4.83,4.75,4.8,4.8,4.04,1.49,38.19,5.52,2778981869.0,2778981869.0,-0.21,-0.21,20.71,21.32
4426,301302,华如科技,23.66,-0.42,-0.1,16105.0,38215840.0,2.19,24.1,23.58,23.73,23.76,2.52,1.91,-23.17,2.2,3687765900.0,1993118400.0,-0.04,-0.42,-9.28,-1.62
4427,000534,万泽股份,14.3,-0.42,-0.06,10499.0,14989880.0,1.11,14.37,14.21,14.37,14.36,1.81,0.21,24.79,4.83,7208949119.0,7113173081.0,0.28,0.0,-12.48,11.11
4428,600336,澳柯玛,7.02,-0.43,-0.03,28184.0,19759093.0,1.13,7.06,6.98,7.01,7.05,1.37,0.35,33.86,2.26,5602063678.0,5602063678.0,-0.28,0.14,0.14,3.85
4429,000713,丰乐种业,6.99,-0.43,-0.03,21219.0,14821162.4,0.57,7.01,6.97,6.98,7.02,1.7,0.35,-101.32,2.16,4291964710.0,4291964710.0,-0.14,0.0,-3.85,-0.57
4430,600267,海正药业,9.36,-0.43,-0.04,65013.0,60803894.0,1.17,9.42,9.31,9.36,9.4,3.45,0.54,14.44,1.35,11221219115.0,11215048535.0,0.0,0.0,12.64,15.56
4431,000912,泸天化,4.64,-0.43,-0.02,30847.0,14375640.0,1.5,4.7,4.63,4.67,4.66,2.72,0.2,49.39,1.13,7275520000.0,7275520000.0,-0.22,0.0,-0.64,5.94
4432,002098,浔兴股份,9.17,-0.43,-0.04,21759.0,19966012.0,1.63,9.28,9.13,9.19,9.21,1.49,0.61,15.84,2.39,3282860000.0,3282722450.0,0.0,-0.11,7.25,14.77
4433,002807,江阴银行,4.65,-0.43,-0.02,119646.0,56066504.4,1.5,4.72,4.65,4.66,4.67,2.8,0.49,8.0,0.62,11445476469.0,11429466519.0,-0.21,-0.43,16.83,12.05
4434,002007,华兰生物,16.17,-0.43,-0.07,23531.0,38124242.0,0.8,16.29,16.16,16.24,16.24,3.02,0.15,23.59,2.43,29549974289.0,25446775553.0,0.0,0.0,2.28,-4.04
4435,300829,金丹科技,18.72,-0.43,-0.08,6656.0,12447835.4,1.54,18.89,18.6,18.72,18.8,1.29,0.5,23.32,2.04,3602040268.0,2473818142.0,-0.05,0.16,6.3,-0.11
4436,300373,扬杰科技,48.5,-0.43,-0.21,16705.0,80966920.0,0.8,48.71,48.32,48.6,48.71,1.81,0.31,24.14,2.99,26352367670.0,26294171210.0,0.02,-0.14,5.66,12.48
4437,600331,宏达股份,7.0,-0.43,-0.03,49060.0,34252706.0,1.85,7.07,6.94,7.03,7.03,1.88,0.24,-98.98,39.88,14224000000.0,14224000000.0,0.14,0.43,-0.14,-8.14
4438,601366,利群股份,4.68,-0.43,-0.02,7606.0,3560179.0,0.85,4.7,4.66,4.7,4.7,1.63,0.08,209.49,1.06,4277206173.0,4277206173.0,0.0,0.21,-0.85,-7.51
4439,600572,康恩贝,4.58,-0.43,-0.02,74385.0,34148962.0,1.52,4.63,4.56,4.61,4.6,2.38,0.29,15.63,1.69,11838086799.0,11807209112.0,0.0,0.0,4.57,-1.72
4440,603558,健盛集团,9.18,-0.43,-0.04,13069.0,12013002.0,1.08,9.26,9.16,9.2,9.22,2.81,0.37,13.48,1.35,3242221308.0,3242221308.0,-0.11,-0.11,-6.23,-12.24
4441,002278,神开股份,9.28,-0.43,-0.04,168156.0,156528022.22,2.47,9.41,9.18,9.18,9.32,1.83,5.03,45.73,2.95,3377081533.0,3101436515.0,-0.54,-0.54,62.24,74.11
4442,600009,上海机场,32.36,-0.43,-0.14,11966.0,38786194.0,0.62,32.53,32.33,32.49,32.5,2.09,0.06,38.79,1.91,80527256162.0,62089000877.0,0.0,-0.09,0.31,-5.24
4443,301601,惠通科技,32.51,-0.43,-0.14,4002.0,13028092.25,1.35,32.85,32.41,32.65,32.65,1.7,1.34,140.85,3.57,4567004800.0,974393166.0,0.12,0.06,-1.84,175.51
4444,600795,国电电力,4.55,-0.44,-0.02,182076.0,83010966.0,0.44,4.57,4.55,4.56,4.57,1.66,0.1,11.21,1.4,81152066823.0,81152066823.0,-0.22,0.0,9.11,-0.66
4445,001318,阳光乳业,13.68,-0.44,-0.06,20336.0,27807292.0,1.38,13.77,13.58,13.6,13.74,1.14,2.64,43.82,2.71,3866788800.0,1054180800.0,-0.07,-0.44,20.0,20.32
4446,002839,张家港行,4.5,-0.44,-0.02,140660.0,63657012.0,1.11,4.55,4.5,4.52,4.52,3.16,0.58,4.89,0.63,10999552383.0,10993471682.0,-0.22,-0.22,13.07,7.91
4447,603676,卫信康,11.44,-0.44,-0.05,16096.0,18291996.0,2.09,11.49,11.25,11.49,11.49,2.26,0.37,14.72,3.39,4978247560.0,4978247560.0,0.09,0.62,20.8,14.97
4448,601963,重庆银行,11.31,-0.44,-0.05,32817.0,37224615.0,1.32,11.43,11.28,11.39,11.36,1.95,0.17,6.05,0.74,39297509447.0,21255978690.0,-0.18,-0.26,28.67,24.15
4449,600843,上工申贝,11.37,-0.44,-0.05,29997.0,34232903.0,1.49,11.5,11.33,11.43,11.42,1.58,0.64,-80.91,2.74,8108702878.0,5335062440.0,-0.09,-0.26,-18.14,-9.62
4450,300479,神思电子,20.29,-0.44,-0.09,20868.0,42578429.0,2.06,20.67,20.25,20.39,20.38,2.02,1.06,-34.66,7.75,3997959151.0,3995676526.0,-0.34,-0.44,-8.6,11.48
4451,002501,利源股份,2.26,-0.44,-0.01,179269.0,40471775.0,1.76,2.28,2.24,2.27,2.27,1.6,0.5,-95.39,24.54,8023000000.0,8022997754.0,0.89,0.44,11.33,41.25
4452,002183,怡 亚 通,4.49,-0.44,-0.02,52149.0,23432507.0,0.89,4.52,4.48,4.5,4.51,1.49,0.2,131.92,1.26,11660570819.0,11660503469.0,0.0,-0.22,-8.74,0.0
4453,300034,钢研高纳,16.0,-0.44,-0.07,35755.0,57434085.19,1.62,16.19,15.93,16.0,16.07,2.62,0.47,57.9,3.33,12751385008.0,12261984928.0,0.13,-0.06,3.49,2.56
4454,688187,时代电气,43.38,-0.44,-0.19,9739.0,42340952.0,0.99,43.79,43.36,43.79,43.57,3.46,0.35,23.52,1.44,59401956707.0,12116980248.0,-0.12,-0.18,-6.25,-9.47
4455,832023,田野股份,4.49,-0.44,-0.02,61924.0,27802537.86,2.0,4.53,4.44,4.5,4.51,1.52,2.3,80.98,1.23,1469594960.0,1206950300.0,0.0,-0.22,-22.98,0.9
4456,600422,昆药集团,15.68,-0.44,-0.07,44353.0,70035917.0,2.29,15.97,15.61,15.67,15.75,3.97,0.59,32.79,2.22,11869379870.0,11869379870.0,0.0,0.26,-9.57,-1.07
4457,601009,南京银行,11.41,-0.44,-0.05,167311.0,192087079.0,1.22,11.54,11.4,11.46,11.46,1.44,0.15,5.17,0.76,126366229152.0,126366229152.0,-0.26,-0.52,11.97,7.14
4458,600079,人福医药,22.46,-0.44,-0.1,28397.0,63912215.0,1.42,22.68,22.36,22.63,22.56,1.28,0.18,16.96,2.02,36659795174.0,34659795174.0,-0.09,0.18,12.47,-3.93
4459,000524,岭南控股,11.43,-0.44,-0.05,17176.0,19656342.0,0.78,11.5,11.41,11.49,11.48,1.14,0.26,72.04,3.34,7660484264.0,7658101532.0,-0.17,-0.09,15.92,18.08
4460,301209,联合化学,109.8,-0.44,-0.49,2637.0,29161184.0,2.49,112.55,109.8,112.28,110.29,1.25,1.08,132.75,12.02,8784000000.0,2690100000.0,-0.06,-0.12,204.83,305.91
4461,000661,长春高新,102.89,-0.45,-0.46,7582.0,77888465.0,1.19,103.69,102.46,103.69,103.35,1.68,0.19,22.2,1.79,41972692359.0,41117602069.0,0.16,0.23,7.18,3.47
4462,300188,国投智能,13.22,-0.45,-0.06,23133.0,30644750.9,1.13,13.35,13.2,13.2,13.28,2.29,0.27,-22.47,3.36,11362290038.0,11312294378.0,0.0,-0.15,-16.33,-4.13
4463,600545,卓郎智能,2.19,-0.45,-0.01,37738.0,8273928.0,1.36,2.21,2.18,2.2,2.2,1.15,0.21,-10.23,1.26,3915527766.0,3915527766.0,0.0,0.0,-19.78,-8.75
4464,300391,*ST长药,4.47,-0.45,-0.02,15909.0,7067305.0,1.34,4.48,4.42,4.43,4.49,2.28,0.45,-6.44,-3.17,1566002421.0,1566002421.0,0.22,0.22,-23.06,-11.31
4465,002372,伟星新材,11.13,-0.45,-0.05,7347.0,8206314.0,0.63,11.19,11.12,11.17,11.18,1.18,0.05,38.96,4.01,17719382806.0,16370650753.0,-0.45,-0.45,-0.89,-8.32
4466,605098,行动教育,35.43,-0.45,-0.16,1639.0,5812169.0,0.59,35.61,35.4,35.49,35.59,2.7,0.14,37.38,4.69,4225066473.0,4225066473.0,-0.17,-0.14,-10.85,2.73
4467,600764,中国海防,29.07,-0.45,-0.13,13167.0,38304813.0,1.13,29.29,28.96,29.2,29.2,2.12,0.19,165.04,2.53,20657996251.0,20657996251.0,-0.17,-0.55,6.56,2.65
4468,002161,远 望 谷,6.62,-0.45,-0.03,201320.0,131889943.2,2.41,6.64,6.48,6.55,6.65,1.66,2.82,-50.54,3.27,4897193988.0,4723100592.0,0.76,0.76,7.12,18.85
4469,601068,中铝国际,4.43,-0.45,-0.02,48937.0,21622589.0,1.12,4.45,4.4,4.45,4.45,4.11,0.19,50.26,4.64,13227254663.0,11338986655.0,0.0,0.23,2.07,0.45
4470,300854,中兰环保,17.67,-0.45,-0.08,6311.0,11105260.0,1.8,17.8,17.48,17.8,17.75,1.16,0.78,44.65,1.81,1785438645.0,1436586461.0,0.11,0.45,33.46,44.6
4471,603776,永安行,17.88,-0.45,-0.08,8435.0,15048476.0,2.17,18.1,17.71,17.99,17.96,1.57,0.35,-43.67,1.45,4301949116.0,4301949116.0,0.11,0.22,20.0,37.86
4472,600789,鲁抗医药,11.03,-0.45,-0.05,297617.0,327379469.0,2.71,11.2,10.9,11.1,11.08,2.67,3.31,31.53,2.48,9912326041.0,9912326041.0,-0.09,0.36,18.86,15.5
4473,688523,航天环宇,19.68,-0.46,-0.09,14478.0,28811390.0,2.38,20.12,19.65,19.76,19.77,4.91,1.5,201.32,4.88,8007398400.0,1899433640.0,-0.2,-0.35,-2.28,-1.6
4474,600660,福耀玻璃,57.8,-0.46,-0.27,16297.0,94385152.0,1.53,58.47,57.58,58.15,58.07,1.87,0.08,18.58,4.42,150843176150.0,115772609990.0,0.02,-0.09,6.64,-4.62
4475,688396,华润微,47.66,-0.46,-0.22,6133.0,29232268.0,0.77,47.9,47.53,47.88,47.88,2.05,0.05,190.08,2.81,63270051109.0,63270051109.0,-0.02,-0.02,-2.18,1.0
4476,603606,东方电缆,47.51,-0.46,-0.22,5969.0,28514751.0,1.15,48.06,47.51,47.9,47.73,1.15,0.09,29.08,4.68,32673357134.0,32673357134.0,-0.25,-0.23,3.78,-8.81
4477,002818,富森美,13.05,-0.46,-0.06,7958.0,10426267.6,1.91,13.25,13.0,13.08,13.11,3.4,0.27,16.51,1.79,9767389167.0,3893561343.0,-0.23,0.15,4.82,-8.49
4478,688526,科前生物,17.42,-0.46,-0.08,5431.0,9465510.0,1.2,17.55,17.34,17.45,17.5,1.62,0.12,18.76,2.0,8119950736.0,8119950736.0,-0.23,0.17,15.67,21.9
4479,300698,万马科技,38.72,-0.46,-0.18,25277.0,97769160.0,1.83,39.1,38.39,38.9,38.9,1.84,2.13,258.91,10.65,5188480000.0,4590098913.0,-0.03,0.16,-15.24,12.36
4480,688489,三未信安,34.8,-0.46,-0.16,2092.0,7260899.0,2.09,35.17,34.44,35.0,34.96,1.58,0.41,-29.36,2.21,3993942965.0,1758547426.0,-0.26,-0.03,-12.78,1.19
4481,000678,襄阳轴承,15.14,-0.46,-0.07,120941.0,181643956.4,2.3,15.2,14.85,15.14,15.21,1.26,2.63,-127.65,8.91,6958522607.0,6958522607.0,0.4,0.46,70.3,132.57
4482,688293,奥浦迈,43.29,-0.46,-0.2,814.0,3514971.0,1.52,43.56,42.9,43.56,43.49,1.27,0.11,83.78,2.35,4915525561.0,3351048943.0,0.51,0.53,1.26,19.32
4483,600597,光明乳业,8.71,-0.46,-0.04,28156.0,24503009.0,0.91,8.76,8.68,8.73,8.75,1.42,0.2,21.28,1.24,12006506476.0,12006346212.0,-0.11,0.11,6.61,1.99
4484,301556,托普云农,84.67,-0.46,-0.39,1294.0,10981287.0,1.43,85.79,84.57,85.79,85.06,1.85,0.67,351.76,8.02,7220657600.0,1638744076.0,-0.09,-0.09,-12.89,-1.35
4485,605198,安德利,58.71,-0.46,-0.27,3754.0,21920372.0,1.61,58.85,57.9,58.1,58.98,1.89,0.15,58.19,7.33,20031852000.0,14708968560.0,0.19,0.39,72.42,112.95
4486,002886,沃特股份,19.64,-0.46,-0.09,20747.0,40699838.7,0.91,19.73,19.55,19.68,19.73,0.95,0.99,211.44,2.92,5169318017.0,4106295141.0,-0.3,0.15,-4.05,18.46
4487,301301,川宁生物,13.07,-0.46,-0.06,71456.0,92903200.0,1.75,13.14,12.91,13.14,13.13,1.71,1.15,25.28,3.84,29147210950.0,8087942856.0,0.15,0.46,-1.06,10.2
4488,600123,兰花科创,6.45,-0.46,-0.03,17054.0,11006312.0,0.62,6.48,6.44,6.47,6.48,1.75,0.12,71.18,0.59,9502398135.0,9502398135.0,-0.15,0.0,-14.34,-24.65
4489,000518,*ST四环,2.18,-0.46,-0.01,52529.0,11468457.48,1.83,2.21,2.17,2.19,2.19,3.35,0.51,-35.26,6.31,2244432564.0,2244387811.0,0.46,0.0,0.93,-13.83
4490,002603,以岭药业,14.83,-0.47,-0.07,39295.0,58201396.98,1.07,14.91,14.75,14.91,14.9,2.41,0.29,19.0,2.35,24776560726.0,20418670507.0,0.14,0.27,5.93,-7.37
4491,600129,太极集团,21.28,-0.47,-0.1,14628.0,31110661.0,1.31,21.4,21.12,21.4,21.38,1.59,0.26,39.74,3.32,11850635032.0,11850635032.0,0.05,0.14,-4.14,-13.92
4492,002151,北斗星通,27.55,-0.47,-0.13,23509.0,65111828.0,1.66,27.98,27.52,27.54,27.68,2.14,0.53,-126.24,2.95,14958522957.0,12167326142.0,0.04,-0.11,2.11,3.81
4493,605300,佳禾食品,14.84,-0.47,-0.07,15589.0,23026662.0,1.48,14.9,14.68,14.75,14.91,1.21,0.39,431.56,2.35,6743275179.0,5936148400.0,0.07,-0.13,2.7,10.42
4494,601169,北京银行,6.42,-0.47,-0.03,259227.0,167362272.0,1.4,6.5,6.41,6.45,6.45,3.17,0.12,4.42,0.5,135737959026.0,135737959026.0,-0.16,-0.62,7.36,6.47
4495,001390,C古麒,25.53,-0.47,-0.12,43281.0,110214509.45,3.12,25.89,25.09,25.6,25.65,1.32,8.83,33.5,3.43,5106000000.0,1250940564.0,-1.05,-1.01,111.34,111.34
4496,000011,深物业A,8.54,-0.47,-0.04,6200.0,5295653.0,1.05,8.61,8.52,8.58,8.58,1.52,0.12,254.19,1.51,5089661446.0,4496101137.0,-0.12,0.0,4.27,-2.29
4497,601568,北元集团,4.2,-0.47,-0.02,15518.0,6539090.0,0.95,4.24,4.2,4.24,4.22,1.26,0.04,47.51,1.42,16683333341.0,16683333341.0,0.0,0.0,3.19,0.0
4498,002616,长青集团,6.19,-0.48,-0.03,39644.0,24544406.0,1.93,6.28,6.16,6.25,6.22,0.99,0.84,14.17,1.65,4593126913.0,2911080454.0,0.0,-0.16,6.54,29.5
4499,601236,红塔证券,8.26,-0.48,-0.04,133940.0,111008049.0,1.69,8.36,8.22,8.22,8.3,2.6,0.28,32.95,1.6,38960666749.0,38960666749.0,-0.12,-0.36,6.17,-1.55
4500,600313,农发种业,6.24,-0.48,-0.03,34747.0,21664212.0,0.8,6.27,6.22,6.25,6.27,2.57,0.32,32.7,3.44,6752919657.0,6752919657.0,0.0,0.0,-6.45,-7.56
4501,600283,钱江水利,10.26,-0.48,-0.05,15424.0,15805013.0,0.78,10.3,10.22,10.28,10.31,1.32,0.31,26.71,1.85,5754063453.0,5070431066.0,0.1,0.1,2.91,10.56
4502,301212,联盛化学,27.07,-0.48,-0.13,2520.0,6805682.0,1.8,27.3,26.81,27.2,27.2,1.08,0.27,65.4,2.16,2923560000.0,2537812500.0,0.07,0.11,19.15,30.96
4503,002570,贝因美,6.28,-0.48,-0.03,247457.0,154571462.0,1.27,6.3,6.22,6.25,6.31,1.19,2.29,39.62,4.2,6782672131.0,6782370691.0,0.0,-0.32,35.34,49.17
4504,600230,沧州大化,10.32,-0.48,-0.05,8946.0,9202348.0,1.25,10.38,10.25,10.38,10.37,1.11,0.22,131.56,1.07,4272077675.0,4272077675.0,0.19,0.19,-1.05,-3.73
4505,002581,未名医药,8.28,-0.48,-0.04,22670.0,18684464.0,1.68,8.33,8.19,8.28,8.32,1.95,0.57,-37.06,2.89,5462610652.0,3318550813.0,0.24,0.61,-17.86,-22.18
4506,601997,贵阳银行,6.2,-0.48,-0.03,172476.0,107619054.0,1.28,6.28,6.2,6.24,6.23,2.94,0.47,3.93,0.37,22668428071.0,22668428071.0,-0.32,-0.48,6.53,3.33
4507,688789,宏华数科,72.73,-0.48,-0.35,6543.0,47148804.0,2.87,73.14,71.04,72.02,73.08,4.77,0.36,30.12,3.99,13051495376.0,13051495376.0,0.17,0.28,-3.67,9.57
4508,301246,宏源药业,14.45,-0.48,-0.07,14442.0,20831452.7,1.1,14.54,14.38,14.45,14.52,1.63,0.9,162.62,1.33,5780098260.0,2325678370.0,0.21,0.35,2.41,6.8
4509,300435,中泰股份,14.56,-0.48,-0.07,43174.0,63015916.0,2.12,14.78,14.47,14.64,14.63,4.02,1.17,14.01,1.87,5615981280.0,5369941013.0,0.07,0.0,20.83,22.56
4510,000850,华茂股份,4.17,-0.48,-0.02,19794.0,8272518.0,0.72,4.2,4.17,4.19,4.19,1.41,0.21,-24.1,0.89,3935083088.0,3933964985.0,0.0,-0.24,-3.47,0.97
4511,002995,天地在线,18.57,-0.48,-0.09,17592.0,32816680.0,1.45,18.82,18.55,18.75,18.66,2.04,1.56,-46.82,3.6,3295329694.0,2087587553.0,-0.05,-0.32,-9.94,-15.24
4512,601127,赛力斯,133.95,-0.48,-0.65,34705.0,466009995.0,0.99,135.1,133.77,134.66,134.6,1.52,0.23,73.14,10.16,218789387220.0,202235324752.0,-0.04,-0.29,6.62,1.16
4513,002683,广东宏大,30.84,-0.48,-0.15,4845.0,14977517.0,0.9,31.09,30.81,30.87,30.99,0.83,0.07,62.66,3.74,23438469297.0,20082371586.0,0.03,-0.03,8.67,18.48
4514,000900,现代投资,4.14,-0.48,-0.02,40857.0,16947808.0,1.44,4.19,4.13,4.13,4.16,2.58,0.27,8.91,0.58,6283809303.0,6283529853.0,0.0,0.24,4.02,-2.82
4515,002004,华邦健康,4.19,-0.48,-0.02,40000.0,16770821.0,0.95,4.21,4.17,4.19,4.21,1.74,0.21,11.25,0.87,8295861410.0,7886539527.0,-0.24,0.0,9.11,-7.3
4516,002717,ST岭南,2.07,-0.48,-0.01,555650.0,115389296.01,5.77,2.13,2.01,2.09,2.08,3.39,3.47,-14.19,3.77,3767883465.0,3313567156.0,0.0,-0.96,-44.05,-35.91
4517,600968,海油发展,4.1,-0.49,-0.02,77507.0,32099718.0,1.94,4.18,4.1,4.13,4.12,1.85,0.08,17.54,1.5,41676927216.0,41676927216.0,-0.49,-0.73,9.04,-3.98
4518,301607,富特科技,48.46,-0.49,-0.24,3462.0,16745457.69,1.87,48.92,48.01,48.7,48.7,1.26,1.47,68.39,5.28,5379766111.0,1143200331.0,-0.08,-0.08,16.46,27.76
4519,000788,北大医药,6.07,-0.49,-0.03,44239.0,26821309.0,1.64,6.11,6.01,6.07,6.1,3.96,0.74,19.82,2.32,3617643670.0,3617643670.0,0.17,0.17,4.66,1.17
4520,301206,三元生物,30.28,-0.49,-0.15,10716.0,32315671.5,1.35,30.43,30.02,30.41,30.43,1.71,1.0,61.48,1.43,6126422196.0,3258467136.0,0.33,0.56,18.14,16.64
4521,600285,羚锐制药,24.58,-0.49,-0.12,15143.0,37298579.0,1.38,24.84,24.5,24.69,24.7,2.32,0.27,16.07,4.21,13939698646.0,13908973646.0,-0.12,0.04,18.69,10.92
4522,301508,中机认检,32.67,-0.49,-0.16,4306.0,14077555.0,0.82,32.85,32.58,32.8,32.83,1.59,0.73,60.26,3.75,7386203484.0,1922185188.0,0.25,0.15,-8.41,-3.91
4523,601919,中远海控,16.14,-0.49,-0.08,135669.0,219529470.0,1.05,16.3,16.13,16.3,16.22,1.46,0.11,5.34,1.02,250003865379.0,203523578649.0,-0.12,-0.19,17.81,4.13
4524,301009,可靠股份,16.15,-0.49,-0.08,76586.0,122440439.0,3.82,16.39,15.77,15.9,16.23,2.6,5.87,59.05,3.25,4390539000.0,2108506968.0,0.5,1.32,32.38,51.08
4525,301507,民生健康,14.3,-0.49,-0.07,17839.0,25411029.0,2.09,14.45,14.15,14.37,14.37,1.29,1.61,20.33,3.17,5098726919.0,1580605569.0,0.14,0.35,7.6,12.69
4526,002572,索菲亚,14.0,-0.5,-0.07,20205.0,28322620.0,0.92,14.12,13.99,14.07,14.07,1.74,0.31,278.54,2.07,13482660296.0,9120469680.0,0.0,-0.21,-11.05,-13.47
4527,000790,华神科技,3.95,-0.5,-0.02,76085.0,29953141.1,2.02,3.98,3.9,3.97,3.97,2.61,1.22,-42.21,2.44,2463691488.0,2459695075.0,0.0,0.25,6.76,1.28
4528,688301,奕瑞科技,128.6,-0.5,-0.65,1306.0,16838417.0,1.28,129.94,128.29,129.54,129.25,0.74,0.09,32.14,4.06,18397878395.0,18397878395.0,0.03,0.09,16.96,34.56
4529,688636,智明达,41.96,-0.5,-0.21,3944.0,16613000.0,2.99,42.8,41.54,41.56,42.17,2.16,0.35,141.96,4.3,4723081547.0,4720567723.0,0.07,0.12,14.02,49.32
4530,002085,万丰奥威,15.97,-0.5,-0.08,64952.0,103820442.94,0.81,16.07,15.94,16.0,16.05,1.42,0.31,30.82,4.65,33909061394.0,33909061394.0,0.0,-0.06,-23.33,-15.73
4531,601128,常熟银行,7.96,-0.5,-0.04,93458.0,74748028.0,1.0,8.03,7.95,8.0,8.0,1.74,0.31,5.54,0.85,23999292174.0,23999292174.0,-0.25,-0.38,14.2,5.15
4532,600859,王府井,13.93,-0.5,-0.07,43504.0,60645953.0,0.64,13.99,13.9,13.98,14.0,2.21,0.39,70.35,0.8,15656364736.0,15654924932.0,-0.14,0.07,-0.14,-9.6
4533,002515,金字火腿,5.92,-0.5,-0.03,105385.0,62605551.0,1.85,6.0,5.89,5.94,5.95,2.54,0.91,73.62,2.74,7166835851.0,6872958343.0,-0.17,-0.34,17.0,31.56
4534,600928,西安银行,3.88,-0.51,-0.02,121770.0,47516914.0,2.05,3.94,3.86,3.9,3.9,4.09,0.28,6.05,0.51,17244444447.0,17162613776.0,-0.51,-1.02,11.17,7.48
4535,002343,慈文传媒,7.73,-0.51,-0.04,105055.0,81578625.0,2.83,7.87,7.65,7.78,7.77,1.97,2.21,452.81,3.67,3671361073.0,3671361073.0,-0.26,-0.26,5.6,24.68
4536,600470,六国化工,5.91,-0.51,-0.03,37631.0,22155578.0,1.01,5.93,5.87,5.93,5.94,1.12,0.72,-11.55,1.75,3082656000.0,3082656000.0,0.51,0.34,0.85,8.24
4537,601528,瑞丰银行,5.81,-0.51,-0.03,115913.0,67586169.0,1.88,5.9,5.79,5.81,5.84,4.66,0.68,6.72,0.62,11400157705.0,9908619223.0,0.0,0.0,14.6,7.0
4538,601928,凤凰传媒,11.78,-0.51,-0.06,19701.0,23303949.0,1.69,11.96,11.76,11.85,11.84,2.07,0.08,14.79,1.49,29978922000.0,29978922000.0,-0.08,0.08,12.84,2.08
4539,000761,本钢板材,3.87,-0.51,-0.02,41637.0,16084433.0,1.29,3.89,3.84,3.87,3.89,1.94,0.11,-5.19,1.56,15898857654.0,14350857654.0,0.0,0.0,-3.25,20.94
4540,601811,新华文轩,15.54,-0.51,-0.08,12971.0,20379782.0,2.24,15.89,15.54,15.59,15.62,3.25,0.16,18.45,1.29,19173889140.0,12306186606.0,-0.26,-0.19,11.24,-1.96
4541,600038,中直股份,37.1,-0.51,-0.19,11101.0,41202738.0,0.86,37.35,37.03,37.17,37.29,1.91,0.17,37.65,1.79,30418038202.0,24817496699.0,0.03,-0.03,0.92,-3.28
4542,600082,海泰发展,3.92,-0.51,-0.02,48051.0,18723265.0,1.78,3.93,3.86,3.91,3.94,1.36,0.76,-46.18,1.44,2532774038.0,2486594815.0,-0.25,0.0,27.69,43.07
4543,600125,铁龙物流,5.78,-0.52,-0.03,25553.0,14824420.0,1.03,5.84,5.78,5.82,5.81,2.82,0.2,9.32,1.01,7545916432.0,7545916432.0,-0.17,-0.34,4.14,-2.53
4544,301020,密封科技,21.12,-0.52,-0.11,6706.0,14185485.0,1.51,21.35,21.03,21.24,21.23,2.55,0.46,28.83,3.29,3091968000.0,3091968000.0,-0.05,-0.09,7.92,13.61
4545,300533,冰川网络,26.95,-0.52,-0.14,81320.0,220234881.44,3.58,27.53,26.56,26.76,27.09,2.85,4.93,8.37,4.34,6318750092.0,4446199304.0,0.0,-0.3,12.9,36.39
4546,301333,诺思格,51.48,-0.52,-0.27,18890.0,96149610.0,2.05,51.56,50.5,51.56,51.75,2.97,3.31,47.67,2.67,4972003059.0,2941789285.0,0.8,1.3,-1.7,2.98
4547,603168,莎普爱思,7.6,-0.52,-0.04,22256.0,16909055.0,1.44,7.67,7.56,7.64,7.64,2.44,0.69,80.69,1.79,2857030038.0,2451702992.0,-0.13,0.26,13.1,13.43
4548,002214,*ST大立,9.57,-0.52,-0.05,10671.0,10242803.2,1.14,9.68,9.57,9.68,9.62,2.77,0.22,-22.0,3.9,5734707038.0,4584210883.0,-0.1,-0.31,-10.98,-14.17
4549,688152,麒麟信安,53.7,-0.52,-0.28,1567.0,8418014.0,1.13,54.14,53.53,54.14,53.98,2.04,0.5,-77.27,3.42,4228264914.0,1667848914.0,0.0,0.11,-20.81,3.19
4550,688278,特宝生物,74.67,-0.52,-0.39,7144.0,53414471.0,1.83,75.47,74.1,74.9,75.06,1.83,0.18,41.7,12.16,30375756000.0,30375756000.0,-0.08,0.27,-5.71,2.64
4551,300106,西部牧业,11.48,-0.52,-0.06,29474.0,33707159.0,1.56,11.54,11.36,11.43,11.54,0.98,1.39,-61.81,5.88,2426094919.0,2426094919.0,-0.17,-0.35,25.05,30.75
4552,300685,艾德生物,20.95,-0.52,-0.11,20174.0,42314257.0,1.47,21.17,20.86,21.05,21.06,2.1,0.52,22.67,4.55,8202682217.0,8162064755.0,0.14,0.29,-9.31,-6.89
4553,603301,振德医疗,20.82,-0.53,-0.11,5509.0,11479260.0,1.1,21.0,20.77,20.98,20.93,2.39,0.21,27.07,0.97,5547514026.0,5547514026.0,0.0,-0.29,-1.42,-5.32
4554,688281,华秦科技,54.2,-0.53,-0.29,3269.0,17724234.0,1.49,54.73,53.92,53.97,54.49,2.22,0.19,58.95,3.27,14773330585.0,9233331785.0,-0.04,-0.42,-12.28,-17.93
4555,001217,华尔泰,11.16,-0.53,-0.06,27550.0,30795811.0,1.87,11.33,11.12,11.14,11.22,3.01,0.84,54.36,1.65,3703669200.0,3666982341.0,-0.09,-0.09,-0.89,-20.46
4556,600758,辽宁能源,3.72,-0.53,-0.02,24613.0,9176843.0,0.8,3.75,3.72,3.74,3.74,1.17,0.19,13.03,0.87,4917904706.0,4913165426.0,0.0,0.0,3.33,8.14
4557,600871,石化油服,1.89,-0.53,-0.01,113191.0,21503979.0,1.05,1.91,1.89,1.9,1.9,2.06,0.08,41.07,3.97,35871088742.0,25646125461.0,0.0,-0.53,1.07,-7.35
4558,601515,东峰集团,3.75,-0.53,-0.02,45754.0,17181345.0,1.59,3.79,3.73,3.78,3.77,1.65,0.24,-178.4,1.36,7029082234.0,7029082234.0,0.0,0.27,20.19,-5.78
4559,600800,渤海化学,3.77,-0.53,-0.02,72739.0,27286622.0,2.37,3.8,3.71,3.79,3.79,0.87,0.66,-6.19,2.62,4184870464.0,4183682914.0,0.53,0.53,25.25,24.01
4560,000999,华润三九,42.87,-0.53,-0.23,16652.0,71464343.4,0.97,43.19,42.77,43.19,43.1,2.02,0.13,10.84,2.65,55057884626.0,54809425068.0,0.14,0.0,2.71,-3.32
4561,688075,安旭生物,37.86,-0.53,-0.2,936.0,3554102.0,1.5,38.39,37.82,38.19,38.06,1.64,0.07,35.35,0.92,4811354997.0,4811354997.0,0.05,0.08,-8.42,2.66
4562,002293,罗莱生活,9.35,-0.53,-0.05,16792.0,15659835.0,2.13,9.42,9.22,9.36,9.4,1.91,0.2,17.25,1.96,7798764697.0,7728785445.0,-0.21,-0.53,32.06,26.35
4563,002297,博云新材,7.37,-0.54,-0.04,48929.0,36152783.0,1.48,7.46,7.35,7.38,7.41,1.65,0.85,1074.44,2.06,4223782516.0,4223782516.0,0.0,-0.14,8.86,7.12
4564,300416,苏试试验,14.74,-0.54,-0.08,16578.0,24507799.88,2.23,15.0,14.67,14.99,14.82,1.56,0.33,45.81,2.8,7495994660.0,7445814365.0,0.07,-0.14,18.58,25.34
4565,000921,海信家电,27.75,-0.54,-0.15,11084.0,30836455.0,0.93,27.96,27.7,27.79,27.9,1.39,0.12,8.53,2.32,38450866339.0,25303319324.0,0.04,-0.18,-1.39,-3.98
4566,603363,傲农生物,3.7,-0.54,-0.02,50080.0,18565302.0,0.81,3.73,3.7,3.72,3.72,1.96,0.31,11.03,3.29,9630958756.0,5912458756.0,0.0,0.0,16.72,4.52
4567,300529,健帆生物,21.9,-0.54,-0.12,8534.0,18721165.7,0.95,22.09,21.88,22.09,22.02,1.42,0.17,23.16,6.26,17489455523.0,11223031680.0,-0.05,0.05,-11.23,-23.32
4568,600936,广西广电,3.71,-0.54,-0.02,50512.0,18767750.0,1.61,3.75,3.69,3.73,3.73,1.04,0.3,-7.82,13.67,6199507347.0,6199507347.0,0.0,0.0,12.08,28.82
4569,300910,瑞丰新材,60.51,-0.54,-0.33,4056.0,24602359.0,1.58,61.23,60.27,60.6,60.84,1.47,0.2,22.97,5.45,17907043672.0,12563615663.0,-0.1,0.02,19.58,30.38
4570,002391,长青股份,5.57,-0.54,-0.03,20088.0,11181032.0,1.61,5.62,5.53,5.62,5.6,0.69,0.43,54.2,0.86,3618230504.0,2585152917.0,0.0,0.18,10.52,11.18
4571,603599,广信股份,11.14,-0.54,-0.06,41943.0,46689183.0,0.98,11.21,11.1,11.2,11.2,0.96,0.46,15.75,1.03,10140400503.0,10140400503.0,0.09,0.36,-1.33,-7.55
4572,600648,外高桥,11.09,-0.54,-0.06,8504.0,9438429.0,0.81,11.16,11.07,11.13,11.15,3.02,0.09,92.52,0.97,15081426498.0,10366839110.0,0.0,0.0,-5.46,-6.88
4573,301029,怡合达,22.07,-0.54,-0.12,17422.0,38333069.0,1.53,22.19,21.85,22.16,22.19,1.41,0.38,28.73,3.31,13996853854.0,10193758185.0,-0.05,-0.05,-26.9,-10.72
4574,603758,秦安股份,12.95,-0.54,-0.07,31123.0,40416637.0,3.0,13.19,12.8,13.14,13.02,3.45,0.71,43.32,2.34,5682421785.0,5682421785.0,-0.15,0.7,1.57,62.48
4575,835174,五新隧装,40.31,-0.54,-0.22,10073.0,40491288.33,1.06,40.46,40.03,40.45,40.53,1.19,1.16,27.87,4.55,3628251423.0,3496963607.0,0.27,0.02,16.87,39.53
4576,000796,凯撒旅业,3.68,-0.54,-0.02,31223.0,11509735.0,0.81,3.71,3.68,3.71,3.7,1.35,0.23,-324.88,6.84,5901943211.0,4897221861.0,0.0,-0.27,-4.91,-9.14
4577,300078,思创医惠,3.67,-0.54,-0.02,110788.0,40607885.0,1.9,3.71,3.64,3.71,3.69,1.85,1.0,-52.44,7.39,4102591084.0,4086057433.0,0.0,0.0,-18.98,20.72
4578,600081,东风科技,14.45,-0.55,-0.08,49004.0,70248227.0,2.89,14.6,14.18,14.53,14.53,1.36,0.89,55.68,1.73,7991228157.0,7991228157.0,0.14,0.56,19.82,40.98
4579,002453,华软科技,5.44,-0.55,-0.03,19690.0,10721247.0,1.83,5.52,5.42,5.45,5.47,1.31,0.32,-48.62,4.33,4419277165.0,3333431460.0,0.0,0.18,-3.89,7.72
4580,603237,五芳斋,18.12,-0.55,-0.1,12061.0,21817500.0,1.15,18.22,18.01,18.2,18.22,0.99,0.99,-19.86,2.28,3592716309.0,2208386633.0,-0.17,0.0,1.29,-1.52
4581,300284,苏交科,9.02,-0.55,-0.05,34710.0,31375449.0,1.21,9.11,9.0,9.03,9.07,1.32,0.29,66.05,1.36,11390706521.0,10773918110.0,-0.11,-0.33,-18.22,-10.52
4582,601018,宁波港,3.59,-0.55,-0.02,58270.0,20957069.0,0.55,3.61,3.59,3.61,3.61,1.44,0.04,14.86,0.9,69841254352.0,56748628358.0,-0.28,0.0,4.06,-4.01
4583,300961,深水海纳,18.19,-0.55,-0.1,62067.0,113150868.75,3.99,18.59,17.86,18.05,18.29,2.52,4.09,78.96,4.2,3224723200.0,2762900619.0,0.22,-0.05,54.55,81.0
4584,002382,蓝帆医疗,5.45,-0.55,-0.03,28002.0,15238957.56,0.91,5.47,5.42,5.46,5.48,2.55,0.28,17.82,0.68,5488853802.0,5448350083.0,0.0,0.37,3.81,6.24
4585,600623,华谊集团,7.18,-0.55,-0.04,12841.0,9238410.0,0.42,7.21,7.18,7.19,7.22,1.2,0.07,26.9,0.67,15303808114.0,13439825388.0,-0.14,-0.28,9.45,2.57
4586,300079,数码视讯,5.4,-0.55,-0.03,104408.0,56284173.0,1.47,5.43,5.35,5.42,5.43,2.46,0.81,248.13,1.82,7700551535.0,6919990142.0,0.19,0.0,-5.76,-0.18
4587,601658,邮储银行,5.38,-0.55,-0.03,301003.0,162764746.0,0.92,5.43,5.38,5.41,5.41,2.19,0.04,5.28,0.64,533486589084.0,361118486176.0,-0.19,-0.55,2.87,-0.74
4588,002110,三钢闽光,3.59,-0.55,-0.02,39948.0,14382809.6,0.83,3.62,3.59,3.61,3.61,2.82,0.16,28.88,0.45,8720383655.0,8720383655.0,0.0,0.0,-15.73,8.13
4589,301211,亨迪药业,18.02,-0.55,-0.1,23396.0,41937404.4,3.31,18.4,17.8,18.2,18.12,2.72,3.25,125.65,2.31,5189760000.0,1297440000.0,0.84,0.9,3.62,-14.23
4590,002440,闰土股份,7.27,-0.55,-0.04,18715.0,13601367.0,1.23,7.33,7.24,7.32,7.31,1.48,0.2,42.74,0.87,8171479309.0,6880033042.0,0.14,-0.14,6.13,8.35
4591,600897,厦门空港,14.54,-0.55,-0.08,8576.0,12503908.0,1.23,14.68,14.5,14.59,14.62,3.87,0.21,12.01,1.32,6062220360.0,6062220360.0,0.07,-0.07,2.18,-4.53
4592,600818,中路股份,10.78,-0.55,-0.06,9639.0,10406301.0,1.29,10.89,10.75,10.85,10.84,2.95,0.41,-267.96,5.91,3465208470.0,2565186270.0,0.0,0.09,0.19,-6.75
4593,300869,康泰医学,14.39,-0.55,-0.08,10149.0,14593684.38,1.66,14.55,14.31,14.46,14.47,2.38,0.4,87.95,3.32,5781944839.0,3645864704.0,0.21,0.28,3.38,5.11
4594,300862,蓝盾光电,27.09,-0.55,-0.15,12307.0,33061713.6,1.87,27.13,26.62,26.91,27.24,2.08,0.81,-536.82,2.5,5001298965.0,4103349580.0,0.18,0.3,-6.33,-0.29
4595,600567,山鹰国际,1.82,-0.55,-0.01,185262.0,33928743.0,1.64,1.85,1.82,1.83,1.83,1.71,0.34,75.86,0.67,9957821625.0,9957821625.0,-1.09,-0.55,7.69,-7.14
4596,002005,ST德豪,1.79,-0.56,-0.01,13561.0,2429775.0,1.11,1.8,1.78,1.8,1.8,1.19,0.08,949.91,16.09,3136840496.0,3136067753.0,-0.56,0.0,0.56,7.19
4597,831641,格利尔,17.71,-0.56,-0.1,3700.0,6527394.98,2.3,17.95,17.54,17.6,17.81,1.22,0.83,86.33,3.88,1369248650.0,790881580.0,0.17,0.17,6.11,45.28
4598,300976,达瑞电子,62.24,-0.56,-0.35,3274.0,20318843.0,1.92,62.92,61.72,62.59,62.59,1.28,0.54,25.94,1.76,5936270704.0,3806553774.0,-0.02,0.05,-11.1,-8.08
4599,000739,普洛药业,14.31,-0.56,-0.08,45843.0,65624468.0,1.39,14.44,14.24,14.42,14.39,3.28,0.39,16.83,2.54,16733020373.0,16726793076.0,0.07,0.35,-15.82,-10.06
4600,002038,双鹭药业,7.11,-0.56,-0.04,99464.0,71121817.0,2.94,7.3,7.09,7.16,7.15,5.78,1.17,39.73,1.3,7304458500.0,6054438515.0,0.0,0.14,4.25,-4.82
4601,000089,深圳机场,7.12,-0.56,-0.04,15955.0,11381100.0,0.98,7.18,7.11,7.16,7.16,1.24,0.08,22.41,1.27,14601478904.0,14601285909.0,0.0,0.0,5.79,3.34
4602,301297,富乐德,42.9,-0.56,-0.24,14609.0,62717087.0,1.69,43.41,42.68,43.14,43.14,0.93,1.06,125.6,9.33,14516931000.0,5936931000.0,-0.09,0.02,2.93,0.94
4603,603353,和顺石油,15.88,-0.56,-0.09,14597.0,23250250.0,1.82,16.11,15.82,15.9,15.97,3.87,0.86,54.68,1.68,2753496720.0,2706237840.0,-0.31,0.13,11.6,-0.44
4604,000753,漳州发展,5.21,-0.57,-0.03,70521.0,36920272.88,1.53,5.28,5.2,5.22,5.24,2.13,0.71,75.39,1.89,5165616380.0,5165616380.0,-0.19,0.0,22.3,21.16
4605,301428,世纪恒通,36.89,-0.57,-0.21,9413.0,34751337.0,2.67,37.62,36.63,37.54,37.1,1.68,1.54,59.0,2.94,3639813346.0,2257545046.0,0.08,0.03,-17.8,-4.8
4606,688596,正帆科技,34.66,-0.57,-0.2,6193.0,21501316.0,0.95,34.95,34.62,34.92,34.86,3.36,0.21,73.53,2.81,10124784578.0,10124784578.0,-0.12,-0.26,-11.06,-2.5
4607,605377,DR华旺科,8.73,-0.57,-0.05,13901.0,12172064.0,1.48,8.85,8.72,8.78,8.78,3.66,0.25,15.06,1.27,4859731440.0,4859731440.0,-0.11,-0.11,-10.64,-18.79
4608,601188,龙江交通,3.48,-0.57,-0.02,28903.0,10060184.0,0.86,3.5,3.47,3.49,3.5,1.71,0.22,18.18,0.98,4579257427.0,4579257427.0,0.0,0.0,6.1,-3.33
4609,688486,龙迅股份,62.93,-0.57,-0.36,2191.0,13783792.0,1.58,63.5,62.5,63.29,63.29,1.47,0.3,73.23,6.0,8351095758.0,4641629516.0,-0.19,-0.43,-30.05,5.57
4610,601838,成都银行,19.2,-0.57,-0.11,43483.0,83997446.0,1.4,19.46,19.19,19.35,19.31,2.07,0.1,6.75,0.98,81377958835.0,81236317402.0,-0.26,-0.36,15.59,12.22
4611,301281,科源制药,33.02,-0.57,-0.19,11850.0,39162974.0,2.5,33.59,32.76,33.54,33.21,2.2,1.72,38.72,2.63,3575735800.0,2273493040.0,0.21,0.36,-3.48,11.14
4612,601003,柳钢股份,3.48,-0.57,-0.02,25542.0,8961456.0,1.43,3.53,3.48,3.51,3.5,2.03,0.1,8.56,1.03,8918520336.0,8918520336.0,0.0,0.0,9.43,26.09
4613,688510,航亚科技,19.2,-0.57,-0.11,14209.0,27376192.0,1.81,19.45,19.1,19.22,19.31,1.4,0.55,40.43,4.4,4960946074.0,4960946074.0,-0.21,-0.26,9.34,11.5
4614,603169,兰石重装,8.66,-0.57,-0.05,508290.0,446169793.0,4.02,8.94,8.59,8.76,8.71,3.37,3.89,194.43,3.41,11312486971.0,11312486971.0,-0.8,-1.03,56.6,58.9
4615,600280,中央商场,3.48,-0.57,-0.02,90030.0,31323022.0,1.71,3.52,3.46,3.47,3.5,3.96,0.8,521.36,5.85,3926605062.0,3926605062.0,0.0,0.0,-6.7,-15.33
4616,000639,西王食品,3.47,-0.57,-0.02,494491.0,173314467.0,4.3,3.57,3.42,3.47,3.49,2.77,4.58,124.59,1.28,3745615490.0,3745609077.0,0.0,0.0,11.58,-3.61
4617,301260,格力博,20.85,-0.57,-0.12,46259.0,95546209.36,2.53,20.98,20.45,20.82,20.97,1.4,2.26,14.14,2.13,10059229993.0,4262485805.0,-0.24,1.16,42.03,57.36
4618,301293,三博脑科,44.9,-0.58,-0.26,23845.0,106455088.3,1.53,45.0,44.31,44.76,45.16,2.41,1.48,60.35,3.96,9248815716.0,7226461571.0,0.2,-0.18,-9.66,3.74
4619,688130,晶华微,25.78,-0.58,-0.15,2876.0,7392912.0,1.66,25.95,25.52,25.93,25.93,2.56,0.95,-59.2,1.9,2400794673.0,776654673.0,0.16,0.23,-5.01,-1.98
4620,600679,上海凤凰,13.75,-0.58,-0.08,36794.0,50293381.0,1.95,13.87,13.6,13.78,13.83,1.59,1.07,57.73,3.46,7085296034.0,4725796034.0,0.66,0.66,-3.17,4.72
4621,870866,绿亨科技,10.28,-0.58,-0.06,10297.0,10530607.54,1.64,10.33,10.16,10.28,10.34,0.66,1.1,117.91,2.5,1852516652.0,962308096.0,0.29,0.49,13.84,45.4
4622,603739,蔚蓝生物,13.74,-0.58,-0.08,20080.0,27520437.0,1.88,13.88,13.62,13.85,13.82,1.75,0.79,90.76,2.02,3476616619.0,3476616619.0,0.51,0.51,1.7,15.56
4623,920106,林泰新材,92.51,-0.58,-0.54,2139.0,19858592.72,2.03,93.9,92.01,92.01,93.05,1.66,1.26,33.66,10.96,5164694535.0,1567863458.0,-0.59,-0.93,40.91,118.03
4624,688120,华海清科,152.89,-0.59,-0.91,4116.0,63008331.0,0.83,153.77,152.5,153.38,153.8,1.71,0.24,38.76,5.38,36192868891.0,25987113872.0,0.05,-0.08,-7.11,-6.2
4625,600127,金健米业,6.74,-0.59,-0.04,24636.0,16604870.0,0.74,6.77,6.72,6.75,6.78,2.09,0.38,118.02,6.39,4325618889.0,4325618889.0,0.15,0.0,3.06,0.15
4626,603767,中马传动,16.85,-0.59,-0.1,28840.0,48685127.0,1.65,17.05,16.77,16.85,16.95,0.8,0.93,215.05,3.79,5200440775.0,5200440775.0,0.0,0.24,14.78,45.51
4627,600158,中体产业,8.48,-0.59,-0.05,119539.0,101546192.0,2.23,8.6,8.41,8.5,8.53,5.06,1.25,-73.31,3.12,8136670808.0,8136670808.0,0.24,0.12,6.94,2.54
4628,000998,隆平高科,10.15,-0.59,-0.06,27902.0,28354829.7,0.59,10.21,10.15,10.2,10.21,2.06,0.21,-1780.05,2.4,14914897819.0,13347763042.0,0.0,-0.1,-5.58,-9.13
4629,601606,长城军工,13.49,-0.59,-0.08,44282.0,59833580.0,1.77,13.66,13.42,13.57,13.57,2.63,0.61,-45.02,4.5,9769841116.0,9769841116.0,0.3,0.3,7.49,14.71
4630,300237,美晨科技,1.69,-0.59,-0.01,111534.0,18913401.0,1.76,1.71,1.68,1.7,1.7,1.58,0.77,-12.59,45.37,2436836232.0,2436813417.0,-0.59,0.0,-15.5,-22.48
4631,601019,山东出版,10.08,-0.59,-0.06,9636.0,9736993.0,1.48,10.18,10.03,10.15,10.14,1.24,0.05,16.27,1.44,21035952000.0,21035952000.0,0.0,0.1,6.78,-8.7
4632,601598,中国外运,5.03,-0.59,-0.03,33097.0,16713051.0,1.19,5.08,5.02,5.07,5.06,1.61,0.06,14.22,0.92,36689910881.0,26437261881.0,-0.2,-0.2,-0.59,-5.98
4633,300201,海伦哲,5.02,-0.59,-0.03,56621.0,28433053.0,2.18,5.1,4.99,5.02,5.05,2.67,0.56,44.22,3.23,5065398907.0,5047324437.0,0.2,0.2,-15.06,-4.56
4634,600959,江苏有线,3.38,-0.59,-0.02,91416.0,31137370.0,1.18,3.42,3.38,3.4,3.4,2.69,0.18,40.52,0.75,16902425779.0,16902425779.0,-0.59,-0.59,2.74,0.9
4635,002413,雷科防务,5.05,-0.59,-0.03,117478.0,59701952.0,1.97,5.13,5.03,5.05,5.08,2.27,0.95,-45.16,1.95,6650797621.0,6254433454.0,-0.2,-0.39,2.43,15.83
4636,600511,国药股份,30.57,-0.59,-0.18,5959.0,18279016.0,0.81,30.82,30.57,30.65,30.75,1.51,0.11,12.56,1.31,23065156649.0,16915800182.0,-0.03,-0.07,3.21,-10.67
4637,600515,海南机场,3.39,-0.59,-0.02,95891.0,32598141.0,0.88,3.42,3.39,3.41,3.41,2.57,0.1,96.45,1.63,38731799551.0,31106682402.0,0.0,-0.29,-9.84,-10.32
4638,301073,君亭酒店,21.6,-0.6,-0.13,6496.0,14078723.3,1.24,21.83,21.56,21.73,21.73,1.27,0.36,367.59,4.3,4200142594.0,3848677200.0,-0.05,-0.05,2.86,3.5
4639,002835,同为股份,18.26,-0.6,-0.11,15648.0,28511615.88,1.69,18.43,18.12,18.37,18.37,0.71,1.23,19.25,3.24,4007959180.0,2324268819.0,0.05,0.05,-9.69,-4.9
4640,601006,大秦铁路,6.67,-0.6,-0.04,96468.0,64491764.0,1.04,6.73,6.66,6.71,6.71,1.63,0.05,13.07,0.81,134381675366.0,134381675366.0,0.0,-0.15,0.76,-1.62
4641,301559,中集环科,16.45,-0.6,-0.1,14877.0,24442177.0,1.99,16.55,16.22,16.55,16.55,2.39,1.65,110.26,2.21,9870000000.0,1480500000.0,-0.06,0.0,11.83,10.33
4642,000768,中航西飞,24.85,-0.6,-0.15,43198.0,107510962.43,0.88,25.04,24.82,24.95,25.0,1.79,0.16,59.84,3.23,69111554414.0,68902237546.0,0.08,-0.04,0.2,-12.0
4643,300125,*ST聆达,6.47,-0.61,-0.04,18154.0,11717429.0,1.69,6.52,6.41,6.45,6.51,2.5,0.68,-16.08,-3.07,1731371968.0,1717410115.0,0.0,0.47,17.0,-1.67
4644,000048,京基智农,16.19,-0.61,-0.1,14569.0,23587355.0,0.98,16.28,16.12,16.2,16.29,1.42,0.28,19.16,2.03,8585269628.0,8528240353.0,0.06,-0.06,13.45,-8.32
4645,688019,安集科技,177.25,-0.61,-1.09,3982.0,70605779.0,0.94,178.34,176.66,177.42,178.34,1.86,0.31,33.92,7.96,22903052817.0,22903052817.0,0.14,-0.16,10.92,27.19
4646,300453,三鑫医疗,8.21,-0.61,-0.05,19462.0,15960861.0,1.45,8.29,8.17,8.26,8.26,1.26,0.55,19.96,3.35,4288883680.0,2927033691.0,-0.12,0.37,12.31,13.09
4647,600971,恒源煤电,6.47,-0.61,-0.04,18763.0,12159564.0,0.77,6.51,6.46,6.49,6.51,2.0,0.16,71.41,0.64,7764031599.0,7764031599.0,0.0,0.0,-19.02,-27.63
4648,300281,金明精机,8.05,-0.62,-0.05,95387.0,77257708.7,3.46,8.28,8.0,8.1,8.1,2.11,2.4,371.48,2.67,3372334819.0,3198473592.0,-0.12,0.37,29.01,44.01
4649,002100,天康生物,6.46,-0.62,-0.04,65962.0,42614717.0,0.92,6.5,6.44,6.48,6.5,1.9,0.48,14.88,1.29,8819524787.0,8819524787.0,0.0,0.16,5.21,-1.37
4650,601228,广州港,3.19,-0.62,-0.02,41658.0,13352014.0,0.93,3.22,3.19,3.21,3.21,1.98,0.06,22.96,1.14,24067055010.0,24067055010.0,-0.62,-0.31,1.59,-5.9
4651,002215,诺 普 信,11.22,-0.62,-0.07,129503.0,144245060.0,2.04,11.29,11.06,11.29,11.29,1.03,1.66,4.5,2.74,11278246498.0,8744683038.0,0.27,0.0,32.0,3.13
4652,002522,浙江众成,4.81,-0.62,-0.03,47905.0,23159355.0,1.45,4.88,4.81,4.88,4.84,0.93,0.53,74.67,1.91,4356798851.0,4353145618.0,-0.21,-0.41,-5.87,23.65
4653,603658,安图生物,38.54,-0.62,-0.24,3661.0,14135610.0,0.9,38.83,38.48,38.78,38.78,1.91,0.06,20.4,2.7,22022710559.0,22022710559.0,0.08,-0.16,-4.84,-9.06
4654,688626,翔宇医疗,39.83,-0.62,-0.25,5787.0,22915127.0,3.87,40.65,39.1,40.04,40.08,2.86,0.36,69.42,3.19,6372800000.0,6372800000.0,0.25,0.43,7.74,35.52
4655,301155,海力风电,62.91,-0.62,-0.39,2234.0,14111977.0,1.39,63.78,62.9,63.3,63.3,1.32,0.18,53.52,2.51,13676097881.0,7662438755.0,-0.14,-0.19,5.93,18.01
4656,301186,超达装备,44.71,-0.62,-0.28,2765.0,12387101.0,2.38,45.59,44.52,45.59,44.99,1.13,0.37,35.68,2.36,3557556861.0,3324604616.0,0.0,-0.16,6.25,12.08
4657,688107,安路科技,27.12,-0.62,-0.17,6708.0,18187231.0,1.69,27.38,26.92,27.1,27.29,1.52,0.17,-45.0,9.41,10871034833.0,10871034833.0,0.04,0.07,-28.16,-8.32
4658,600305,恒顺醋业,8.02,-0.62,-0.05,16549.0,13284941.0,0.74,8.07,8.01,8.06,8.07,0.85,0.15,39.34,2.64,8893727736.0,8846271792.0,-0.12,0.0,9.86,0.5
4659,688515,裕太微-U,91.68,-0.62,-0.57,1778.0,16269215.0,1.24,92.2,91.06,92.0,92.25,2.04,0.36,-30.2,4.72,7334400000.0,4567442592.0,-0.15,-0.02,-16.31,-7.39
4660,000425,徐工机械,8.0,-0.62,-0.05,97301.0,78062280.04,0.99,8.07,7.99,8.05,8.05,1.18,0.12,11.63,1.53,94077207304.0,64779665248.0,-0.25,-0.62,-13.14,0.88
4661,600008,首创环保,3.17,-0.63,-0.02,103179.0,32820715.0,0.63,3.19,3.17,3.18,3.19,1.44,0.14,14.58,1.1,23269672446.0,23269672446.0,-0.63,-0.63,3.93,-3.35
4662,002323,雅博股份,1.59,-0.63,-0.01,127605.0,20426574.0,2.5,1.62,1.58,1.6,1.6,2.16,0.6,-43.76,8.63,3372159676.0,3371448909.0,0.0,-0.63,-7.02,-1.85
4663,300353,东土科技,23.66,-0.63,-0.15,116756.0,276196670.0,1.64,23.89,23.5,23.5,23.81,1.31,2.24,-72.91,6.88,14548365564.0,12355312262.0,-0.08,-0.63,69.85,106.1
4664,600032,浙江新能,7.84,-0.63,-0.05,26446.0,20686316.0,1.39,7.9,7.79,7.86,7.89,0.92,0.11,56.16,1.51,18852654540.0,18852654540.0,-0.13,0.38,7.69,5.95
4665,002971,和远气体,22.12,-0.63,-0.14,9449.0,20878352.8,1.44,22.3,21.98,22.16,22.26,2.54,0.59,46.36,3.0,4672518200.0,3542486988.0,-0.23,-0.32,20.94,19.25
4666,002025,航天电器,50.14,-0.63,-0.32,3948.0,19852133.0,1.31,50.68,50.02,50.49,50.46,0.87,0.09,123.0,3.52,22907474636.0,22690951614.0,0.18,0.08,-5.95,3.25
4667,603988,中电电机,22.25,-0.63,-0.14,5317.0,11792119.0,1.12,22.34,22.09,22.24,22.39,1.25,0.23,311.61,8.22,5233200000.0,5233200000.0,0.14,0.63,12.83,-8.77
4668,600636,*ST国化,7.95,-0.63,-0.05,12465.0,9923432.0,1.75,8.04,7.9,8.0,8.0,2.43,0.28,-105.48,1.71,3487162576.0,3487162576.0,0.13,-0.75,0.63,-14.33
4669,300272,开能健康,6.29,-0.63,-0.04,24128.0,15196649.0,1.42,6.35,6.26,6.32,6.33,1.75,0.56,36.58,3.18,3630700660.0,2711747656.0,0.0,0.16,2.44,2.95
4670,600748,上实发展,3.15,-0.63,-0.02,9190.0,2907774.0,0.95,3.18,3.15,3.16,3.17,1.33,0.05,-17.79,0.53,5810373110.0,5810373110.0,-0.32,0.0,-2.48,-12.5
4671,601728,中国电信,7.9,-0.63,-0.05,137418.0,109013004.0,1.13,7.99,7.9,7.97,7.95,1.41,0.02,20.39,1.59,722906395722.0,613274856722.0,-0.25,-0.13,-1.74,9.42
4672,300733,西菱动力,17.44,-0.63,-0.11,40663.0,71901087.4,5.64,18.29,17.3,18.27,17.55,5.74,1.8,63.46,3.23,5330994323.0,3933030136.0,-0.11,-0.06,4.0,49.44
4673,603014,威高血净,36.38,-0.63,-0.23,9457.0,34430870.0,0.79,36.6,36.31,36.5,36.61,1.89,2.48,33.3,2.24,14966516121.0,1386535915.0,-0.08,0.03,37.28,37.28
4674,301586,佳力奇,51.24,-0.64,-0.33,5173.0,26519358.0,2.21,51.94,50.8,51.29,51.57,3.79,2.49,96.57,3.37,4251664774.0,1062916206.0,0.0,0.18,-3.97,-9.84
4675,832278,鹿得医疗,10.89,-0.64,-0.07,8785.0,9607534.59,4.84,11.33,10.8,10.86,10.96,2.43,1.16,75.65,4.93,1916640000.0,822717720.0,-0.18,0.46,10.33,54.47
4676,601229,上海银行,10.95,-0.64,-0.07,140902.0,155381267.0,1.72,11.12,10.93,11.02,11.02,1.5,0.1,6.18,0.65,155563431237.0,155563431237.0,-0.36,-0.36,14.54,19.67
4677,301311,昆船智能,18.49,-0.64,-0.12,11886.0,22041064.0,1.67,18.71,18.4,18.61,18.61,1.35,1.36,-70.43,2.43,4437600000.0,1613111366.0,-0.11,-0.22,-2.07,2.21
4678,603222,济民健康,6.22,-0.64,-0.04,20887.0,12986809.0,1.92,6.3,6.18,6.26,6.26,1.6,0.4,-59.88,2.24,3266063625.0,3266063625.0,0.0,0.32,-8.12,-8.39
4679,003001,中岩大地,38.86,-0.64,-0.25,4704.0,18303095.0,2.3,39.48,38.58,39.1,39.11,1.37,0.64,118.68,4.06,4924801090.0,2852728183.0,0.28,0.23,1.59,-15.52
4680,002030,达安基因,6.13,-0.65,-0.04,38196.0,23403435.0,1.62,6.2,6.1,6.19,6.17,2.54,0.27,40.64,1.08,8603124176.0,8603124176.0,0.0,0.33,-5.69,7.92
4681,000955,欣龙控股,4.6,-0.65,-0.03,21927.0,10141635.0,2.59,4.7,4.58,4.63,4.63,2.67,0.41,-660.28,3.83,2476617000.0,2475006195.0,-0.22,-0.22,0.22,11.11
4682,688059,华锐精密,70.23,-0.65,-0.46,967.0,6824544.0,1.17,71.05,70.22,70.58,70.69,0.6,0.16,37.4,3.48,4372316976.0,4372316976.0,-0.4,-0.52,15.32,57.11
4683,600908,无锡银行,6.15,-0.65,-0.04,77132.0,47644468.0,0.97,6.21,6.15,6.19,6.19,2.75,0.39,5.46,0.62,13497292424.0,12295772890.0,-0.16,-0.32,8.08,4.06
4684,301551,无线传媒,48.83,-0.65,-0.32,4462.0,21818109.2,0.9,49.15,48.71,48.82,49.15,1.69,1.18,63.71,8.08,19532488300.0,1849794711.0,-0.02,-0.02,-10.27,-12.37
4685,603323,苏农银行,6.11,-0.65,-0.04,128012.0,78613268.0,1.3,6.19,6.11,6.13,6.15,2.4,0.7,6.37,0.61,11212080164.0,11212080164.0,-0.16,-0.49,17.95,15.5
4686,300087,荃银高科,9.13,-0.65,-0.06,32643.0,29767968.0,0.87,9.18,9.1,9.18,9.19,2.01,0.37,984.35,4.39,8649138887.0,8159456267.0,0.0,0.0,-9.96,-22.63
4687,688082,盛美上海,105.92,-0.65,-0.69,2694.0,28586240.0,1.27,106.98,105.63,106.61,106.61,2.45,0.06,47.44,5.79,46741562633.0,46192510107.0,-0.09,-0.28,-0.54,5.92
4688,002152,广电运通,12.2,-0.65,-0.08,121956.0,149539380.05,1.55,12.37,12.18,12.21,12.28,2.7,0.49,31.48,2.47,30297271356.0,30282031299.0,-0.08,-0.25,-12.98,6.46
4689,603439,贵州三力,12.28,-0.65,-0.08,12627.0,15559220.0,2.43,12.54,12.24,12.29,12.36,3.36,0.31,29.99,3.2,5032371212.0,4959157852.0,0.08,0.16,-3.15,-5.54
4690,600826,兰生股份,7.66,-0.65,-0.05,10112.0,7755921.0,0.78,7.71,7.65,7.7,7.71,1.78,0.14,-57.28,1.37,5634186985.0,5634186985.0,0.0,0.0,-6.13,-10.93
4691,600391,航发科技,26.18,-0.65,-0.17,65992.0,172740561.0,1.97,26.5,25.98,26.0,26.35,2.35,2.0,605.49,5.19,8642786828.0,8642786828.0,0.23,0.15,28.33,31.89
4692,001358,兴欣新材,23.0,-0.65,-0.15,4793.0,11044026.8,3.24,23.47,22.72,23.47,23.15,4.01,1.02,40.5,2.03,2833600000.0,1078630264.0,0.0,0.13,2.04,5.6
4693,600354,敦煌种业,6.11,-0.65,-0.04,52867.0,32269182.0,1.63,6.17,6.07,6.15,6.15,3.34,1.0,12.62,4.51,3224870709.0,3224870709.0,0.16,0.16,6.08,3.21
4694,002244,滨江集团,9.01,-0.66,-0.06,76712.0,69333124.0,1.32,9.1,8.98,9.08,9.07,2.57,0.29,7.18,0.98,28034109449.0,24168007197.0,-0.11,-0.22,-15.72,4.65
4695,002589,瑞康医药,3.0,-0.66,-0.02,53981.0,16220650.0,1.66,3.04,2.99,3.01,3.02,2.36,0.4,79.64,0.82,4514131413.0,4096774644.0,-0.33,0.0,1.69,1.01
4696,600395,盘江股份,4.53,-0.66,-0.03,23483.0,10632418.0,0.88,4.55,4.51,4.54,4.56,1.89,0.11,-23.25,0.94,9724210770.0,9724210770.0,0.0,0.22,-4.63,-11.0
4697,300318,博晖创新,5.99,-0.66,-0.04,27343.0,16387921.0,1.66,6.06,5.96,6.04,6.03,2.0,0.34,-301.72,3.56,4893233965.0,4783251509.0,0.0,0.34,3.1,4.72
4698,002746,仙坛股份,5.98,-0.66,-0.04,27267.0,16330275.0,0.83,6.02,5.97,6.02,6.02,2.44,0.38,26.79,1.11,5146021587.0,4243863837.0,-0.17,0.0,4.73,-4.17
4699,600180,瑞茂通,4.53,-0.66,-0.03,55702.0,25255259.0,0.88,4.56,4.52,4.55,4.56,2.29,0.51,36.06,0.62,4922422412.0,4922422412.0,0.0,0.22,11.03,5.35
4700,300333,兆日科技,12.09,-0.66,-0.08,46503.0,56312409.0,2.22,12.27,12.0,12.18,12.17,1.76,1.39,-828.82,6.94,4062240000.0,4047491010.0,-0.08,-0.17,-15.04,-33.43
4701,002142,宁波银行,27.04,-0.66,-0.18,49714.0,135316880.66,1.51,27.43,27.02,27.31,27.22,1.59,0.08,6.02,0.85,178561095016.0,178461157177.0,-0.15,-0.22,9.74,11.23
4702,300532,今天国际,12.02,-0.66,-0.08,30723.0,36926134.7,1.49,12.13,11.95,12.07,12.1,1.02,0.71,19.49,3.1,5448955514.0,5179647774.0,-0.33,-0.08,-8.17,5.25
4703,002726,龙大美食,6.0,-0.66,-0.04,19331.0,11615877.0,0.83,6.04,5.99,6.01,6.04,2.41,0.18,377.01,4.85,6474962208.0,6462677208.0,-0.17,0.0,-3.38,-24.24
4704,600201,生物股份,7.43,-0.67,-0.05,46368.0,34459676.0,1.6,7.5,7.38,7.48,7.48,2.11,0.41,27.21,1.57,8324343349.0,8324343349.0,0.0,0.13,8.63,8.31
4705,300761,立华股份,19.15,-0.67,-0.13,31903.0,60891662.82,1.5,19.27,18.98,19.15,19.28,2.53,0.53,19.23,1.78,15849392194.0,11514160598.0,0.16,-0.05,7.52,1.0
4706,002457,青龙管业,11.93,-0.67,-0.08,29822.0,35592852.0,1.17,12.04,11.9,12.0,12.01,1.73,0.89,-185.37,1.64,3978497524.0,3976527273.0,0.08,0.08,3.56,3.92
4707,000656,*ST金科,1.49,-0.67,-0.01,245825.0,36667418.0,1.33,1.5,1.48,1.49,1.5,3.01,0.46,-1.23,-0.26,7956176566.0,7924237859.0,-0.67,-0.67,1.36,-13.87
4708,600576,祥源文旅,10.4,-0.67,-0.07,13476.0,14041613.0,1.34,10.49,10.35,10.4,10.47,1.52,0.2,87.89,3.85,10967303776.0,6868056863.0,0.19,-0.1,14.66,50.94
4709,300881,盛德鑫泰,29.54,-0.67,-0.2,5095.0,15036664.0,1.88,29.88,29.32,29.86,29.74,2.02,0.89,16.44,3.28,3249400000.0,1695780625.0,0.2,0.27,-10.4,-0.71
4710,600741,华域汽车,17.81,-0.67,-0.12,12619.0,22527344.0,0.78,17.95,17.81,17.92,17.93,1.19,0.04,11.05,0.89,56150014155.0,56150014155.0,-0.06,-0.28,0.28,1.14
4711,600080,金花股份,7.36,-0.67,-0.05,10657.0,7843135.0,1.89,7.45,7.31,7.41,7.41,2.31,0.29,565.14,1.76,2747269298.0,2747269298.0,0.27,0.55,-6.48,-5.76
4712,002864,盘龙药业,29.44,-0.67,-0.2,17032.0,50190189.76,1.79,29.81,29.28,29.78,29.64,2.99,2.3,25.03,1.91,3128911462.0,2178105859.0,0.0,0.34,11.35,-2.23
4713,300855,图南股份,22.06,-0.68,-0.15,8869.0,19567173.4,1.08,22.24,22.0,22.2,22.21,2.21,0.3,52.32,4.52,8725424890.0,6462612404.0,0.18,-0.05,-0.72,0.64
4714,603125,常青科技,14.65,-0.68,-0.1,6224.0,9121322.0,1.49,14.8,14.58,14.8,14.75,1.19,0.61,41.9,2.55,5930852894.0,1482790228.0,-0.07,0.14,9.82,11.49
4715,000767,晋控电力,2.92,-0.68,-0.02,91133.0,26548436.0,1.36,2.94,2.9,2.92,2.94,1.41,0.31,36.99,1.5,8984671279.0,8503759593.0,0.0,0.0,15.87,15.42
4716,688016,心脉医疗,89.39,-0.68,-0.61,3423.0,30701068.0,0.96,90.2,89.34,89.87,90.0,2.49,0.28,21.25,2.9,11018400639.0,11018400639.0,-0.07,0.01,-2.87,-18.63
4717,837006,晟楠科技,34.83,-0.68,-0.24,23088.0,80012902.62,3.99,35.48,34.08,34.4,35.07,3.13,6.73,1276.8,9.77,3144703176.0,1194386041.0,-0.11,-1.02,15.41,41.59
4718,688080,映翰通,49.54,-0.68,-0.34,5198.0,25661563.0,2.21,50.0,48.9,49.94,49.88,1.97,0.7,41.07,3.43,3658620253.0,3658620253.0,0.08,0.06,-3.92,50.49
4719,002778,中晟高科,18.94,-0.68,-0.13,7452.0,14171600.0,1.78,19.24,18.9,19.05,19.07,1.3,0.6,11.04,7.71,2362827502.0,2337788633.0,-0.21,-0.11,-7.16,8.48
4720,002511,中顺洁柔,7.3,-0.68,-0.05,26371.0,19217353.0,1.22,7.34,7.25,7.33,7.35,1.38,0.21,35.33,1.72,9435658895.0,9236988767.0,0.27,0.27,14.6,7.2
4721,002530,金财互联,10.18,-0.68,-0.07,106945.0,109135105.0,1.85,10.34,10.15,10.18,10.25,1.82,1.54,145.31,6.19,7932237422.0,7076355540.0,-0.1,-0.1,-10.7,8.18
4722,002625,光启技术,39.65,-0.68,-0.27,116922.0,463546852.72,1.55,39.96,39.34,39.64,39.92,2.56,0.54,141.89,9.4,85429408728.0,85429126222.0,-0.43,-0.68,-3.93,-17.05
4723,000593,德龙汇能,5.88,-0.68,-0.04,20548.0,12127498.0,1.69,5.97,5.87,5.95,5.92,0.92,0.57,157.52,2.47,2108750333.0,2107881034.0,0.0,-0.17,7.89,7.89
4724,603007,*ST花王,5.84,-0.68,-0.04,56390.0,32629814.0,5.44,5.92,5.6,5.6,5.88,2.33,1.13,-122.05,10.14,5121073230.0,2919011744.0,0.0,-0.17,-25.7,-41.95
4725,301468,博盈特焊,22.9,-0.69,-0.16,4904.0,11274597.0,1.43,23.21,22.88,23.08,23.06,0.74,0.64,54.13,1.3,3022800000.0,1760751894.0,-0.09,-0.13,3.39,9.15
4726,000014,沙河股份,11.5,-0.69,-0.08,10941.0,12595798.0,1.55,11.65,11.47,11.58,11.58,1.31,0.45,-72.96,1.72,2783531576.0,2783531576.0,0.09,-0.09,15.93,4.64
4727,002437,誉衡药业,2.88,-0.69,-0.02,549916.0,159082682.85,3.79,2.96,2.85,2.91,2.9,1.46,2.62,26.84,3.34,6467874411.0,6051951628.0,0.0,0.35,18.03,15.66
4728,300726,宏达电子,34.44,-0.69,-0.24,10249.0,35308111.48,1.67,34.87,34.29,34.59,34.68,2.43,0.48,64.46,2.85,14183764262.0,7345481088.0,-0.06,-0.09,5.81,10.74
4729,603389,*ST亚振,11.53,-0.69,-0.08,34710.0,40126454.0,3.7,11.8,11.37,11.6,11.61,3.54,1.32,-35.53,12.98,3029530560.0,3029530560.0,0.35,0.7,89.33,88.09
4730,603030,全筑股份,2.86,-0.69,-0.02,199546.0,56859303.0,2.78,2.9,2.82,2.88,2.88,1.88,1.52,-49.14,4.06,3766429867.0,3766429867.0,-0.35,0.35,6.72,13.94
4731,300355,蒙草生态,4.29,-0.69,-0.03,132162.0,56538913.62,1.62,4.32,4.25,4.3,4.32,2.95,0.97,-101.6,1.63,6882198527.0,5860422256.0,0.23,0.0,-19.81,-16.37
4732,600598,北大荒,14.45,-0.69,-0.1,50215.0,72511421.0,0.96,14.55,14.41,14.54,14.55,2.56,0.28,11.92,3.48,25687474685.0,25687474685.0,0.14,0.21,7.92,1.76
4733,000631,顺发恒业,2.89,-0.69,-0.02,10844.0,3144348.0,1.37,2.92,2.88,2.91,2.91,1.61,0.05,107.78,1.2,6922356553.0,6922356553.0,0.35,0.35,-1.03,-1.7
4734,834415,恒拓开源,17.23,-0.69,-0.12,9491.0,16327441.32,2.07,17.46,17.1,17.16,17.35,1.62,0.9,-357.9,4.6,2421012921.0,1827097354.0,-0.52,0.23,-21.32,13.8
4735,600675,中华企业,2.85,-0.7,-0.02,31109.0,8937002.0,1.39,2.89,2.85,2.87,2.87,1.65,0.05,9.37,1.16,17231485693.0,17231485693.0,0.0,-0.35,4.78,1.42
4736,600757,长江传媒,9.91,-0.7,-0.07,20991.0,20892332.0,1.4,10.04,9.9,9.96,9.98,1.52,0.17,7.49,1.21,12027274205.0,12025756291.0,-0.1,-0.1,20.41,3.55
4737,300722,新余国科,29.68,-0.7,-0.21,16854.0,50184747.0,1.94,30.17,29.59,29.68,29.89,2.11,0.61,503.36,13.88,8214132326.0,8214132326.0,-0.03,-0.17,9.52,10.58
4738,688236,春立医疗,17.07,-0.7,-0.12,3474.0,5920052.0,2.56,17.34,16.9,17.23,17.19,1.1,0.44,28.19,2.28,6547514295.0,1353559932.0,0.41,0.71,27.67,33.36
4739,002544,普天科技,22.41,-0.71,-0.16,27904.0,62888576.65,2.08,22.86,22.39,22.49,22.57,2.27,0.41,-232.51,4.11,15250764475.0,15209771319.0,0.04,-0.18,1.17,4.57
4740,000735,罗 牛 山,5.6,-0.71,-0.04,50659.0,28295779.0,1.42,5.64,5.56,5.6,5.64,2.49,0.44,198.49,1.51,6448476037.0,6445026095.0,0.18,0.36,-9.39,-15.92
4741,603713,密尔克卫,50.49,-0.71,-0.36,3262.0,16524933.0,1.36,51.05,50.36,50.9,50.85,2.03,0.21,11.59,1.86,7985646386.0,7983840106.0,0.14,0.16,1.67,-1.39
4742,002195,岩山科技,5.59,-0.71,-0.04,545797.0,304943073.42,1.42,5.63,5.55,5.63,5.63,1.69,0.97,251.61,3.22,31759834292.0,31372486511.0,-0.53,-0.36,-2.44,40.81
4743,001391,国货航,7.01,-0.71,-0.05,125585.0,88080204.0,0.99,7.06,6.99,7.06,7.06,2.97,1.5,36.96,3.34,85584257387.0,5880997033.0,0.14,0.14,2.64,-23.89
4744,605358,立昂微,23.93,-0.71,-0.17,13802.0,32985281.0,0.95,24.02,23.79,23.96,24.1,1.78,0.21,-49.56,2.28,16065786657.0,16065786657.0,0.04,-0.13,-6.49,-3.39
4745,002955,鸿合科技,25.01,-0.71,-0.18,18883.0,47045171.15,2.46,25.28,24.66,25.1,25.19,1.83,1.01,252.9,1.84,5918364199.0,4686316777.0,0.44,0.52,-4.76,12.4
4746,601952,苏垦农发,9.77,-0.71,-0.07,18509.0,18088109.0,0.91,9.83,9.74,9.82,9.84,2.49,0.13,40.84,1.94,13463060000.0,13463060000.0,0.1,0.1,2.2,-0.2
4747,002041,登海种业,9.84,-0.71,-0.07,13067.0,12878025.0,0.81,9.91,9.83,9.9,9.91,2.06,0.15,88.01,2.41,8659200000.0,8659200000.0,-0.1,-0.1,-11.03,-9.39
4748,688584,上海合晶,17.86,-0.72,-0.13,9630.0,17180672.0,1.67,18.0,17.7,17.93,17.99,2.36,0.28,154.69,2.85,11885086185.0,6068620699.0,0.22,0.34,-3.46,-8.69
4749,300677,英科医疗,23.46,-0.72,-0.17,26089.0,61271464.81,1.02,23.66,23.42,23.6,23.63,2.0,0.56,10.74,0.85,15159968244.0,11005625463.0,0.09,0.13,-5.02,-7.2
4750,688003,天准科技,48.2,-0.72,-0.35,7001.0,33716535.0,1.73,48.56,47.72,48.5,48.55,0.69,0.36,-72.23,4.88,9331279000.0,9331279000.0,0.12,0.21,-12.09,11.32
4751,000876,新 希 望,9.62,-0.72,-0.07,68664.0,66081457.0,0.93,9.69,9.6,9.69,9.69,2.1,0.15,24.48,1.96,43539545080.0,43286900272.0,0.0,-0.1,0.42,7.13
4752,300322,硕贝德,15.14,-0.72,-0.11,65915.0,99834324.0,1.57,15.28,15.04,15.1,15.25,2.08,1.49,120.08,7.1,6976685277.0,6679829393.0,-0.13,-0.33,-2.89,15.48
4753,002643,万润股份,11.01,-0.72,-0.08,25140.0,27696435.0,1.53,11.13,10.96,11.09,11.09,1.87,0.28,32.05,1.46,10238958745.0,10011674526.0,-0.09,-0.18,-3.93,-8.25
4754,301555,惠柏新材,26.12,-0.72,-0.19,6783.0,17831894.0,2.24,26.62,26.03,26.48,26.31,3.92,1.4,68.32,2.25,2410006204.0,1262830170.0,0.0,-0.11,4.27,11.29
4755,600179,安通控股,2.72,-0.73,-0.02,68712.0,18708946.0,1.46,2.75,2.71,2.74,2.74,1.1,0.18,11.92,1.05,11509753383.0,10184323266.0,0.37,0.0,-0.73,-3.89
4756,300650,太龙股份,13.63,-0.73,-0.1,30441.0,41622218.0,1.6,13.8,13.58,13.7,13.73,2.21,1.99,115.73,2.38,2975376197.0,2082236877.0,-0.07,-0.37,5.66,18.52
4757,002385,大北农,4.07,-0.73,-0.03,127715.0,52040419.0,0.98,4.1,4.06,4.08,4.1,2.39,0.36,32.57,2.02,17501319760.0,14342997000.0,-0.25,-0.25,-0.73,-6.0
4758,600078,澄星股份,5.47,-0.73,-0.04,10613.0,5820935.0,1.27,5.53,5.46,5.51,5.51,1.7,0.16,-25.22,2.2,3624273550.0,3624273550.0,0.0,0.0,3.4,-5.69
4759,601225,陕西煤业,20.31,-0.73,-0.15,60647.0,123368591.0,1.61,20.58,20.25,20.51,20.46,2.07,0.06,10.25,2.04,196905450000.0,196905450000.0,-0.05,0.0,8.49,-12.31
4760,300185,通裕重工,2.71,-0.73,-0.02,114072.0,30932877.62,1.1,2.73,2.7,2.72,2.73,1.14,0.31,67.93,1.58,10560834355.0,9883128002.0,0.0,0.0,9.72,5.45
4761,920088,科力股份,28.09,-0.74,-0.21,2867.0,8058465.18,0.95,28.29,28.02,28.29,28.3,1.67,1.44,42.84,3.73,2473928435.0,560395500.0,0.04,0.14,3.61,19.03
4762,688511,*ST天微,17.35,-0.74,-0.13,2880.0,4996092.0,1.77,17.58,17.27,17.32,17.48,1.79,0.28,25.73,2.16,1784085614.0,1784085614.0,0.17,-0.17,19.74,11.43
4763,002563,森马服饰,5.36,-0.74,-0.04,39984.0,21492902.6,0.93,5.41,5.36,5.4,5.4,2.22,0.18,16.84,1.3,14440323258.0,11801082574.0,-0.19,-0.19,-10.37,-19.64
4764,002627,三峡旅游,5.35,-0.74,-0.04,42918.0,23020376.0,1.11,5.4,5.34,5.39,5.39,2.2,0.6,58.21,1.25,3876617372.0,3836827090.0,-0.19,0.0,8.08,6.57
4765,002264,新 华 都,6.75,-0.74,-0.05,45008.0,30236330.0,1.47,6.78,6.68,6.77,6.8,1.32,0.69,13.05,2.48,4859053394.0,4419783968.0,0.15,0.45,12.31,9.22
4766,600721,百花医药,7.9,-0.75,-0.06,156878.0,124645032.0,4.65,8.19,7.82,7.96,7.96,3.26,4.08,36.61,3.89,3034740247.0,3034740247.0,0.0,0.38,20.43,19.88
4767,603960,克来机电,19.75,-0.75,-0.15,24214.0,47817889.0,2.46,20.05,19.56,19.96,19.9,0.93,0.92,140.92,4.64,5194714125.0,5178408525.0,0.0,0.0,-9.24,-0.75
4768,000545,金浦钛业,2.65,-0.75,-0.02,159419.0,42455271.2,2.62,2.7,2.63,2.68,2.67,1.46,1.62,-42.5,2.32,2615107704.0,2611318204.0,0.38,0.38,20.45,21.56
4769,302132,中航成飞,76.97,-0.75,-0.58,65684.0,504951151.88,1.15,77.34,76.45,77.01,77.55,2.55,1.11,329.14,10.51,206031939481.0,45470835608.0,0.08,0.2,23.37,7.23
4770,600663,陆家嘴,9.22,-0.75,-0.07,21800.0,20218035.0,1.83,9.38,9.21,9.29,9.29,2.14,0.07,18.4,1.84,46424116920.0,29095403364.0,-0.22,-0.11,4.18,-6.3
4771,603332,苏州龙杰,15.9,-0.75,-0.12,71774.0,114245951.0,2.25,16.12,15.76,16.03,16.02,1.53,3.32,65.56,2.69,3439920226.0,3439920226.0,-0.06,-0.13,71.34,84.67
4772,300298,三诺生物,21.13,-0.75,-0.16,31349.0,65203921.25,4.27,21.33,20.42,21.33,21.29,11.03,0.69,41.33,3.61,11922927374.0,9620462947.0,0.19,0.19,-13.05,-18.13
4773,301233,盛帮股份,50.4,-0.75,-0.38,4254.0,21413416.08,1.71,50.75,49.88,49.88,50.78,2.99,2.28,26.09,2.81,2594088000.0,940894920.0,-0.16,-0.12,8.62,12.15
4774,000607,华媒控股,3.94,-0.76,-0.03,45292.0,17930015.0,2.27,4.02,3.93,3.99,3.97,2.59,0.51,-26.43,2.56,4009731735.0,3487031769.0,0.0,-0.51,-3.43,6.2
4775,300498,温氏股份,16.96,-0.76,-0.13,89086.0,151227048.0,0.99,17.09,16.92,17.06,17.09,2.0,0.17,14.1,2.76,112850590268.0,88792005538.0,0.0,-0.35,5.28,3.99
4776,000869,张  裕Ａ,23.52,-0.76,-0.18,4904.0,11555791.0,1.22,23.74,23.45,23.68,23.7,0.96,0.11,24.8,1.47,15801298128.0,10703817818.0,-0.17,-0.08,7.99,1.42
4777,600371,万向德农,9.15,-0.76,-0.07,15309.0,13989326.0,1.3,9.23,9.11,9.22,9.22,2.15,0.52,29.51,4.49,2677088700.0,2677088700.0,0.22,0.33,3.74,6.03
4778,600252,中恒集团,2.61,-0.76,-0.02,126025.0,32901887.0,1.52,2.64,2.6,2.63,2.63,2.06,0.38,118.35,1.44,8647831930.0,8618951497.0,-0.38,0.38,10.59,6.1
4779,000793,ST华闻,2.61,-0.76,-0.02,24068.0,6305747.0,1.14,2.64,2.61,2.64,2.63,1.25,0.12,-42.73,28.09,5212810643.0,5118232485.0,0.0,-0.38,-11.22,-2.61
4780,300932,三友联众,11.68,-0.76,-0.09,19248.0,22541328.04,1.78,11.83,11.62,11.81,11.77,3.51,0.84,89.46,2.2,3738814697.0,2662967561.0,-0.17,0.26,10.29,13.73
4781,601187,厦门银行,6.51,-0.76,-0.05,56834.0,37169021.0,1.52,6.59,6.49,6.55,6.56,1.81,0.44,6.65,0.67,17180722551.0,8359139610.0,-0.15,-0.31,16.67,15.43
4782,000151,中成股份,12.85,-0.77,-0.1,17272.0,22246950.0,1.78,13.03,12.8,12.94,12.95,0.69,0.56,-38.91,12.76,4335213855.0,3956960831.0,0.0,0.16,-3.46,-8.93
4783,002647,*ST仁东,5.17,-0.77,-0.04,36866.0,18969087.0,1.15,5.18,5.12,5.14,5.21,2.88,0.54,3.01,6.66,5843607867.0,3503895058.0,0.39,0.0,-5.31,-1.15
4784,002549,凯美特气,10.34,-0.77,-0.08,223035.0,228928038.0,2.4,10.4,10.15,10.36,10.42,1.61,3.22,56.61,3.55,7189897296.0,7158997499.0,0.19,0.1,58.83,68.68
4785,300595,欧普康视,15.53,-0.77,-0.12,16694.0,25916182.6,1.02,15.62,15.46,15.53,15.65,2.68,0.25,21.71,2.99,13917246555.0,10381723623.0,0.0,0.19,-4.25,-17.08
4786,002210,飞马国际,2.58,-0.77,-0.02,199995.0,51706445.0,1.92,2.62,2.57,2.61,2.6,1.62,0.75,-2234.3,13.72,6865980557.0,6853142219.0,0.0,0.39,6.17,-3.01
4787,300101,振芯科技,18.06,-0.77,-0.14,38110.0,69357144.0,2.14,18.44,18.05,18.21,18.2,2.83,0.67,300.03,5.68,10256376942.0,10222744075.0,-0.06,-0.33,-10.37,-16.62
4788,002314,南山控股,2.54,-0.78,-0.02,35907.0,9165901.0,1.17,2.57,2.54,2.55,2.56,1.49,0.27,7.02,0.76,6877767583.0,3399343059.0,-0.39,0.0,11.4,6.72
4789,600790,轻纺城,3.82,-0.78,-0.03,33357.0,12767284.0,1.3,3.86,3.81,3.85,3.85,0.86,0.23,47.28,0.9,5599321345.0,5599321345.0,0.0,0.0,10.4,1.87
4790,002037,保利联合,8.9,-0.78,-0.07,33254.0,29612200.0,1.45,8.99,8.86,8.96,8.97,1.97,0.69,-17.84,2.28,4306563737.0,4306563737.0,-0.45,-0.22,9.34,16.19
4791,688311,盟升电子,38.4,-0.78,-0.3,4287.0,16586192.0,2.64,39.3,38.28,39.06,38.7,1.5,0.26,-107.21,4.02,6447880128.0,6447880128.0,-0.18,-0.16,2.18,15.98
4792,300123,亚光科技,6.29,-0.79,-0.05,69914.0,44132748.0,1.74,6.37,6.26,6.3,6.34,2.73,0.7,-59.2,4.17,6427336634.0,6292351315.0,0.0,-0.16,3.8,8.45
4793,300541,先进数通,13.89,-0.79,-0.11,100468.0,140291783.2,2.57,14.14,13.78,14.0,14.0,2.54,2.6,50.48,3.57,5973317994.0,5369575157.0,-0.14,-0.43,-11.42,2.51
4794,300311,任子行,6.25,-0.79,-0.05,80555.0,50287372.0,1.43,6.3,6.21,6.25,6.3,1.39,1.5,-28.2,6.82,4210188438.0,3358806831.0,0.16,-0.32,-6.58,6.84
4795,600455,博通股份,26.46,-0.79,-0.21,3836.0,10118914.0,2.92,26.88,26.1,26.66,26.67,1.66,0.61,-642.86,5.49,1652638680.0,1652638680.0,0.19,0.15,15.19,28.07
4796,688366,昊海生科,52.9,-0.79,-0.42,2551.0,13505315.0,1.22,53.31,52.66,52.81,53.32,3.74,0.13,34.15,2.18,12335946466.0,10265343130.0,0.27,0.09,-12.3,-12.68
4797,300440,运达科技,8.83,-0.79,-0.07,24417.0,21547349.0,2.13,8.98,8.79,8.91,8.9,2.14,0.55,-83.01,2.49,3919801238.0,3904834079.0,0.11,0.11,6.13,12.34
4798,601005,重庆钢铁,1.26,-0.79,-0.01,38658.0,4878981.0,0.79,1.27,1.26,1.26,1.27,1.02,0.05,-23.75,0.68,11153222346.0,10475182074.0,0.0,-0.79,-8.7,-12.5
4799,000888,峨眉山Ａ,13.69,-0.8,-0.11,22279.0,30613392.98,1.3,13.85,13.67,13.75,13.8,1.76,0.42,30.61,2.69,7213440366.0,7213440366.0,-0.15,-0.15,9.96,3.48
4800,600765,中航重机,16.06,-0.8,-0.13,34692.0,55822545.0,0.74,16.16,16.04,16.16,16.19,2.34,0.24,31.98,1.78,25302403977.0,23619735320.0,0.06,-0.12,-8.07,-21.54
4801,600990,四创电子,28.66,-0.8,-0.23,199295.0,589615777.0,7.41,30.59,28.45,28.49,28.89,4.35,7.41,-92.67,4.19,7832486012.0,7709903867.0,-1.44,-2.18,24.77,34.68
4802,002324,普利特,9.98,-0.8,-0.08,21310.0,21262184.0,2.19,10.16,9.94,10.07,10.06,3.02,0.27,25.46,2.54,11101115755.0,7747234101.0,-0.1,0.2,-4.13,4.72
4803,601866,中远海发,2.48,-0.8,-0.02,146487.0,36393810.0,1.2,2.5,2.47,2.5,2.5,1.07,0.15,17.24,1.08,33124410438.0,24372740918.0,0.0,0.0,6.9,-4.98
4804,301159,三维天地,30.84,-0.8,-0.25,4668.0,14440321.0,1.77,31.25,30.7,31.0,31.09,1.76,1.1,-20.12,3.79,2385474000.0,1309894274.0,-0.13,0.0,-7.83,-7.58
4805,300191,潜能恒信,17.36,-0.8,-0.14,22197.0,38808892.0,1.71,17.65,17.35,17.58,17.5,2.11,1.0,291.04,5.12,5555200000.0,3839945200.0,-0.17,-0.74,14.81,35.63
4806,688083,中望软件,97.95,-0.8,-0.79,3067.0,30069469.0,1.86,99.15,97.31,99.0,98.74,2.07,0.25,-61.92,4.63,11881707112.0,11881707112.0,0.02,-0.04,10.43,14.47
4807,002067,景兴纸业,3.7,-0.8,-0.03,114087.0,42115547.0,2.14,3.75,3.67,3.74,3.73,1.78,1.02,-49.65,0.81,4651632859.0,4143807859.0,0.27,0.0,-14.35,-6.57
4808,000721,西安饮食,8.62,-0.81,-0.07,18740.0,16191894.0,0.92,8.69,8.61,8.68,8.69,2.19,0.37,-42.31,18.11,4947141335.0,4416545855.0,-0.12,-0.12,-6.71,-13.45
4809,000582,北部湾港,8.6,-0.81,-0.07,68953.0,59387843.0,1.04,8.67,8.58,8.66,8.67,1.84,0.38,25.5,1.12,20004785665.0,15564841623.0,-0.12,0.12,5.78,9.83
4810,300633,开立医疗,33.07,-0.81,-0.27,10164.0,33843547.0,1.8,33.6,33.0,33.55,33.34,3.48,0.23,443.05,4.64,14309799233.0,14309799233.0,-0.39,-0.42,14.0,12.91
4811,001227,兰州银行,2.44,-0.81,-0.02,321954.0,79171514.62,1.63,2.48,2.44,2.46,2.46,4.3,0.76,6.22,0.46,13897501090.0,10279147617.0,-0.41,-0.41,4.72,1.24
4812,002649,博彦科技,13.4,-0.81,-0.11,52977.0,71102720.0,1.78,13.55,13.31,13.53,13.51,2.81,0.97,27.35,1.91,7843616729.0,7351834558.0,-0.07,-0.22,-6.69,12.13
4813,603768,常青股份,13.43,-0.81,-0.11,19242.0,25886513.0,2.58,13.71,13.36,13.62,13.54,1.17,0.81,130.28,1.31,3195747160.0,3195747160.0,0.0,0.07,0.45,11.73
4814,002027,分众传媒,7.31,-0.81,-0.06,168012.0,123325834.12,1.22,7.39,7.3,7.37,7.37,1.76,0.12,23.25,5.81,105572479997.0,105572479997.0,-0.27,-0.27,10.42,3.98
4815,600322,津投城开,2.46,-0.81,-0.02,40448.0,9960045.0,1.61,2.49,2.45,2.48,2.48,1.34,0.37,-3.64,-16.02,2720022000.0,2720022000.0,0.41,0.0,2.07,-9.56
4816,002256,兆新股份,2.44,-0.81,-0.02,91226.0,22307496.0,1.63,2.47,2.43,2.45,2.46,1.07,0.64,510.62,4.35,4846145944.0,3503180095.0,0.0,0.0,5.17,-3.17
4817,300006,莱美药业,3.69,-0.81,-0.03,80109.0,29761917.0,2.15,3.76,3.68,3.72,3.72,2.99,0.76,-70.71,2.09,3896312346.0,3895979114.0,0.0,0.0,-0.27,0.82
4818,600817,宇通重工,12.05,-0.82,-0.1,54308.0,65237749.0,2.63,12.24,11.92,12.19,12.15,1.65,1.03,31.37,2.6,6469035150.0,6353354619.0,0.17,0.33,-1.55,4.97
4819,600300,维维股份,3.62,-0.82,-0.03,325331.0,117372469.0,2.47,3.66,3.57,3.59,3.65,2.97,2.01,20.64,1.75,5854054692.0,5854054692.0,-0.55,-0.82,19.08,17.15
4820,833429,康比特,30.21,-0.82,-0.25,23854.0,70516464.74,3.91,30.3,29.11,29.24,30.46,4.09,2.11,78.12,4.55,3761145000.0,3422457397.0,-0.23,1.31,57.26,97.58
4821,300094,国联水产,3.58,-0.83,-0.03,122249.0,43911929.0,1.66,3.63,3.57,3.59,3.61,2.27,1.11,167.49,2.19,4038838766.0,3957752288.0,-0.56,-0.56,-2.72,-5.54
4822,002200,*ST交投,8.35,-0.83,-0.07,11966.0,10020116.0,0.95,8.41,8.33,8.38,8.42,1.06,0.65,-348.81,-35.25,1537509632.0,1537509632.0,-0.12,0.0,53.49,38.25
4823,002197,ST证通,6.01,-0.83,-0.05,74246.0,44351637.0,1.49,6.02,5.93,6.0,6.06,3.52,1.39,-137.39,1.72,3692321197.0,3209340072.0,0.33,0.5,19.25,48.76
4824,600694,大商股份,23.85,-0.83,-0.2,7311.0,17532448.0,1.62,24.23,23.84,24.05,24.05,2.01,0.23,7.11,0.87,7540238818.0,7466303818.0,-0.17,-0.21,-5.81,-9.56
4825,300016,北陆药业,8.29,-0.84,-0.07,509886.0,436164017.46,8.85,8.98,8.24,8.8,8.36,17.36,10.38,70.13,2.64,4078240448.0,4071860464.0,-0.36,-1.31,24.85,34.8
4826,002690,美亚光电,17.66,-0.84,-0.15,10562.0,18768546.2,1.35,17.89,17.65,17.79,17.81,1.66,0.24,35.92,6.73,15580666567.0,7660494138.0,-0.06,-0.23,21.88,25.07
4827,000676,智度股份,8.3,-0.84,-0.07,91095.0,75737427.0,1.91,8.39,8.23,8.34,8.37,1.97,0.72,59.06,2.5,10501900485.0,10495585571.0,0.12,-0.24,-5.47,-1.89
4828,300290,荣科科技,17.67,-0.84,-0.15,37111.0,65784711.0,1.35,17.88,17.64,17.64,17.82,1.39,0.58,-109.9,14.21,11304074494.0,11295052192.0,-0.06,-0.28,-12.26,-13.17
4829,300875,捷强装备,31.75,-0.84,-0.27,23778.0,75267961.0,3.28,32.17,31.12,31.22,32.02,3.16,2.78,-152.98,3.3,3169753344.0,2719055395.0,0.54,0.51,6.44,12.75
4830,000719,中原传媒,13.03,-0.84,-0.11,21217.0,27754386.82,1.29,13.17,13.0,13.07,13.14,2.1,0.32,30.31,1.15,13332344849.0,8692932485.0,-0.15,0.08,22.35,14.7
4831,603192,汇得科技,21.23,-0.84,-0.18,22227.0,47453606.0,3.55,21.88,21.12,21.3,21.41,1.37,1.6,38.74,1.97,2996692350.0,2943893340.0,-0.19,0.0,28.51,43.06
4832,300452,山河药辅,12.97,-0.84,-0.11,20096.0,26082001.0,1.68,13.13,12.91,13.08,13.08,2.03,1.08,16.11,3.32,3040801299.0,2422815559.0,0.0,0.31,12.88,7.1
4833,600027,华电国际,5.81,-0.85,-0.05,84483.0,49177334.0,0.85,5.85,5.8,5.84,5.86,1.15,0.1,7.7,1.34,59422130183.0,49445002967.0,0.0,-0.17,5.64,3.57
4834,600467,好当家,2.32,-0.85,-0.02,54449.0,12651818.0,1.28,2.34,2.31,2.33,2.34,1.67,0.37,128.87,0.99,3389506785.0,3389506785.0,0.0,0.0,5.94,0.43
4835,002458,益生股份,8.2,-0.85,-0.07,23841.0,19589339.0,0.85,8.27,8.2,8.26,8.27,2.96,0.32,-172.25,2.1,9072585903.0,6140719937.0,-0.12,-0.12,-4.87,-12.86
4836,601619,嘉泽新能,3.49,-0.85,-0.03,30916.0,10820321.0,0.85,3.52,3.49,3.51,3.52,1.43,0.13,8.86,1.28,8495926657.0,8495926657.0,-0.29,-0.29,8.39,8.39
4837,600359,新农开发,6.97,-0.85,-0.06,21671.0,15108605.0,1.28,7.03,6.94,7.03,7.03,1.96,0.57,21.99,3.78,2659144355.0,2659144355.0,-0.14,0.0,9.08,9.08
4838,601098,中南传媒,14.03,-0.85,-0.12,11876.0,16822820.0,1.63,14.26,14.03,14.17,14.15,1.65,0.07,17.05,1.58,25197880000.0,25197880000.0,-0.5,-0.64,8.84,-6.53
4839,000972,*ST中基,3.5,-0.85,-0.03,16129.0,5662185.0,1.42,3.54,3.49,3.53,3.53,2.08,0.21,-93.01,-77.97,2699492527.0,2699492527.0,0.0,-0.28,11.82,25.0
4840,831906,舜宇精工,25.77,-0.85,-0.22,5983.0,15514144.64,2.65,26.39,25.7,26.18,25.99,1.72,1.8,-238.93,3.05,1674276900.0,855131657.0,-0.12,-0.35,-16.06,51.86
4841,873806,云星宇,16.24,-0.85,-0.14,18716.0,30517710.31,1.59,16.47,16.21,16.46,16.38,1.33,0.62,58.72,3.21,4883963472.0,4883963472.0,-0.25,-0.37,-8.51,27.27
4842,603833,欧派家居,60.88,-0.85,-0.52,4260.0,26019862.0,1.12,61.5,60.81,61.1,61.4,3.19,0.07,30.11,1.96,37085205905.0,37085205905.0,-0.2,-0.39,-1.93,-11.69
4843,300021,大禹节水,4.68,-0.85,-0.04,97728.0,45647178.16,2.12,4.74,4.64,4.71,4.72,1.86,1.31,126.25,2.02,4181715917.0,3481455669.0,0.0,0.43,4.7,14.99
4844,600372,中航机载,11.54,-0.86,-0.1,45242.0,52384345.0,0.86,11.64,11.54,11.64,11.64,2.5,0.09,138.38,1.51,55840867110.0,55840867110.0,-0.09,-0.17,-1.45,-6.41
4845,601083,锦江航运,11.48,-0.86,-0.1,32940.0,37762762.0,1.3,11.57,11.42,11.56,11.58,2.01,1.7,10.41,1.66,14856497600.0,2228497600.0,-0.09,0.17,26.71,20.59
4846,002134,天津普林,22.82,-0.87,-0.2,69326.0,162080288.0,5.34,23.93,22.7,22.88,23.02,4.87,2.82,2767.69,11.62,5610291706.0,5610291706.0,-0.74,-0.83,-0.52,18.85
4847,600227,赤天化,2.29,-0.87,-0.02,89519.0,20489729.0,3.46,2.34,2.26,2.31,2.31,4.25,0.7,-21.0,1.55,3867186399.0,2925703549.0,0.44,0.88,2.69,-5.37
4848,603559,*ST通脉,9.15,-0.87,-0.08,3354.0,3073302.0,2.17,9.3,9.1,9.1,9.23,0.97,0.08,-113.09,3.64,3671684358.0,3671684358.0,-0.87,-0.22,3.98,0.77
4849,300844,山水比德,46.98,-0.87,-0.41,5972.0,27884796.8,2.3,47.42,46.33,47.42,47.39,1.38,0.68,-198.08,5.56,4251502080.0,4102528500.0,0.15,0.21,106.23,109.64
4850,300420,五洋自控,3.43,-0.87,-0.03,82337.0,28314409.0,1.73,3.48,3.42,3.46,3.46,1.27,0.74,131.68,1.66,3829195614.0,3828898233.0,0.0,-0.29,2.39,10.29
4851,002822,ST中装,3.42,-0.87,-0.03,11461.0,3910363.0,1.74,3.45,3.39,3.45,3.45,2.04,0.2,-7.95,2.99,2512593257.0,1923607270.0,0.0,0.0,-2.56,-15.76
4852,300775,三角防务,24.95,-0.87,-0.22,28659.0,71609202.47,1.19,25.2,24.9,25.08,25.17,2.84,0.54,26.69,2.4,13728486129.0,13278296712.0,0.04,-0.08,7.17,0.08
4853,000738,航发控制,19.48,-0.87,-0.17,46447.0,91053660.0,1.73,19.79,19.45,19.69,19.65,2.07,0.35,43.63,2.05,25619784339.0,25619172180.0,0.05,-0.15,0.83,-12.41
4854,000905,厦门港务,7.94,-0.87,-0.07,48296.0,38359870.0,1.12,8.0,7.91,8.0,8.01,1.96,0.65,23.34,1.17,5889968200.0,5889956290.0,0.13,0.13,11.05,10.89
4855,001965,招商公路,12.6,-0.87,-0.11,26141.0,32979180.0,1.02,12.7,12.57,12.69,12.71,0.88,0.04,16.17,1.28,85936251164.0,85936251164.0,0.0,0.16,-8.36,-9.68
4856,000019,深粮控股,6.85,-0.87,-0.06,21940.0,15044419.0,1.01,6.9,6.83,6.88,6.91,2.36,0.53,21.61,1.58,7894866490.0,2851082388.0,-0.29,-0.29,5.55,4.26
4857,688047,龙芯中科,130.9,-0.87,-1.15,4780.0,62444892.0,2.11,132.49,129.7,131.46,132.05,2.14,0.17,-86.74,18.81,52490900000.0,36605495026.0,-0.02,0.15,-4.33,-1.04
4858,688382,益方生物-U,31.48,-0.88,-0.28,55787.0,175711609.0,5.51,32.5,30.75,31.0,31.76,3.79,1.39,-79.16,10.28,18205760529.0,12632859907.0,-0.82,0.41,81.02,136.69
4859,603291,联合水务,12.37,-0.88,-0.11,17939.0,22168810.0,1.36,12.46,12.29,12.38,12.48,1.94,1.38,104.48,3.03,5235238871.0,1607395862.0,0.24,0.16,-10.81,6.36
4860,600284,浦东建设,6.75,-0.88,-0.06,14953.0,10114921.0,1.03,6.81,6.74,6.81,6.81,1.48,0.15,13.72,0.84,6549228000.0,6549228000.0,-0.15,0.0,15.58,9.4
4861,002556,辉隆股份,5.57,-0.89,-0.05,76102.0,42444176.0,1.6,5.64,5.55,5.6,5.62,0.76,0.81,16.1,1.49,5272105706.0,5208447473.0,-0.18,0.0,6.7,3.53
4862,430685,新芝生物,15.54,-0.89,-0.14,4509.0,7027047.6,1.28,15.71,15.51,15.68,15.68,1.6,0.82,54.69,2.68,1422157723.0,851453383.0,-0.19,-0.06,7.69,50.14
4863,300719,安达维尔,16.66,-0.89,-0.15,17920.0,29952712.0,2.26,16.95,16.57,16.7,16.81,2.36,1.0,-130.9,4.09,4243242857.0,2992471399.0,0.0,0.0,-9.55,-6.98
4864,000519,中兵红箭,16.73,-0.89,-0.15,52456.0,87891544.58,1.18,16.9,16.7,16.9,16.88,2.69,0.38,-45.16,2.3,23297511769.0,23297511769.0,0.06,-0.06,5.09,15.78
4865,600760,中航沈飞,48.94,-0.89,-0.44,51972.0,254884975.0,1.22,49.4,48.8,49.4,49.38,2.05,0.19,78.31,8.03,134863934166.0,134496222400.0,0.2,0.23,11.15,-2.74
4866,301195,北路智控,36.73,-0.89,-0.33,4760.0,17549873.0,1.89,37.33,36.63,37.0,37.06,1.08,0.96,28.92,2.07,4850925223.0,1823405388.0,-0.16,0.08,-3.34,14.39
4867,600967,内蒙一机,12.26,-0.89,-0.11,91257.0,111419606.0,1.86,12.36,12.13,12.29,12.37,2.37,0.54,28.0,1.77,20864002617.0,20828678738.0,0.0,-0.16,20.91,44.24
4868,300402,宝色股份,18.9,-0.89,-0.17,36480.0,69146499.0,1.99,19.15,18.77,18.93,19.07,1.67,1.5,61.82,3.14,4664340393.0,4604389593.0,-0.16,-0.26,21.08,28.14
4869,600926,杭州银行,16.65,-0.89,-0.15,169431.0,283425122.0,1.25,16.83,16.62,16.78,16.8,1.68,0.26,4.54,0.89,109360984012.0,109360984012.0,-0.18,-0.48,13.34,13.96
4870,301256,华融化学,11.13,-0.89,-0.1,23206.0,25802257.0,1.51,11.23,11.06,11.2,11.23,0.92,0.48,85.05,3.06,5342400000.0,5342400000.0,0.18,0.0,33.45,46.25
4871,002353,杰瑞股份,34.51,-0.89,-0.31,11175.0,38738728.0,1.29,34.96,34.51,34.85,34.82,1.8,0.16,18.97,1.68,35333264797.0,23923846644.0,-0.23,-0.49,-0.17,-4.93
4872,688385,复旦微电,47.18,-0.9,-0.43,13397.0,63324193.0,1.74,47.83,47.0,47.3,47.61,2.01,0.25,71.15,6.42,38754940014.0,25340250614.0,0.15,0.28,-0.53,22.9
4873,832145,恒合股份,24.24,-0.9,-0.22,1439.0,3478349.38,1.43,24.41,24.06,24.4,24.46,1.36,0.3,-140.24,6.49,1710132000.0,1182057540.0,-0.04,-0.04,49.81,167.25
4874,605389,长龄液压,34.05,-0.9,-0.31,6894.0,23745661.0,3.81,35.27,33.96,34.36,34.36,3.92,0.51,39.79,2.35,4906164734.0,4639883178.0,0.15,0.06,11.2,29.32
4875,600187,国中水务,3.31,-0.9,-0.03,118759.0,39329378.0,1.5,3.34,3.29,3.32,3.34,1.07,0.74,-1305.29,1.67,5341615451.0,5341615451.0,0.0,0.0,-5.7,-1.49
4876,688360,德马科技,26.43,-0.9,-0.24,14870.0,39265580.0,2.81,26.88,26.13,26.88,26.67,1.06,0.85,39.35,3.51,4979141410.0,4600543844.0,-0.64,-0.11,4.06,42.25
4877,000937,冀中能源,6.56,-0.91,-0.06,29380.0,19366683.0,1.21,6.64,6.56,6.62,6.62,1.53,0.09,18.17,1.08,23180067336.0,22523065637.0,-0.15,-0.3,15.29,3.8
4878,301548,崇德科技,49.17,-0.91,-0.45,3059.0,15076461.0,1.15,49.59,49.02,49.05,49.62,0.97,1.17,38.46,2.9,4277790000.0,1289974016.0,-0.12,-0.32,-1.05,14.32
4879,600184,光电股份,14.13,-0.91,-0.13,36025.0,51154826.0,2.31,14.4,14.07,14.17,14.26,3.55,0.71,1875.22,3.05,7188790471.0,7188790471.0,0.07,0.0,11.44,36.92
4880,688682,霍莱沃,39.19,-0.91,-0.36,4368.0,17148722.0,2.15,39.74,38.89,39.05,39.55,2.86,0.6,172.07,4.45,2850761645.0,2850761645.0,-0.03,-0.15,7.52,12.61
4881,600644,乐山电力,15.17,-0.91,-0.14,187239.0,279961080.0,3.85,15.38,14.79,15.16,15.31,1.86,3.48,-1821.89,4.3,8773126809.0,8167537997.0,-0.85,1.47,137.4,147.88
4882,833394,民士达,41.24,-0.91,-0.38,8973.0,36979674.13,1.56,41.6,40.95,41.36,41.62,3.33,1.87,49.36,8.4,6031350000.0,1977612650.0,-0.12,-0.12,56.81,114.79
4883,002727,一心堂,17.35,-0.91,-0.16,75778.0,131605228.56,2.28,17.63,17.23,17.51,17.51,1.35,1.91,15.87,1.39,10160231569.0,6893370713.0,0.06,0.12,35.34,36.29
4884,603779,威龙股份,7.65,-0.91,-0.07,29993.0,22957961.0,1.81,7.75,7.61,7.71,7.72,1.94,0.9,72.87,4.51,2540433068.0,2540433068.0,0.0,0.13,-5.09,-0.65
4885,301665,泰禾股份,28.96,-0.92,-0.27,13800.0,39835657.04,2.43,29.33,28.62,29.09,29.23,1.71,3.84,41.49,3.93,13032000000.0,1039846129.0,0.45,0.56,181.99,181.99
4886,300776,帝尔激光,53.57,-0.92,-0.5,4164.0,22440411.0,1.13,54.18,53.57,54.05,54.07,2.28,0.25,22.46,4.18,14654637378.0,8978379945.0,-0.37,-0.35,-16.03,-15.74
4887,000505,京粮控股,6.44,-0.92,-0.06,18555.0,11977590.0,1.08,6.5,6.43,6.5,6.5,1.8,0.3,90.86,1.49,4681559616.0,4008998944.0,-0.16,0.0,8.05,4.55
4888,002840,华统股份,10.8,-0.92,-0.1,20671.0,22336610.0,0.92,10.87,10.77,10.8,10.9,1.43,0.42,63.55,2.17,8694679244.0,5377261496.0,-0.09,-0.09,0.65,-14.35
4889,688606,奥泰生物,66.58,-0.92,-0.62,6000.0,39496213.0,3.2,67.15,65.0,67.15,67.2,4.53,0.76,21.56,1.34,5278519326.0,5278519326.0,0.85,0.99,-17.89,5.18
4890,600216,浙江医药,15.13,-0.92,-0.14,146965.0,221397648.0,2.1,15.25,14.93,15.12,15.27,2.33,1.53,8.89,1.31,14549579158.0,14549514477.0,0.4,0.4,-2.51,-4.6
4891,301138,华研精机,35.5,-0.92,-0.33,15312.0,54599787.3,2.96,36.36,35.3,36.3,35.83,1.5,2.23,75.63,3.81,4260000000.0,2433884970.0,-0.22,-0.28,21.83,33.51
4892,000428,华天酒店,3.21,-0.93,-0.03,26352.0,8506842.0,1.54,3.26,3.21,3.24,3.24,1.77,0.26,-12.9,2.2,3270752460.0,3270752460.0,0.0,-0.31,5.25,0.31
4893,002869,金溢科技,24.58,-0.93,-0.23,12071.0,29739867.08,1.33,24.84,24.51,24.8,24.81,1.36,0.76,-157.84,2.01,4413494862.0,3914617043.0,0.12,0.08,-16.76,-7.59
4894,601326,秦港股份,3.21,-0.93,-0.03,58867.0,18960998.0,1.54,3.25,3.2,3.25,3.24,4.12,0.12,10.66,0.91,17935592520.0,15271764390.0,0.0,0.0,3.55,-4.18
4895,832802,DR保丽洁,18.05,-0.93,-0.17,13163.0,23662155.48,4.67,18.59,17.74,18.2,18.22,3.14,5.96,91.94,3.52,1480249635.0,398879604.0,-0.06,-0.66,16.38,52.58
4896,600573,惠泉啤酒,12.82,-0.93,-0.12,34051.0,43620673.0,2.86,12.97,12.6,12.95,12.94,3.4,1.36,126.84,2.46,3205000000.0,3205000000.0,0.08,0.0,18.81,13.85
4897,688200,华峰测控,139.23,-0.93,-1.31,2160.0,30131303.0,2.09,141.54,138.6,139.58,140.54,1.52,0.16,76.12,5.34,18857231421.0,18857231421.0,0.27,0.01,-10.84,34.2
4898,300696,爱乐达,20.18,-0.93,-0.19,21602.0,43684474.0,1.47,20.4,20.1,20.17,20.37,1.66,1.28,468.36,3.22,5915827197.0,3404474468.0,0.1,-0.15,30.7,29.94
4899,600017,日照港,3.18,-0.93,-0.03,108417.0,34672577.0,1.25,3.22,3.18,3.21,3.21,2.9,0.35,16.13,0.7,9780579364.0,9780579364.0,0.0,0.0,7.07,-0.63
4900,870199,倍益康,28.61,-0.93,-0.27,8824.0,25500922.28,3.7,29.57,28.5,29.23,28.88,2.93,2.37,-299.09,3.74,1948621378.0,1064334772.0,-0.21,-0.35,0.1,45.89
4901,000981,山子高科,2.11,-0.94,-0.02,667220.0,141428648.31,2.35,2.15,2.1,2.14,2.13,1.2,0.7,63.67,17.82,21094663574.0,20073106820.0,-0.47,-0.47,-4.09,5.5
4902,600004,白云机场,9.47,-0.94,-0.09,26667.0,25333658.0,1.26,9.58,9.46,9.58,9.56,1.5,0.11,18.94,1.2,22412822140.0,22412822140.0,-0.11,-0.11,4.18,-1.35
4903,603345,安井食品,84.15,-0.94,-0.8,4787.0,40359582.0,1.28,85.0,83.91,85.0,84.95,1.42,0.16,15.64,1.85,24680709623.0,24680709623.0,0.2,0.08,8.73,4.5
4904,688351,微电生理,20.11,-0.94,-0.19,11420.0,22929495.0,2.76,20.46,19.9,20.28,20.3,3.5,0.91,132.39,5.37,9463766000.0,2510932207.0,0.1,0.05,1.82,5.62
4905,601022,宁波远洋,9.47,-0.94,-0.09,87144.0,82566481.0,2.41,9.64,9.41,9.59,9.56,1.49,3.5,17.69,2.08,12392757673.0,2354557673.0,-0.11,0.21,22.99,17.93
4906,605333,沪光股份,28.35,-0.94,-0.27,4897.0,13901644.0,1.5,28.6,28.17,28.6,28.62,0.94,0.11,33.25,5.35,12382601896.0,12382601896.0,-0.11,-0.32,-21.94,-13.12
4907,001279,强邦新材,43.22,-0.94,-0.41,6470.0,28022126.0,1.58,43.73,43.04,43.4,43.63,0.89,1.72,83.73,7.07,6915200000.0,1626107854.0,0.05,0.05,6.22,5.11
4908,002317,众生药业,13.56,-0.95,-0.13,163037.0,219337225.2,2.19,13.64,13.34,13.58,13.69,2.07,2.14,34.94,3.02,11547105828.0,10327532025.0,0.52,1.12,25.67,13.47
4909,688621,阳光诺和,57.45,-0.95,-0.55,16945.0,96782504.0,3.19,58.39,56.54,57.71,58.0,2.28,1.51,54.38,6.25,6434400000.0,6434400000.0,0.17,0.6,30.75,52.39
4910,300275,梅安森,12.54,-0.95,-0.12,24494.0,30724521.16,1.74,12.69,12.47,12.64,12.66,1.78,0.96,74.25,4.25,3826660102.0,3204077994.0,0.0,-0.08,-34.0,-14.52
4911,002561,徐家汇,8.32,-0.95,-0.08,14040.0,11707448.0,1.07,8.4,8.31,8.4,8.4,1.42,0.34,132.57,1.58,3459148160.0,3448137197.0,-0.12,-0.12,2.21,-9.17
4912,688002,睿创微纳,60.6,-0.95,-0.58,9902.0,59628115.0,2.7,61.2,59.55,61.19,61.18,2.88,0.22,47.37,5.1,27631898655.0,27631898655.0,0.25,0.17,6.43,28.91
4913,688631,莱斯信息,84.18,-0.96,-0.82,4457.0,37550694.0,2.52,85.44,83.3,84.03,85.0,1.31,0.7,-230.37,7.2,13760904600.0,5323139136.0,-0.14,-0.14,-19.98,-3.34
4914,688720,艾森股份,41.29,-0.96,-0.4,3135.0,12934451.0,1.85,41.67,40.9,41.5,41.69,1.27,0.57,120.28,3.71,3639025361.0,2282620866.0,0.1,0.22,-4.66,4.37
4915,603004,鼎龙科技,21.73,-0.96,-0.21,11073.0,24055614.0,1.82,22.0,21.6,22.0,21.94,0.92,1.88,35.57,2.52,5117849600.0,1279462400.0,-0.09,0.14,-8.7,5.43
4916,002735,王子新材,17.53,-0.96,-0.17,357397.0,626888996.61,3.62,17.82,17.18,17.47,17.7,2.81,12.74,198.91,3.87,6696574874.0,4918844549.0,0.29,-0.28,87.09,89.31
4917,001213,中铁特货,4.11,-0.96,-0.04,33554.0,13835995.0,0.96,4.15,4.11,4.15,4.15,2.33,0.08,26.61,0.95,18266666665.0,18266666665.0,-0.24,0.0,3.79,-1.44
4918,600278,东方创业,7.22,-0.96,-0.07,24716.0,17835771.0,1.23,7.28,7.19,7.28,7.29,2.01,0.28,28.46,0.84,6332977781.0,6295230322.0,0.14,0.0,11.59,3.29
4919,301248,杰创智能,23.57,-0.97,-0.23,18197.0,43021388.0,1.76,23.93,23.51,23.72,23.8,1.59,1.78,66.43,2.42,3622826850.0,2407578274.0,-0.04,0.0,5.18,48.43
4920,000983,山西焦煤,6.13,-0.97,-0.06,110766.0,68011219.0,1.45,6.2,6.11,6.18,6.19,2.03,0.24,12.77,0.94,34800629492.0,28444508933.0,0.16,0.0,-8.78,-25.61
4921,688580,伟思医疗,45.92,-0.97,-0.45,4279.0,19622567.0,1.81,46.4,45.56,46.33,46.37,1.65,0.45,33.1,2.65,4397817545.0,4397817545.0,0.48,0.79,32.68,64.53
4922,688037,芯源微,94.38,-0.97,-0.92,7286.0,68905039.0,2.1,96.0,94.0,95.0,95.3,2.64,0.36,1018.42,7.0,18983465409.0,18983465409.0,-0.21,-0.06,6.67,12.85
4923,688522,纳睿雷达,69.72,-0.97,-0.68,3471.0,24155323.0,1.83,70.4,69.11,69.2,70.4,1.9,0.4,174.2,6.75,15096717014.0,6033825927.0,0.48,0.32,6.1,23.75
4924,300873,海晨股份,20.33,-0.97,-0.2,14429.0,29358608.2,1.75,20.59,20.23,20.53,20.53,2.01,0.86,20.31,1.52,4688134167.0,3391850796.0,-0.1,0.15,-6.05,20.22
4925,601000,唐山港,4.09,-0.97,-0.04,118607.0,48586370.0,1.21,4.13,4.08,4.12,4.13,1.87,0.2,15.89,1.21,24237048031.0,24237048031.0,0.0,0.0,6.51,-9.31
4926,300746,汉嘉设计,16.14,-0.98,-0.16,131407.0,221341990.6,8.22,17.47,16.13,16.5,16.3,5.4,5.92,89.03,4.8,3643416614.0,3581211295.0,-0.86,-0.92,15.87,41.45
4927,603117,万林物流,6.08,-0.98,-0.06,26446.0,16089898.0,1.79,6.16,6.05,6.12,6.14,2.57,0.44,433.02,3.58,3643122271.0,3643122271.0,0.16,0.33,0.66,-0.49
4928,002376,新北洋,7.05,-0.98,-0.07,102655.0,72540418.0,1.54,7.13,7.02,7.1,7.12,1.32,1.3,290.14,1.53,5714465914.0,5551625113.0,-0.28,-0.42,0.86,11.55
4929,001228,永泰运,23.18,-0.98,-0.23,4903.0,11332263.0,1.75,23.4,22.99,23.32,23.41,1.83,0.47,16.07,1.46,2407581637.0,2407581637.0,0.17,0.43,7.46,12.09
4930,603970,中农立华,14.18,-0.98,-0.14,10413.0,14771914.0,1.12,14.29,14.13,14.29,14.32,1.03,0.39,17.67,2.42,3811585900.0,3811585900.0,0.0,-0.07,3.43,-0.14
4931,688287,*ST观典,5.03,-0.98,-0.05,12906.0,6497799.0,1.38,5.08,5.01,5.07,5.08,3.07,0.35,-28.19,2.27,1863693468.0,1863693468.0,0.0,-0.2,-13.87,-8.21
4932,000755,山西高速,5.04,-0.98,-0.05,16619.0,8421479.0,1.57,5.12,5.04,5.12,5.09,3.07,0.11,17.21,1.36,7395243388.0,7395243388.0,-0.4,-0.2,7.92,-0.4
4933,300121,阳谷华泰,14.08,-0.98,-0.14,102090.0,143758276.0,3.52,14.38,13.88,14.18,14.22,1.72,2.36,25.24,1.8,6317936008.0,6095030614.0,0.28,0.5,5.15,17.14
4934,600195,中牧股份,7.03,-0.99,-0.07,36738.0,25823261.0,1.27,7.09,7.0,7.08,7.1,2.72,0.36,28.04,1.29,7178672268.0,7178672268.0,0.14,0.29,11.76,4.77
4935,601333,广深铁路,3.01,-0.99,-0.03,117094.0,35512006.0,1.64,3.06,3.01,3.05,3.04,3.0,0.21,11.39,0.77,21321446370.0,17013233370.0,0.0,-0.33,-0.33,-12.24
4936,300878,维康药业,16.99,-0.99,-0.17,16456.0,28082275.4,3.44,17.4,16.81,17.28,17.16,2.76,1.14,-62.41,2.18,2459987571.0,2448666063.0,0.53,0.71,18.15,13.8
4937,002936,郑州银行,2.01,-0.99,-0.02,618715.0,125552307.67,1.48,2.04,2.01,2.03,2.03,4.21,0.92,4.5,0.41,18275103630.0,13468438641.0,-0.99,-0.5,3.08,-4.29
4938,002124,天邦食品,3.01,-0.99,-0.03,101667.0,30608562.0,0.99,3.03,3.0,3.03,3.04,1.58,0.52,13.17,1.76,6688020834.0,5936801035.0,0.0,0.0,9.85,7.89
4939,300026,红日药业,4.01,-0.99,-0.04,411952.0,165722548.0,3.21,4.12,3.99,4.08,4.05,2.74,1.49,49.92,1.38,12046660896.0,11081326960.0,-0.5,-0.25,16.23,5.8
4940,688114,华大智造,69.8,-0.99,-0.7,7865.0,55002655.0,2.33,70.99,69.35,70.01,70.5,3.82,0.37,-54.52,3.76,29072827619.0,14862687732.0,-0.14,-0.01,-27.67,49.18
4941,603565,中谷物流,9.92,-1.0,-0.1,32341.0,32194525.0,1.2,10.03,9.91,10.01,10.02,2.54,0.15,9.52,2.1,20832625982.0,20832625982.0,0.0,-0.4,25.57,10.1
4942,600258,首旅酒店,14.79,-1.0,-0.15,13341.0,19832194.0,1.67,15.03,14.78,14.99,14.94,2.17,0.12,28.93,1.39,16514560234.0,16514560234.0,0.07,-0.2,13.94,0.82
4943,002932,明德生物,19.51,-1.01,-0.2,8394.0,16404947.81,1.42,19.73,19.45,19.71,19.71,2.07,0.54,-309.62,0.78,4536483871.0,3045221491.0,0.0,0.15,4.16,6.03
4944,600025,华能水电,9.82,-1.01,-0.1,63610.0,62677582.0,0.91,9.91,9.82,9.91,9.92,1.75,0.04,29.3,2.92,176760000000.0,176760000000.0,-0.1,-0.1,13.79,3.26
4945,300747,锐科激光,21.61,-1.01,-0.22,95523.0,206065727.19,1.97,21.82,21.39,21.45,21.83,5.37,1.89,180.18,3.73,12205799703.0,10913879457.0,0.19,-0.09,6.98,12.96
4946,600193,*ST创兴,4.89,-1.01,-0.05,166282.0,82960098.0,5.87,5.14,4.85,5.04,4.94,3.13,3.91,-98.29,21.16,2080073970.0,2080073970.0,-0.61,-1.01,29.37,44.25
4947,000702,正虹科技,6.87,-1.01,-0.07,22499.0,15586480.0,2.59,7.03,6.85,6.98,6.94,1.84,0.84,-66.0,6.76,2381313393.0,1831779537.0,-0.15,0.0,-3.1,3.62
4948,000695,滨海能源,15.74,-1.01,-0.16,242856.0,370847030.37,8.43,16.16,14.82,15.47,15.9,3.57,10.95,-88.75,23.79,3496602264.0,3489878529.0,2.34,3.83,35.92,52.08
4949,600316,洪都航空,35.33,-1.01,-0.36,17094.0,60357855.0,1.23,35.56,35.12,35.56,35.69,2.48,0.24,-742.0,4.75,25335655709.0,25335655709.0,0.08,0.14,-4.25,9.99
4950,688072,拓荆科技,144.6,-1.01,-1.47,4505.0,65233927.0,2.18,147.09,143.9,146.12,146.07,2.24,0.16,-68.81,7.81,40448830463.0,40448830463.0,-0.1,-0.28,-17.71,-5.9
4951,600370,三房巷,1.97,-1.01,-0.02,46451.0,9159169.0,2.01,2.0,1.96,1.98,1.99,1.06,0.12,-15.75,1.46,7676361870.0,7676361870.0,0.0,0.0,13.87,7.07
4952,002966,苏州银行,8.73,-1.02,-0.09,85698.0,75204655.0,1.25,8.84,8.73,8.8,8.82,2.64,0.2,6.28,0.82,39028879356.0,38315607565.0,-0.23,-0.34,12.94,7.64
4953,002889,东方嘉盛,14.5,-1.02,-0.15,14981.0,21753951.6,2.53,14.78,14.41,14.66,14.65,3.14,0.6,31.55,2.27,5476178344.0,3643626033.0,0.21,0.21,-9.26,1.4
4954,002548,金新农,3.88,-1.02,-0.04,31141.0,12091053.0,1.02,3.91,3.87,3.9,3.92,1.78,0.39,-30.29,2.1,3123763393.0,3121349389.0,0.0,0.0,3.19,-2.27
4955,300244,迪安诊断,14.59,-1.02,-0.15,33564.0,49097116.0,1.76,14.82,14.56,14.82,14.74,2.07,0.67,-108.52,1.39,9118449971.0,7316287700.0,0.0,0.0,-18.22,28.55
4956,688336,三生国健,58.0,-1.02,-0.6,41472.0,240791693.0,6.74,59.99,56.04,58.0,58.6,2.3,0.67,86.87,6.31,35773575994.0,35773575994.0,1.4,1.72,112.38,170.77
4957,600165,ST宁科,4.83,-1.02,-0.05,49050.0,23962625.0,2.66,4.96,4.83,4.92,4.88,3.84,0.72,-12.91,428.67,3307988633.0,3307988633.0,-0.41,-0.62,36.83,98.77
4958,600108,亚盛集团,2.91,-1.02,-0.03,60168.0,17569175.0,1.02,2.94,2.91,2.94,2.94,2.26,0.31,57.45,1.32,5665523002.0,5665523002.0,-0.34,-0.34,2.83,-0.68
4959,688126,沪硅产业,18.41,-1.02,-0.19,28811.0,52904763.0,1.67,18.56,18.25,18.56,18.6,2.64,0.11,-60.63,4.35,50575531994.0,50080693526.0,0.0,0.27,-10.46,-2.18
4960,300243,瑞丰高材,10.58,-1.03,-0.11,56318.0,59456342.29,3.55,10.83,10.45,10.75,10.69,2.77,2.9,125.37,2.48,2649511481.0,2057949645.0,0.0,0.47,1.05,11.13
4961,300099,尤洛卡,6.75,-1.03,-0.07,44077.0,29785954.0,1.03,6.81,6.74,6.81,6.82,1.97,0.76,93.84,2.18,4976540471.0,3924532620.0,-0.15,-0.15,-8.29,15.98
4962,002838,道恩股份,18.22,-1.03,-0.19,38790.0,71705030.17,4.45,18.97,18.15,18.68,18.41,4.62,0.92,49.21,2.54,8716418884.0,7663910011.0,0.11,-0.05,32.61,55.59
4963,002714,牧原股份,41.11,-1.04,-0.43,112825.0,464090326.72,1.28,41.49,40.96,41.41,41.54,2.54,0.3,12.5,2.98,224574407814.0,156658828080.0,0.07,-0.19,12.38,6.95
4964,600037,歌华有线,7.63,-1.04,-0.08,149390.0,114664830.0,1.69,7.75,7.62,7.71,7.71,4.89,1.07,77.29,0.83,10619265255.0,10619265255.0,0.0,-0.39,0.13,2.28
4965,600475,华光环能,10.49,-1.04,-0.11,8828.0,9317703.0,1.7,10.67,10.49,10.6,10.6,0.87,0.09,19.43,1.12,10028080497.0,9890871297.0,-0.29,-0.29,19.2,16.43
4966,430090,同辉信息,6.68,-1.04,-0.07,12968.0,8680470.84,1.33,6.75,6.66,6.75,6.75,1.42,0.96,-55.72,13.41,1331548087.0,904120632.0,0.0,-0.3,-13.92,21.01
4967,301116,益客食品,11.27,-1.05,-0.12,12959.0,14632862.0,1.23,11.37,11.23,11.36,11.39,1.75,0.29,-17.76,3.03,5060000013.0,5059974656.0,-0.18,-0.27,-1.74,-8.22
4968,688410,山外山,14.1,-1.05,-0.15,15590.0,21912718.0,1.47,14.16,13.95,14.07,14.25,1.98,0.66,30.61,2.62,4530550609.0,3307205365.0,0.07,0.21,33.9,26.34
4969,002357,富临运业,8.46,-1.05,-0.09,26174.0,22131068.0,1.87,8.56,8.4,8.5,8.55,2.03,0.83,10.02,1.61,2652117245.0,2652022070.0,-0.12,0.36,-11.04,20.0
4970,831961,创远信科,22.62,-1.05,-0.24,20977.0,47412014.07,1.84,22.83,22.41,22.83,22.86,2.91,1.99,142.77,4.22,3231052291.0,2385025837.0,0.09,0.22,2.49,52.63
4971,002987,京北方,14.15,-1.05,-0.15,239451.0,337677653.52,3.85,14.45,13.9,14.09,14.3,3.78,2.84,65.68,4.53,12277781111.0,11934741444.0,-0.91,-1.67,-3.54,41.64
4972,000061,农 产 品,6.58,-1.05,-0.07,24996.0,16518173.64,1.5,6.66,6.56,6.64,6.65,2.58,0.15,37.49,1.75,11166023982.0,11165819179.0,0.0,0.0,6.82,-6.13
4973,000421,南京公用,6.52,-1.06,-0.07,54261.0,35355824.0,1.06,6.56,6.49,6.52,6.59,2.06,0.94,28.45,1.38,3745190586.0,3744411856.0,0.0,0.31,8.31,1.56
4974,873167,新赣江,26.25,-1.06,-0.28,6693.0,17489052.11,2.04,26.53,25.99,26.49,26.53,2.05,1.6,87.37,3.94,1860107813.0,1096774009.0,0.69,0.69,-10.04,87.9
4975,600073,光明肉业,8.43,-1.06,-0.09,33071.0,27838437.0,1.88,8.51,8.35,8.48,8.52,1.8,0.35,11.93,1.56,7905059449.0,7905059449.0,0.24,0.12,32.76,21.47
4976,002111,威海广泰,10.27,-1.06,-0.11,29372.0,30238952.0,1.73,10.42,10.24,10.26,10.38,2.26,0.61,32.58,1.78,5463700192.0,4911022279.0,0.1,0.1,-9.99,-6.81
4977,601900,南方传媒,15.94,-1.06,-0.17,14317.0,22957086.0,1.43,16.16,15.93,16.16,16.11,1.82,0.16,11.15,1.66,14280272462.0,14280272462.0,-0.19,-0.25,12.25,5.49
4978,002234,民和股份,8.34,-1.07,-0.09,12218.0,10216403.0,0.83,8.41,8.34,8.41,8.43,2.72,0.41,-10.24,1.48,2910328168.0,2513748049.0,-0.12,-0.12,0.24,-6.19
4979,300429,强力新材,12.06,-1.07,-0.13,58310.0,70484563.0,1.64,12.2,12.0,12.16,12.19,1.38,1.46,-287.6,3.71,6467785863.0,4807655275.0,0.08,-0.41,-10.73,0.58
4980,600798,宁波海运,3.7,-1.07,-0.04,243525.0,89984530.0,3.21,3.77,3.65,3.75,3.74,2.0,2.02,-24.03,1.14,4464176544.0,4464176544.0,0.0,0.54,26.71,22.11
4981,002827,高争民爆,29.52,-1.07,-0.32,20213.0,59978707.0,1.31,29.89,29.5,29.7,29.84,2.14,0.73,115.57,8.8,8147520000.0,8147486790.0,-0.3,-0.57,7.78,16.96
4982,603712,七一二,20.43,-1.07,-0.22,33034.0,67736588.0,1.4,20.7,20.41,20.45,20.65,2.32,0.43,-72.99,3.65,15771960000.0,15771960000.0,-0.2,-0.34,4.39,4.93
4983,002157,正邦科技,2.78,-1.07,-0.03,103072.0,28743735.0,1.07,2.81,2.78,2.8,2.81,1.48,0.14,37.68,2.2,25715451997.0,19889572367.0,0.0,0.0,-2.11,-4.79
4984,002800,天顺股份,12.82,-1.08,-0.14,19315.0,24794810.0,1.54,12.96,12.76,12.86,12.96,2.11,1.36,252.23,3.75,1951884319.0,1816005562.0,-0.08,-0.16,17.08,24.22
4985,300551,古鳌科技,9.12,-1.08,-0.1,65164.0,59840807.0,2.17,9.3,9.1,9.2,9.22,2.91,1.89,-15.61,5.74,3153266804.0,3144238177.0,-0.33,-0.44,-23.04,-8.53
4986,301367,瑞迈特,83.15,-1.08,-0.91,6354.0,52468830.4,3.65,84.48,81.41,84.44,84.06,4.58,1.12,25.89,2.6,7450240000.0,4700035956.0,-0.02,0.73,36.4,32.83
4987,300965,恒宇信通,43.05,-1.08,-0.47,5965.0,25939788.0,3.61,44.47,42.9,43.84,43.52,6.56,2.89,125.97,2.12,2583000000.0,887228213.0,-0.12,-0.16,10.24,21.4
4988,002990,盛视科技,28.46,-1.08,-0.31,11594.0,33095490.0,1.74,28.86,28.36,28.86,28.77,0.93,0.86,61.45,3.12,7436808262.0,3816354742.0,-0.49,-0.77,-4.01,23.95
4989,600033,福建高速,3.63,-1.09,-0.04,88016.0,32092605.0,1.36,3.68,3.63,3.67,3.67,3.09,0.32,10.11,0.83,9962172000.0,9962172000.0,-0.27,-0.27,-2.42,-6.44
4990,600775,南京熊猫,9.94,-1.09,-0.11,54574.0,54498269.0,1.89,10.12,9.93,10.06,10.05,2.74,0.81,-64.36,2.95,9083554978.0,6678074978.0,-0.1,-0.2,-5.87,-1.0
4991,605056,XD咸亨国,14.56,-1.09,-0.16,13809.0,20177288.0,2.24,14.83,14.5,14.83,14.72,2.51,0.34,69.25,3.78,5974947014.0,5921162374.0,0.14,0.0,-0.48,19.93
4992,600166,福田汽车,2.71,-1.09,-0.03,310255.0,84595176.0,2.55,2.77,2.7,2.76,2.74,2.11,0.48,12.31,1.46,21456154995.0,17584726425.0,0.37,0.0,15.32,7.97
4993,839729,永顺生物,9.96,-1.09,-0.11,12364.0,12274796.13,2.88,10.14,9.85,10.14,10.07,2.4,1.61,85.98,4.29,2722566000.0,765177408.0,0.0,0.3,22.51,50.23
4994,300233,金城医药,16.39,-1.09,-0.18,73435.0,119972536.0,3.2,16.73,16.2,16.41,16.57,3.35,1.98,44.87,1.71,6291704481.0,6092233690.0,0.0,0.74,23.23,40.09
4995,688652,京仪装备,53.75,-1.09,-0.59,2520.0,13536858.0,2.47,54.75,53.41,54.36,54.34,2.03,0.25,62.92,4.28,9030000000.0,5493787500.0,0.06,0.15,-15.88,9.47
4996,301153,中科江南,23.28,-1.1,-0.26,11947.0,27895472.6,2.21,23.69,23.17,23.59,23.54,2.32,0.36,-44.9,4.86,8214361502.0,7664474586.0,0.13,0.04,-18.09,-16.14
4997,688207,格灵深瞳,14.45,-1.1,-0.16,15304.0,22131095.0,1.78,14.63,14.37,14.58,14.61,1.45,0.81,-21.02,1.88,3742161974.0,2726372622.0,0.07,0.14,-17.71,1.47
4998,300967,晓鸣股份,18.89,-1.1,-0.21,33929.0,64233810.92,2.51,19.26,18.78,19.18,19.1,2.46,2.72,8.95,4.82,3543166698.0,2357286141.0,-0.37,-0.47,51.61,63.55
4999,001270,*ST铖昌,36.05,-1.1,-0.4,12196.0,43888959.12,1.12,36.23,35.82,36.0,36.45,2.84,1.2,62.65,5.33,7471599024.0,3655180266.0,-0.3,-0.28,12.17,-5.38
5000,600318,新力金融,9.0,-1.1,-0.1,81584.0,73491290.0,1.54,9.09,8.95,9.03,9.1,2.17,1.59,66.19,4.27,4614548688.0,4614548688.0,0.0,-0.11,3.45,6.26
5001,300760,迈瑞医疗,230.13,-1.1,-2.56,11010.0,253433630.0,1.29,232.0,229.0,232.0,232.69,2.31,0.09,26.54,7.71,279019138001.0,279014029115.0,0.15,0.06,-4.62,-9.05
5002,603477,巨星农牧,21.64,-1.1,-0.24,65999.0,143366306.0,2.65,22.1,21.52,21.89,21.88,2.64,1.29,21.28,3.48,11037921162.0,11037921162.0,-0.18,0.14,23.23,21.92
5003,430478,峆一药业,22.58,-1.1,-0.25,24752.0,55186593.57,2.93,22.78,22.11,22.5,22.83,3.33,5.24,23.1,3.69,1777242446.0,1065913083.0,1.12,0.8,50.13,93.16
5004,301606,绿联科技,50.63,-1.11,-0.57,5012.0,25344928.91,2.64,51.25,49.9,51.06,51.2,1.19,1.51,34.95,7.48,21006883478.0,1681013007.0,-0.22,-0.45,20.32,36.1
5005,300589,江龙船艇,11.63,-1.11,-0.13,28534.0,33307113.5,1.11,11.76,11.63,11.75,11.76,3.85,1.23,-419.38,5.33,4392278793.0,2693589573.0,-0.09,-0.34,-2.43,-6.59
5006,603520,司太立,10.68,-1.11,-0.12,63859.0,68233734.0,3.52,10.95,10.57,10.9,10.8,3.16,1.46,81.6,1.8,4682217529.0,4682217529.0,0.0,0.47,26.69,22.9
5007,301208,中亦科技,39.33,-1.11,-0.44,10428.0,40951979.0,1.46,39.58,39.0,39.35,39.77,2.43,2.13,107.39,3.12,4719602360.0,1928017955.0,-0.03,0.03,-4.75,2.02
5008,600793,宜宾纸业,30.25,-1.11,-0.34,48356.0,146434059.0,5.03,31.4,29.86,31.0,30.59,1.52,2.73,83.47,22.5,5351346061.0,5351346061.0,-0.3,-0.72,71.78,30.22
5009,603609,禾丰股份,8.88,-1.11,-0.1,8809.0,7844128.0,2.23,9.05,8.85,8.99,8.98,1.86,0.1,17.18,1.25,8102828865.0,8102828865.0,-0.22,0.0,18.24,3.02
5010,600712,南宁百货,6.16,-1.12,-0.07,55725.0,34334822.0,1.61,6.22,6.12,6.21,6.23,1.99,1.03,-126.51,4.25,3355077018.0,3318073965.0,0.33,0.16,8.07,-14.8
5011,301201,诚达药业,22.94,-1.12,-0.26,16357.0,37592075.66,3.19,23.56,22.82,23.01,23.2,3.75,1.88,-633.78,1.66,3549135123.0,2000226323.0,0.13,0.22,14.13,13.68
5012,600633,浙数文化,13.3,-1.12,-0.15,153659.0,203703050.0,2.23,13.38,13.08,13.23,13.45,3.84,1.21,29.33,1.7,16865390478.0,16865390478.0,0.15,-0.08,-8.72,27.15
5013,600851,海欣股份,6.98,-1.13,-0.08,45093.0,31647645.0,3.4,7.18,6.94,7.0,7.06,2.68,0.61,63.78,1.97,8425255710.0,5152678648.0,0.29,0.14,9.4,20.34
5014,300662,科锐国际,29.84,-1.13,-0.34,4370.0,13083796.0,1.66,30.27,29.77,30.04,30.18,1.43,0.22,25.41,2.93,5872701753.0,5857102385.0,-0.17,0.03,6.42,42.78
5015,600208,衢州发展,2.63,-1.13,-0.03,271868.0,71697621.0,1.13,2.65,2.62,2.64,2.66,3.05,0.32,13.2,0.54,22378514304.0,22375432957.0,0.38,0.0,-11.45,-11.15
5016,300465,高伟达,14.01,-1.13,-0.16,53370.0,75079021.6,1.83,14.24,13.98,14.03,14.17,2.32,1.2,-147.48,9.72,6216928492.0,6216928492.0,-0.28,-0.43,-19.53,-23.69
5017,300093,*ST金刚,12.16,-1.14,-0.14,64572.0,80981460.0,6.99,12.87,12.01,12.22,12.3,4.47,2.99,-5.2,-2.85,2626560000.0,2622386688.0,-1.3,-2.33,0.08,-11.95
5018,002592,ST八菱,6.06,-1.14,-0.07,17187.0,10433297.0,1.47,6.1,6.01,6.1,6.13,1.68,0.65,9.15,1.84,1716986811.0,1592061202.0,0.17,0.33,9.58,25.99
5019,600172,黄河旋风,4.32,-1.14,-0.05,249711.0,108240780.0,4.12,4.44,4.26,4.33,4.37,1.75,1.96,-9.3,4.64,6230236936.0,5513424840.0,-0.69,-1.14,3.6,3.85
5020,000617,中油资本,6.86,-1.15,-0.08,311493.0,214584831.0,1.44,6.96,6.86,6.91,6.94,2.44,0.25,17.09,0.85,86724662482.0,86724662482.0,-0.15,-0.15,6.85,0.44
5021,603701,德宏股份,17.17,-1.15,-0.2,11281.0,19436493.0,2.3,17.5,17.1,17.37,17.37,0.95,0.43,237.77,5.56,4487583840.0,4487583840.0,0.0,0.0,4.82,22.64
5022,002120,韵达股份,6.87,-1.15,-0.08,75465.0,52069680.0,1.44,6.97,6.87,6.95,6.95,1.88,0.27,15.51,0.97,19917472144.0,19339901537.0,-0.15,-0.15,-6.91,-8.64
5023,600029,南方航空,5.97,-1.16,-0.07,132579.0,79259149.0,1.66,6.04,5.94,6.02,6.04,2.56,0.1,-36.21,3.18,108181867798.0,75659882444.0,0.17,0.34,-0.67,-8.01
5024,600605,汇通能源,38.1,-1.17,-0.45,4971.0,18982171.0,2.31,38.79,37.9,38.42,38.55,1.34,0.24,204.71,5.64,7859360545.0,7859360545.0,0.21,0.21,8.7,10.27
5025,301633,港迪技术,75.0,-1.17,-0.89,4965.0,37276161.0,1.91,75.97,74.52,75.55,75.89,2.4,3.57,-201.08,4.54,4176000000.0,1044000000.0,-0.28,0.33,-10.14,-10.16
5026,300836,佰奥智能,40.52,-1.17,-0.48,4367.0,17665311.67,2.46,41.0,39.99,40.87,41.0,1.27,0.69,100.15,7.19,3755620917.0,2561262595.0,-0.2,-0.78,13.22,40.26
5027,600449,XD宁夏建,13.53,-1.17,-0.16,48611.0,65908023.0,4.75,13.99,13.34,13.96,13.69,3.17,1.02,-192.37,0.9,6469789498.0,6469789498.0,-0.29,-0.07,2.73,-8.64
5028,300181,佐力药业,17.54,-1.18,-0.21,106534.0,185774422.72,2.31,17.65,17.24,17.61,17.75,4.68,1.77,16.98,4.55,12302333856.0,10575057519.0,-0.06,0.52,24.05,18.75
5029,603101,汇嘉时代,8.38,-1.18,-0.1,30196.0,25245825.0,2.12,8.49,8.31,8.42,8.48,1.39,0.64,17.33,2.78,3941952000.0,3941952000.0,0.12,0.0,14.48,-10.18
5030,300189,神农种业,4.18,-1.18,-0.05,262420.0,109232710.0,1.89,4.22,4.14,4.22,4.23,3.04,2.96,-1097.49,6.13,4280320000.0,3704514859.0,-0.24,0.24,4.76,6.36
5031,002337,赛象科技,5.81,-1.19,-0.07,82825.0,48045228.9,2.21,5.89,5.76,5.85,5.88,3.49,1.41,134.59,2.7,3419857508.0,3416259851.0,0.35,0.69,4.12,16.9
5032,601816,京沪高铁,5.81,-1.19,-0.07,192019.0,111986234.0,1.19,5.88,5.81,5.87,5.88,3.37,0.04,23.98,1.39,284258197140.0,284258197140.0,-0.17,-0.17,4.87,-5.68
5033,301035,润丰股份,54.03,-1.19,-0.65,3671.0,19908600.0,1.96,54.98,53.91,54.5,54.68,1.77,0.13,14.77,2.22,15170055725.0,15145565601.0,-0.11,-0.22,6.07,11.84
5034,300462,华铭智能,10.0,-1.19,-0.12,31439.0,31557506.0,2.57,10.2,9.94,10.08,10.12,3.29,2.3,-100.56,1.27,1812219380.0,1367344130.0,0.0,-0.1,-0.79,12.11
5035,000951,中国重汽,18.22,-1.19,-0.22,22779.0,41920446.32,2.28,18.62,18.2,18.44,18.44,1.29,0.19,17.24,1.37,21406119739.0,21406119739.0,-0.38,-1.09,-6.66,7.3
5036,001212,中旗新材,51.16,-1.2,-0.62,54338.0,278791909.91,5.41,52.8,50.0,50.0,51.78,3.96,3.53,-559.36,5.34,9248365405.0,7877972260.0,-0.49,-0.89,207.08,206.71
5037,601579,会稽山,23.12,-1.2,-0.28,107917.0,249113837.0,4.02,23.64,22.7,23.39,23.4,2.04,2.25,29.56,3.07,11085194016.0,11085194016.0,-0.56,-0.09,140.33,116.68
5038,600570,恒生电子,26.39,-1.2,-0.32,81598.0,215933365.0,1.24,26.65,26.32,26.6,26.71,3.22,0.43,398.32,5.86,49923743718.0,49923743718.0,0.0,-0.15,-14.68,-5.72
5039,002352,顺丰控股,47.34,-1.21,-0.58,47499.0,226442234.45,1.9,48.18,47.27,47.8,47.92,1.95,0.1,26.45,2.51,236354040085.0,227008568550.0,0.0,-0.15,12.18,17.47
5040,002853,皮阿诺,13.01,-1.21,-0.16,12427.0,16132884.0,3.19,13.3,12.88,13.13,13.17,4.51,0.97,-150.1,2.54,2379736483.0,1674449643.0,0.08,0.08,-15.24,18.6
5041,002061,浙江交科,4.04,-1.22,-0.05,100452.0,40737588.0,1.71,4.1,4.03,4.08,4.09,2.69,0.39,12.19,0.71,10789027777.0,10500517116.0,0.0,-0.25,4.39,-0.98
5042,000756,新华制药,15.34,-1.22,-0.19,57850.0,88663980.1,1.16,15.44,15.26,15.44,15.53,2.3,1.17,23.6,2.05,10581172047.0,7556850994.0,-0.07,0.13,4.07,-2.36
5043,001202,炬申股份,16.26,-1.22,-0.2,8108.0,13240945.0,2.31,16.55,16.17,16.36,16.46,3.51,0.9,66.79,2.76,2094288000.0,1470564969.0,-0.06,-0.37,11.14,17.06
5044,300581,晨曦航空,13.63,-1.23,-0.17,152797.0,209477841.51,3.04,14.0,13.58,13.77,13.8,2.76,2.78,-123.25,7.62,7497993112.0,7497993112.0,-0.07,-0.07,24.7,21.59
5045,605050,福然德,13.6,-1.23,-0.17,25483.0,34563800.0,3.2,13.79,13.35,13.7,13.77,3.21,0.52,18.45,1.56,6702476862.0,6702476862.0,0.44,0.37,22.19,43.16
5046,300927,江天化学,31.42,-1.23,-0.39,23065.0,72319250.0,2.7,31.89,31.03,31.89,31.81,1.57,1.64,1384.94,4.7,4535791200.0,4426723111.0,-0.44,-0.29,64.85,90.77
5047,002923,润都股份,12.9,-1.23,-0.16,51972.0,67226877.0,3.6,13.25,12.78,13.05,13.06,2.91,2.01,578.12,3.91,4320123389.0,3329294346.0,0.0,0.16,34.8,37.38
5048,834599,同力股份,23.25,-1.23,-0.29,14489.0,33803486.87,1.19,23.5,23.22,23.45,23.54,1.15,0.42,14.19,3.65,10637456250.0,8038672295.0,-0.09,-0.3,29.17,92.79
5049,603130,云中马,28.87,-1.23,-0.36,30642.0,88130569.0,4.76,29.6,28.21,29.31,29.23,3.93,6.0,95.9,2.99,3970034954.0,1474201802.0,1.16,0.28,6.22,30.93
5050,688298,东方生物,24.75,-1.24,-0.31,5849.0,14484079.0,1.36,25.0,24.66,25.0,25.06,1.61,0.29,-10.8,0.77,4989600000.0,4989600000.0,0.12,0.0,-16.1,-15.62
5051,001234,泰慕士,21.42,-1.24,-0.27,36573.0,79497324.04,3.69,22.19,21.39,21.71,21.69,6.3,3.4,28.16,2.53,2344069854.0,2305106874.0,-0.23,-0.65,24.03,27.73
5052,600689,上海三毛,11.9,-1.24,-0.15,10869.0,12954649.0,2.57,12.12,11.81,12.01,12.05,2.68,0.71,158.94,5.14,2391796982.0,1811229302.0,0.08,0.25,-3.64,11.21
5053,603310,巍华新材,19.15,-1.24,-0.24,13075.0,25112289.0,2.17,19.42,19.0,19.3,19.39,2.31,1.89,49.37,1.65,6613261000.0,1322728800.0,0.0,0.47,-1.95,3.79
5054,001230,劲旅环境,22.25,-1.24,-0.28,54557.0,119879353.02,5.9,22.89,21.56,22.54,22.53,4.09,10.09,19.15,1.57,2970288158.0,1203229137.0,1.04,0.0,19.69,34.2
5055,002414,高德红外,8.73,-1.24,-0.11,90389.0,79160067.96,2.26,8.89,8.69,8.82,8.84,2.7,0.27,111.57,5.81,37283526223.0,29669886523.0,0.34,0.11,5.82,17.5
5056,688563,航材股份,54.32,-1.24,-0.68,3681.0,20076446.0,1.42,55.03,54.25,54.69,55.0,2.74,0.32,45.36,2.36,24444000000.0,6257066100.0,-0.15,-0.26,6.09,-2.2
5057,002010,传化智联,5.54,-1.25,-0.07,104977.0,58354999.0,2.32,5.66,5.53,5.61,5.61,1.88,0.38,19.6,0.88,15445356614.0,15405463617.0,-0.18,-0.36,7.78,22.3
5058,688728,格科微,14.99,-1.25,-0.19,18520.0,27830407.0,1.45,15.18,14.96,15.11,15.18,2.39,0.13,-188.39,5.04,38982794138.0,21718818723.0,0.07,-0.07,-7.13,11.53
5059,300055,万邦达,5.54,-1.25,-0.07,56385.0,31233110.42,1.96,5.62,5.51,5.6,5.61,1.97,0.89,59.08,0.9,4635592817.0,3505164338.0,0.0,0.0,9.92,15.66
5060,300900,广联航空,23.64,-1.25,-0.3,74856.0,177313094.6,2.55,24.14,23.53,23.54,23.94,2.19,3.4,38.22,5.46,7024606757.0,5209499780.0,-0.13,-0.08,9.5,7.45
5061,000958,电投产融,7.06,-1.26,-0.09,184101.0,129945589.0,1.4,7.12,7.02,7.11,7.15,1.54,0.34,35.95,1.88,38006934751.0,38006775901.0,0.14,0.28,12.6,13.32
5062,601111,中国国航,7.86,-1.26,-0.1,106722.0,84226844.0,2.26,8.0,7.82,7.93,7.96,1.99,0.09,-16.77,3.19,137144589060.0,91475540466.0,0.13,0.0,4.66,-0.63
5063,002103,广博股份,11.77,-1.26,-0.15,176163.0,205387972.83,3.1,11.88,11.51,11.78,11.92,1.8,4.67,52.56,5.83,6288392657.0,4438174963.0,0.68,0.68,19.98,24.55
5064,600053,九鼎投资,14.87,-1.26,-0.19,32225.0,47940355.0,1.39,15.01,14.8,14.97,15.06,2.29,0.74,-48.44,2.49,6446751696.0,6446751696.0,0.07,-0.07,7.06,7.21
5065,300902,国安达,18.75,-1.26,-0.24,15122.0,28389408.2,1.84,18.96,18.61,18.8,18.99,2.53,1.24,316.76,4.15,3408813169.0,2279685825.0,0.05,0.0,2.18,-18.05
5066,688500,慧辰股份,30.61,-1.26,-0.39,1527.0,4686161.0,1.94,31.01,30.41,31.01,31.0,1.1,0.21,-32.19,3.14,2273542751.0,2273542751.0,-0.1,-0.07,-4.64,-10.76
5067,002928,华夏航空,8.55,-1.27,-0.11,27630.0,23714775.0,1.85,8.69,8.53,8.62,8.66,1.1,0.22,33.33,3.17,10928965253.0,10928965253.0,-0.23,0.12,11.76,10.18
5068,300042,朗科科技,21.78,-1.27,-0.28,25641.0,55667278.0,2.04,21.99,21.54,21.6,22.06,4.06,1.28,-85.87,4.28,4364712000.0,4364310159.0,-0.14,-0.27,-23.12,-5.71
5069,600178,东安动力,12.45,-1.27,-0.16,48642.0,60812920.0,1.82,12.65,12.42,12.62,12.61,1.66,1.04,393.07,2.3,5862996268.0,5807628204.0,0.0,0.24,1.8,6.96
5070,688617,惠泰医疗,387.11,-1.28,-5.01,2898.0,111597512.0,2.72,392.0,381.33,391.78,392.12,3.67,0.3,51.39,13.94,37646793576.0,37646793576.0,0.01,0.3,4.52,3.97
5071,002096,易普力,11.61,-1.28,-0.15,13507.0,15761706.8,1.62,11.8,11.61,11.77,11.76,1.69,0.19,21.8,1.89,14401517340.0,8137957088.0,-0.17,-0.26,-1.86,-2.27
5072,603529,爱玛科技,36.39,-1.28,-0.47,10424.0,38137280.0,1.55,36.88,36.31,36.86,36.86,1.36,0.12,12.96,3.61,31357847132.0,30668285744.0,-0.11,-0.6,-13.15,-11.29
5073,603678,火炬电子,35.24,-1.29,-0.46,10626.0,37582193.0,2.02,35.78,35.06,35.55,35.7,1.72,0.22,39.28,2.83,16758968076.0,16758968076.0,0.03,-0.25,12.05,15.77
5074,002321,华英农业,2.3,-1.29,-0.03,59429.0,13682327.0,1.72,2.33,2.29,2.32,2.33,2.7,0.28,-102.9,5.17,4905647163.0,4885687793.0,0.44,0.44,-11.88,-3.77
5075,600295,鄂尔多斯,9.21,-1.29,-0.12,22755.0,21020857.0,1.29,9.31,9.19,9.31,9.33,2.46,0.12,14.04,1.2,25776729299.0,18195057299.0,-0.22,-0.32,1.1,-5.64
5076,003029,吉大正元,20.47,-1.3,-0.27,12381.0,25445048.0,1.69,20.76,20.41,20.6,20.74,2.16,0.72,-32.23,3.53,3963406047.0,3497146814.0,-0.05,-0.2,-16.79,-6.19
5077,688310,迈得医疗,14.42,-1.3,-0.19,21544.0,31058331.0,5.13,14.88,14.13,14.62,14.61,4.03,1.3,-55.5,3.05,2396887930.0,2396887930.0,0.0,0.98,23.78,33.52
5078,688548,广钢气体,9.76,-1.31,-0.13,22863.0,22285222.0,2.43,9.92,9.68,9.89,9.89,3.52,0.34,57.04,2.19,12877329565.0,6649619897.0,-0.1,-0.1,-9.88,-3.08
5079,832786,骑士乳业,11.34,-1.31,-0.15,35366.0,39958874.25,2.0,11.43,11.2,11.42,11.49,1.25,3.23,55.64,3.28,2370661020.0,1241786360.0,-0.53,0.35,30.05,61.54
5080,601858,中国科传,19.54,-1.31,-0.26,33096.0,65003747.0,1.92,19.89,19.51,19.79,19.8,2.17,0.42,111.09,2.85,15446370000.0,15446370000.0,-0.1,-0.31,-5.51,-4.12
5081,300805,电声股份,10.57,-1.31,-0.14,35224.0,37008032.46,2.05,10.6,10.38,10.54,10.71,3.68,1.22,258.49,2.92,4484360467.0,3045880711.0,0.19,0.19,-4.17,-4.6
5082,600805,悦达投资,5.26,-1.31,-0.07,122634.0,64311826.0,2.81,5.33,5.18,5.32,5.33,1.56,1.44,70.69,1.03,4475705038.0,4472448436.0,-0.19,-0.19,17.67,18.74
5083,600975,新五丰,6.04,-1.31,-0.08,73521.0,44558078.0,1.14,6.1,6.03,6.08,6.12,3.36,0.72,97.07,2.5,7618203879.0,6142414929.0,0.0,-0.17,0.17,-2.58
5084,603680,今创集团,10.46,-1.32,-0.14,23435.0,24481668.0,3.02,10.68,10.36,10.61,10.6,1.59,0.3,13.72,1.5,8197698303.0,8197698303.0,0.0,0.19,23.79,26.02
5085,600893,航发动力,35.01,-1.32,-0.47,68177.0,239470826.0,1.41,35.44,34.94,35.31,35.48,2.57,0.26,3106.04,2.34,93322454272.0,93306017778.0,0.09,-0.11,-2.75,-15.54
5086,603329,上海雅仕,14.9,-1.32,-0.2,14065.0,20977253.0,2.19,15.15,14.82,15.07,15.1,3.68,0.89,60.66,2.1,2365467306.0,2365467306.0,0.07,0.34,13.91,15.59
5087,300518,新迅达,12.63,-1.33,-0.17,38907.0,49744622.56,3.44,12.99,12.55,12.79,12.8,4.02,1.95,-60.64,3.27,2518568205.0,2518267611.0,-0.08,0.24,13.89,2.18
5088,837403,康农种业,30.44,-1.33,-0.41,3362.0,10199030.79,2.76,30.92,30.07,30.92,30.85,1.52,0.81,-608.58,4.44,2160393768.0,1265571918.0,-0.03,0.56,7.75,41.71
5089,301237,和顺科技,25.94,-1.33,-0.35,4998.0,13122624.0,2.4,26.57,25.94,26.48,26.29,5.21,1.27,-58.17,1.57,2075200000.0,1018145000.0,-0.46,-0.73,4.72,8.54
5090,300179,四方达,10.38,-1.33,-0.14,112130.0,115788910.8,2.85,10.5,10.2,10.32,10.52,2.67,2.99,36.91,4.33,5043733655.0,3899140968.0,0.19,0.0,8.01,-6.06
5091,600731,湖南海利,6.61,-1.34,-0.09,39155.0,26090733.0,2.39,6.77,6.61,6.65,6.7,1.93,0.7,16.31,1.15,3693287370.0,3688265416.0,-0.3,-0.3,9.62,15.96
5092,603136,天目湖,11.82,-1.34,-0.16,20395.0,24202627.0,1.84,12.0,11.78,11.84,11.98,4.27,0.76,57.67,2.48,3192897712.0,3192897712.0,-0.17,-0.08,7.26,6.78
5093,603199,九华旅游,36.49,-1.35,-0.5,5166.0,18925308.0,1.38,36.97,36.46,36.81,36.99,2.87,0.47,14.71,2.68,4038713200.0,4038713200.0,-0.05,-0.11,12.9,10.34
5094,603730,DR岱美股,5.85,-1.35,-0.08,44590.0,26274062.0,2.7,5.99,5.83,5.99,5.93,5.83,0.21,15.04,2.88,12569212802.0,12569212802.0,0.34,-0.17,-7.44,-12.03
5095,600759,洲际油气,2.2,-1.35,-0.03,218449.0,48316585.0,1.35,2.23,2.2,2.23,2.23,1.96,0.53,53.61,1.05,9127820416.0,9116108716.0,-0.45,-0.9,2.33,-3.08
5096,600965,福成股份,5.06,-1.36,-0.07,26366.0,13380515.0,1.75,5.14,5.05,5.13,5.13,2.39,0.32,43.2,1.93,4142626832.0,4142626832.0,-0.2,0.0,6.3,16.59
5097,688050,爱博医疗,71.22,-1.36,-0.98,8676.0,61877233.0,1.36,71.98,71.0,71.4,72.2,3.08,0.46,37.15,5.04,13755298544.0,13499361284.0,0.17,-0.03,-22.19,-21.76
5098,600006,东风股份,7.95,-1.36,-0.11,257257.0,204247196.0,3.1,8.1,7.85,8.07,8.06,1.8,1.29,26.29,1.89,15900000000.0,15900000000.0,-0.13,-0.13,7.87,7.87
5099,688680,海优新材,39.75,-1.36,-0.55,9107.0,36242379.0,4.49,40.89,39.08,40.74,40.3,5.4,1.08,-14.54,2.43,3339807919.0,3339807919.0,0.4,0.58,22.5,17.67
5100,836433,大唐药业,7.91,-1.37,-0.11,21609.0,17142531.29,2.24,8.05,7.87,7.98,8.02,2.18,1.28,392.65,4.36,2024324677.0,1339601388.0,0.25,0.38,10.01,30.74
5101,301529,福赛科技,34.51,-1.37,-0.48,6560.0,22583720.0,2.86,35.1,34.1,34.97,34.99,1.42,1.45,26.17,2.37,2927732117.0,1561180980.0,0.06,0.44,13.33,21.22
5102,002895,川恒股份,24.39,-1.37,-0.34,20908.0,51172673.88,2.3,24.87,24.3,24.86,24.73,3.72,0.39,16.26,2.12,13138036009.0,13093951084.0,-0.04,-0.12,6.88,-0.85
5103,600018,上港集团,5.75,-1.37,-0.08,68246.0,39428414.0,1.54,5.83,5.74,5.81,5.83,2.6,0.03,8.56,0.97,133867850257.0,133483822086.0,0.0,-0.17,3.79,-6.05
5104,301366,一博科技,49.72,-1.37,-0.69,27610.0,136800178.0,3.41,50.75,49.03,49.97,50.41,4.11,5.04,-277.59,3.53,7458000050.0,2725834613.0,0.38,0.18,-31.23,14.54
5105,300464,星徽股份,5.74,-1.37,-0.08,91968.0,52799107.0,1.89,5.81,5.7,5.75,5.82,1.33,2.59,-233.4,20.58,2653123646.0,2039666955.0,0.17,-0.35,14.34,11.03
5106,300386,飞天诚信,18.65,-1.37,-0.26,119101.0,222697822.32,2.96,19.04,18.48,18.71,18.91,2.51,4.8,101.39,5.24,7796520600.0,4629212603.0,-0.16,-0.16,-5.04,11.01
5107,839273,一致魔芋,46.29,-1.38,-0.65,10517.0,48582466.82,2.64,47.1,45.86,47.1,46.94,1.84,1.55,52.6,7.87,4776591360.0,3136571840.0,-0.24,-0.17,135.69,217.05
5108,002299,圣农发展,15.0,-1.38,-0.21,29778.0,44835074.0,2.04,15.29,14.98,15.23,15.21,3.8,0.24,31.6,1.8,18651004425.0,18649975815.0,0.0,-0.13,10.29,6.53
5109,835670,数字人,15.05,-1.38,-0.21,15489.0,23217240.38,1.83,15.18,14.9,15.13,15.26,3.12,2.32,-149.32,6.69,1598045120.0,1003058736.0,0.13,0.13,-24.86,-2.34
5110,300542,新晨科技,19.82,-1.39,-0.28,66842.0,133273788.4,2.54,20.2,19.69,20.0,20.1,2.46,2.71,-236.2,10.61,5917457198.0,4883356547.0,-0.15,-0.55,-2.56,-3.51
5111,600571,信雅达,15.58,-1.39,-0.22,95479.0,149617303.0,1.71,15.85,15.58,15.66,15.8,1.99,2.09,-36.46,6.32,7265239254.0,7131771533.0,-0.45,-0.76,13.81,24.04
5112,002564,天沃科技,5.69,-1.39,-0.08,65144.0,37161242.03,1.91,5.78,5.67,5.77,5.77,1.67,0.76,66.43,31.1,4887166474.0,4887166474.0,-0.18,-0.18,43.32,27.87
5113,688361,中科飞测,73.72,-1.4,-1.05,10177.0,75315015.0,2.88,75.49,73.34,75.24,74.77,2.18,0.41,-394.21,9.6,23590400000.0,18186668489.0,0.41,0.24,-24.27,-15.8
5114,688191,智洋创新,28.13,-1.4,-0.4,3341.0,9453350.0,2.38,28.72,28.04,28.42,28.53,1.69,0.21,-98.33,5.38,4373372422.0,4373372422.0,-0.35,-0.04,21.04,65.28
5115,300867,圣元环保,18.95,-1.4,-0.27,44266.0,84582001.0,2.5,19.36,18.88,19.04,19.22,1.54,2.31,20.18,1.38,5149492954.0,3631347227.0,0.16,0.26,45.32,46.56
5116,300009,安科生物,9.01,-1.42,-0.13,61189.0,55152795.41,1.42,9.1,8.97,9.05,9.14,2.27,0.5,18.03,3.93,15069416535.0,11007518874.0,0.0,0.11,7.13,7.39
5117,603150,万朗磁塑,34.38,-1.43,-0.5,10920.0,38043600.0,2.72,35.3,34.35,34.94,34.88,1.32,2.04,19.55,1.8,2938905540.0,1839893144.0,-0.41,-0.92,-3.81,29.69
5118,600192,长城电工,8.25,-1.43,-0.12,324325.0,265734840.0,6.33,8.46,7.93,8.12,8.37,3.64,7.34,-22.82,3.2,3644421000.0,3644421000.0,0.24,0.86,14.11,42.98
5119,300730,科创信息,13.11,-1.43,-0.19,35891.0,47157113.0,2.11,13.34,13.06,13.2,13.3,1.74,1.82,-30.77,11.14,3161331595.0,2578450573.0,0.15,-0.3,-9.08,7.72
5120,688709,成都华微,31.62,-1.43,-0.46,10105.0,32032716.0,3.71,32.6,31.41,32.6,32.08,3.19,0.46,230.07,7.1,20137102962.0,6890701577.0,0.16,0.09,-11.1,2.4
5121,000701,厦门信达,5.49,-1.44,-0.08,56049.0,30877965.0,1.8,5.57,5.47,5.51,5.57,2.41,0.84,115.13,-7.93,3710181012.0,3665706247.0,0.0,0.0,4.17,20.13
5122,301190,善水科技,23.93,-1.44,-0.35,20376.0,49288927.0,2.68,24.57,23.92,24.57,24.28,1.28,2.87,76.54,2.68,5136251445.0,1700152317.0,-0.29,-0.46,35.5,51.55
5123,605136,丽人丽妆,12.91,-1.45,-0.19,152610.0,195806777.0,4.12,13.1,12.56,12.85,13.1,1.57,3.81,-70.54,2.1,5169919235.0,5169919235.0,-0.62,-0.54,72.82,49.59
5124,300111,向日葵,3.41,-1.45,-0.05,91483.0,31256354.0,2.31,3.48,3.4,3.45,3.46,2.79,0.71,-8380.01,6.4,4389388535.0,4389388535.0,0.0,0.0,9.65,5.25
5125,002223,鱼跃医疗,37.5,-1.45,-0.55,14896.0,56293786.46,2.02,38.27,37.5,38.19,38.05,1.96,0.16,15.04,2.96,37592884838.0,35255931150.0,-0.16,-0.13,3.59,3.91
5126,600057,厦门象屿,6.74,-1.46,-0.1,33731.0,22915531.0,1.75,6.86,6.74,6.84,6.84,2.69,0.15,9.29,1.11,18914931515.0,14777518755.0,-0.3,-0.59,15.02,3.85
5127,000966,长源电力,4.71,-1.46,-0.07,230494.0,108609097.0,1.05,4.75,4.7,4.74,4.78,2.59,0.71,-55.72,1.21,16395674925.0,15361772482.0,0.21,0.21,6.32,-0.84
5128,600495,晋西车轴,5.41,-1.46,-0.08,377333.0,204193768.0,3.46,5.54,5.35,5.39,5.49,1.84,3.12,208.99,2.0,6536312693.0,6536312693.0,-0.55,-1.1,39.07,42.37
5129,300199,翰宇药业,14.77,-1.47,-0.22,190250.0,280624382.0,2.2,14.98,14.65,14.87,14.99,3.31,2.69,46.68,20.12,13045474533.0,10431801771.0,0.07,0.54,21.76,14.58
5130,600810,神马股份,9.34,-1.48,-0.14,45892.0,43098311.0,1.9,9.5,9.32,9.49,9.48,1.72,0.46,-132.75,1.38,9481087817.0,9389312977.0,0.11,0.0,14.6,15.45
5131,600233,圆通速递,12.66,-1.48,-0.19,91438.0,116332241.0,1.63,12.86,12.65,12.85,12.85,1.91,0.27,12.73,1.34,43635898525.0,43635898525.0,-0.16,-0.16,-9.76,-10.78
5132,000813,德展健康,3.33,-1.48,-0.05,183387.0,61237259.0,2.37,3.39,3.31,3.39,3.38,3.02,0.85,-81.5,1.4,7209303447.0,7208118882.0,0.3,0.3,1.52,6.39
5133,600066,宇通客车,24.52,-1.49,-0.37,32400.0,79928214.0,2.01,25.01,24.51,25.0,24.89,2.33,0.15,17.98,4.54,54285789748.0,54285789748.0,-0.12,-0.41,-5.51,-3.39
5134,688244,永信至诚,37.78,-1.49,-0.57,4140.0,15639868.0,2.58,38.35,37.36,38.06,38.35,1.6,0.84,-40.28,3.85,3862407887.0,1869542620.0,-0.05,0.27,-29.79,47.58
5135,600550,保变电气,9.25,-1.49,-0.14,414623.0,384621520.0,2.34,9.38,9.16,9.38,9.39,2.05,2.25,150.42,27.02,17034138440.0,17034138440.0,0.11,0.65,20.92,17.83
5136,688455,科捷智能,15.92,-1.49,-0.24,28816.0,46361335.0,3.59,16.44,15.86,16.06,16.16,1.35,2.22,-16.56,3.11,2879118739.0,2067198739.0,0.06,0.32,33.11,45.26
5137,688027,国盾量子,258.58,-1.49,-3.92,4317.0,112490402.0,1.98,263.78,258.58,263.68,262.5,2.46,0.54,-327.46,8.26,26597797639.0,20783204595.0,-0.18,-0.55,-13.75,-13.33
5138,600901,江苏金租,5.86,-1.51,-0.09,81910.0,48309231.0,1.85,5.97,5.86,5.96,5.95,2.34,0.14,11.0,1.36,33943345411.0,33929097806.0,-0.34,-0.51,18.86,12.26
5139,871642,通易航天,18.95,-1.51,-0.29,28979.0,54782111.96,3.33,19.27,18.63,18.89,19.24,3.06,2.88,-333.63,8.08,1964551768.0,1908395338.0,0.0,-0.79,34.11,63.79
5140,603825,华扬联众,13.07,-1.51,-0.2,17408.0,22700213.0,1.51,13.16,12.96,13.16,13.27,0.98,0.69,-14.87,8.92,3311108735.0,3311108735.0,-0.23,0.15,-6.24,-13.39
5141,300267,尔康制药,3.27,-1.51,-0.05,225817.0,73716805.0,2.41,3.32,3.24,3.3,3.32,2.4,1.59,59.98,1.51,6744717925.0,4651221484.0,0.31,0.62,20.22,17.63
5142,600658,电子城,4.57,-1.51,-0.07,105562.0,48432645.0,3.45,4.72,4.56,4.69,4.64,1.92,0.94,-19.08,0.89,5111933656.0,5111933656.0,0.22,0.0,5.06,4.34
5143,600000,浦发银行,12.35,-1.52,-0.19,117322.0,145863188.0,1.44,12.53,12.35,12.48,12.54,1.84,0.04,5.15,0.55,362499410601.0,362499410601.0,-0.4,-0.4,20.49,20.02
5144,833266,生物谷,11.04,-1.52,-0.17,7943.0,8763303.52,1.69,11.16,10.97,11.16,11.21,1.63,1.02,-20.41,1.51,1368960077.0,859521805.0,0.64,0.45,1.85,17.57
5145,002948,青岛银行,5.17,-1.52,-0.08,132191.0,68762288.86,1.9,5.26,5.16,5.23,5.25,2.58,0.42,5.98,0.78,30091233923.0,16090378575.0,-0.19,-0.19,23.1,33.25
5146,430017,星昊医药,20.03,-1.52,-0.31,37738.0,74785428.27,2.7,20.08,19.53,19.9,20.34,4.12,3.11,24.46,1.57,2449432646.0,2432000537.0,0.75,0.65,22.66,45.04
5147,300569,天能重工,5.18,-1.52,-0.08,134698.0,70386140.74,2.47,5.31,5.18,5.25,5.26,2.84,1.32,28.98,1.02,5297635469.0,5271438950.0,-0.38,-0.58,13.85,4.02
5148,603648,畅联股份,10.38,-1.52,-0.16,22937.0,23834288.0,2.85,10.64,10.34,10.57,10.54,2.85,0.63,29.67,2.0,3761844864.0,3761844864.0,0.1,0.29,6.03,1.17
5149,300180,华峰超纤,7.7,-1.53,-0.12,543807.0,421810824.0,2.81,7.89,7.67,7.67,7.82,2.77,3.66,54.67,2.89,13560163194.0,11439052178.0,-0.13,-0.26,24.39,22.22
5150,300678,中科信息,35.31,-1.53,-0.55,50319.0,177383623.5,2.7,35.97,35.0,35.97,35.86,1.73,1.76,820.16,12.39,10465400006.0,10082732789.0,-0.23,-0.45,-3.89,-2.78
5151,920799,艾融软件,58.27,-1.54,-0.91,21226.0,123523935.83,2.01,58.8,57.61,58.0,59.18,3.24,1.8,119.81,30.75,12223883514.0,6863306952.0,-0.02,-0.83,-5.11,12.99
5152,301188,力诺药包,20.45,-1.54,-0.32,24291.0,49376230.0,3.61,20.76,20.01,20.5,20.77,2.09,1.04,29.47,3.17,4777380840.0,4777380840.0,-0.63,0.2,25.92,37.06
5153,605008,长鸿高科,15.32,-1.54,-0.24,6453.0,9967343.0,2.12,15.65,15.32,15.62,15.56,1.72,0.1,-150.59,4.99,9896144182.0,9841267942.0,-0.2,-0.07,13.15,28.31
5154,600822,上海物贸,10.26,-1.54,-0.16,30685.0,31420400.0,2.3,10.39,10.15,10.39,10.42,3.0,0.77,188.69,4.2,5088682098.0,4064477536.0,0.29,0.49,7.32,0.39
5155,300796,贝斯美,10.79,-1.55,-0.17,123671.0,131910360.55,4.56,10.95,10.45,10.92,10.96,2.65,3.42,37.5,2.25,3896731589.0,3896731589.0,-0.09,0.0,4.76,5.68
5156,000997,新 大 陆,29.68,-1.56,-0.47,69772.0,207196072.0,1.92,29.88,29.3,29.85,30.15,2.7,0.68,24.62,4.3,30631627970.0,30463682681.0,-0.37,-0.47,28.43,48.77
5157,301320,豪江智能,19.46,-1.57,-0.31,25348.0,49190720.0,3.29,19.86,19.21,19.71,19.77,1.3,3.74,54.26,3.4,3526152000.0,1317157398.0,0.0,-0.05,15.42,31.4
5158,003003,天元股份,12.42,-1.58,-0.2,37756.0,46933687.0,2.46,12.63,12.32,12.62,12.62,1.42,3.25,38.16,1.7,2195834886.0,1442005867.0,0.0,-0.16,22.73,29.24
5159,300177,中海达,10.51,-1.59,-0.17,97632.0,102754736.0,2.06,10.66,10.44,10.55,10.68,1.82,1.61,-79.19,5.12,7821216884.0,6372247168.0,0.1,-0.1,-9.24,-3.67
5160,603885,XD吉祥航,13.58,-1.59,-0.22,35151.0,47831240.0,2.97,13.87,13.46,13.76,13.8,2.01,0.16,21.64,3.51,29862491539.0,29862491539.0,0.52,0.37,2.34,-0.15
5161,688201,信安世纪,9.91,-1.59,-0.16,45709.0,45395940.0,2.68,10.09,9.82,10.0,10.07,2.54,1.51,-75.7,2.47,3142994317.0,2998079762.0,0.3,0.2,0.51,12.23
5162,300152,ST新动力,2.48,-1.59,-0.04,184120.0,45365155.0,2.38,2.5,2.44,2.46,2.52,5.48,2.58,-80.25,7.5,1767744000.0,1766996233.0,0.0,0.0,-48.23,-50.89
5163,300537,广信材料,19.68,-1.6,-0.32,21119.0,41677289.0,2.0,20.0,19.6,19.99,20.0,0.97,1.47,100.99,5.18,3943776001.0,2826282960.0,-0.46,-0.1,-4.0,-0.51
5164,002663,普邦股份,1.84,-1.6,-0.03,302842.0,56160415.0,3.21,1.89,1.83,1.83,1.87,7.65,2.17,-455.61,1.3,3170961980.0,2569464568.0,-0.54,-0.54,1.1,-7.54
5165,835579,机科股份,31.15,-1.61,-0.51,13036.0,40811023.93,2.59,31.85,31.03,31.6,31.66,1.66,2.92,225.14,7.66,4033302000.0,1388493183.0,0.16,0.16,22.06,67.65
5166,600651,飞乐音响,4.28,-1.61,-0.07,344254.0,149447307.0,4.37,4.45,4.26,4.45,4.35,15.0,1.37,2256.71,4.36,10730079904.0,10730079904.0,0.23,0.0,-5.31,3.38
5167,300997,欢乐家,18.34,-1.61,-0.3,61456.0,112728882.24,3.59,18.77,18.1,18.26,18.64,1.92,1.59,58.56,7.71,8023263532.0,7079373075.0,-0.49,1.1,33.77,20.9
5168,600418,江淮汽车,34.78,-1.61,-0.57,210619.0,735790381.0,2.4,35.5,34.65,35.26,35.35,2.27,0.96,-85.16,6.79,75959860531.0,75959860531.0,-0.03,-0.23,-0.14,-7.25
5169,300468,四方精创,26.87,-1.61,-0.44,671643.0,1834048008.56,8.13,28.26,26.04,26.04,27.31,4.62,12.68,276.4,8.93,14258546019.0,14235566527.0,-0.15,-0.85,51.04,65.86
5170,600880,博瑞传播,4.88,-1.61,-0.08,343254.0,167874972.0,2.02,4.94,4.84,4.86,4.96,4.21,3.14,225.22,1.75,5335460609.0,5333987254.0,-0.61,-0.81,2.31,2.95
5171,300578,会畅通讯,19.47,-1.62,-0.32,35035.0,68337360.0,2.63,19.8,19.28,19.75,19.79,1.4,1.81,146.39,3.26,3860311838.0,3779011231.0,0.15,-0.21,-7.24,1.14
5172,000555,神州信息,12.17,-1.62,-0.2,181037.0,223146497.0,3.23,12.56,12.16,12.24,12.37,2.98,1.86,-31.94,2.14,11875174898.0,11831519283.0,-0.16,-0.81,-11.56,8.66
5173,600624,复旦复华,7.23,-1.63,-0.12,80503.0,58264051.0,2.86,7.38,7.17,7.36,7.35,3.49,1.19,-151.14,7.78,4911678391.0,4911678391.0,0.28,0.28,-7.07,10.05
5174,688409,富创精密,52.56,-1.63,-0.87,8420.0,44553240.0,2.36,53.82,52.56,53.51,53.43,2.64,0.48,-181.6,3.52,16094438124.0,9314342979.0,-0.13,-0.1,2.82,1.92
5175,002347,泰尔股份,8.42,-1.64,-0.14,163093.0,137825630.0,2.57,8.61,8.39,8.58,8.56,1.85,3.31,-114.95,3.55,4249593164.0,4154284026.0,0.24,-0.12,1.57,24.93
5176,000037,深南电A,9.02,-1.64,-0.15,61167.0,55366696.0,1.64,9.15,9.0,9.11,9.17,2.05,1.8,-110.46,3.69,5436918616.0,3056951513.0,-0.22,0.0,11.22,13.32
5177,300950,德固特,18.03,-1.64,-0.3,24842.0,45230603.48,4.04,18.64,17.9,18.64,18.33,2.53,2.77,28.65,3.69,2713154400.0,1619011062.0,-0.06,0.22,4.83,13.04
5178,000903,云内动力,4.8,-1.64,-0.08,1686543.0,804805088.38,4.3,4.88,4.67,4.83,4.88,4.94,8.78,-95.1,5.8,9358892030.0,9217255910.0,0.21,1.05,43.28,39.53
5179,600546,XD山煤国,8.96,-1.65,-0.15,159575.0,142861424.0,3.73,9.16,8.82,9.15,9.11,5.88,0.8,17.42,1.15,17762807014.0,17762807014.0,0.0,0.22,-6.76,-19.57
5180,688049,炬芯科技,47.62,-1.67,-0.81,12222.0,58230555.0,2.54,48.48,47.25,48.11,48.43,2.7,0.84,41.97,3.62,6959015558.0,6959015558.0,-0.04,0.08,-2.36,6.13
5181,872895,花溪科技,30.09,-1.67,-0.51,1124.0,3386398.62,2.12,30.6,29.95,30.5,30.6,0.47,0.39,-143.91,8.7,1700807160.0,864693321.0,-0.2,0.0,67.54,148.47
5182,300485,赛升药业,10.55,-1.68,-0.18,117256.0,124236414.4,3.63,10.84,10.45,10.64,10.73,2.69,4.28,31.78,1.5,5081580520.0,2888771270.0,-0.38,0.09,47.55,50.5
5183,003020,立方制药,24.58,-1.68,-0.42,31556.0,77709024.24,2.32,25.0,24.42,24.9,25.0,3.08,2.29,30.73,2.74,4701183090.0,3385268775.0,0.0,0.33,33.73,40.14
5184,300941,创识科技,23.94,-1.68,-0.41,38674.0,93790065.0,4.15,24.9,23.89,24.01,24.35,3.44,3.25,404.16,3.88,4901715000.0,2846575597.0,-0.29,-0.66,-6.56,-20.68
5185,601077,渝农商行,7.61,-1.68,-0.13,213901.0,164787974.0,2.58,7.79,7.59,7.75,7.74,2.37,0.24,5.77,0.68,86426770000.0,67254898933.0,-0.65,-0.78,31.66,29.86
5186,688375,国博电子,55.83,-1.69,-0.96,6682.0,37206597.0,2.38,56.35,55.0,56.0,56.79,2.52,0.25,144.6,5.33,33275511867.0,14821321077.0,0.14,-0.18,4.36,13.11
5187,603066,XD音飞储,12.06,-1.71,-0.21,45298.0,54603017.0,2.69,12.3,11.97,12.3,12.27,2.11,1.54,27.27,2.53,3547811692.0,3547811692.0,0.17,0.42,1.52,13.99
5188,300261,雅本化学,7.44,-1.72,-0.13,119688.0,89531255.0,1.98,7.57,7.42,7.49,7.57,1.29,1.28,-140.46,3.6,7167022464.0,6971870565.0,-0.13,0.0,13.76,8.61
5189,300352,北信源,5.14,-1.72,-0.09,191290.0,98620024.67,1.91,5.22,5.12,5.18,5.23,4.17,1.57,-35.27,5.54,7452095807.0,6280788983.0,-0.19,0.0,-14.33,-2.65
5190,300553,集智股份,47.93,-1.72,-0.84,4279.0,20594553.0,2.05,48.76,47.76,48.71,48.77,1.65,0.65,121.42,4.94,4092344641.0,3136110322.0,-0.23,-0.13,25.9,74.29
5191,002099,海翔药业,6.25,-1.73,-0.11,92815.0,58193376.0,2.52,6.38,6.22,6.36,6.36,1.26,0.57,274.03,1.97,10116970331.0,10098111644.0,-0.48,0.32,36.46,21.12
5192,600686,金龙汽车,13.65,-1.73,-0.24,103320.0,141266892.0,1.44,13.8,13.6,13.8,13.89,1.09,1.44,52.33,3.11,9787697242.0,9787697242.0,-0.15,-0.22,-0.36,-2.78
5193,603489,八方股份,29.5,-1.73,-0.52,17081.0,50633250.0,2.17,30.03,29.38,30.02,30.02,2.37,0.73,79.34,2.6,6932883589.0,6932883589.0,-0.44,0.24,14.88,23.85
5194,002462,嘉事堂,13.54,-1.74,-0.24,19576.0,26590697.0,1.96,13.78,13.51,13.73,13.78,3.13,0.67,21.4,0.9,3949714405.0,3946509473.0,-0.15,0.0,8.49,4.8
5195,002232,启明信息,18.47,-1.76,-0.33,49906.0,92697867.73,2.39,18.91,18.46,18.8,18.8,2.7,1.22,-125.33,5.52,7545889964.0,7545889964.0,-0.16,-0.43,-8.06,-2.84
5196,600271,航天信息,8.89,-1.77,-0.16,45732.0,40861283.0,1.88,9.05,8.88,9.01,9.05,2.96,0.25,-13.08,1.2,16472144432.0,16472144432.0,0.0,-0.11,-8.35,-2.41
5197,600787,中储股份,6.09,-1.77,-0.11,363143.0,222260341.0,2.9,6.25,6.07,6.22,6.2,2.1,1.67,51.41,0.97,13245461212.0,13215784654.0,-0.16,0.0,2.7,-4.55
5198,600830,香溢融通,9.33,-1.79,-0.17,139337.0,130750996.0,3.37,9.58,9.26,9.58,9.5,9.28,3.07,45.45,1.94,4238831230.0,4238831230.0,0.0,0.11,-3.72,-20.12
5199,833230,欧康医药,21.98,-1.79,-0.4,8672.0,19029528.23,2.86,22.4,21.76,22.38,22.38,2.85,2.41,253.85,4.24,1698335342.0,789741642.0,0.69,0.69,15.38,57.22
5200,688182,灿勤科技,28.64,-1.82,-0.53,11281.0,32364143.0,3.57,29.45,28.41,29.38,29.17,2.71,0.28,126.39,5.2,11456000000.0,11456000000.0,0.46,0.74,6.0,60.18
5201,301213,观想科技,45.87,-1.82,-0.85,7541.0,34755976.0,2.55,46.8,45.61,46.3,46.72,3.76,1.46,808.64,4.67,3669599954.0,2371985818.0,0.15,0.37,-7.13,6.35
5202,603639,海利尔,14.04,-1.82,-0.26,45355.0,63967323.0,2.31,14.31,13.98,14.3,14.3,1.76,1.33,11.37,1.35,4772172637.0,4771891837.0,-0.28,-0.14,14.15,13.23
5203,300397,天和防务,12.43,-1.82,-0.23,148760.0,185772169.2,2.13,12.67,12.4,12.45,12.66,5.54,3.67,-52.88,4.31,6434224740.0,5040432221.0,-0.08,-0.16,-0.48,13.1
5204,688018,DR乐鑫科,135.22,-1.84,-2.54,6076.0,82080974.0,1.6,136.5,134.3,135.39,137.76,3.0,0.39,56.53,9.71,21189342069.0,21189342069.0,-0.13,-0.38,-19.09,-13.14
5205,603365,水星家纺,19.64,-1.85,-0.37,9061.0,17746876.0,1.95,19.8,19.41,19.8,20.01,2.52,0.35,14.37,1.68,5158907540.0,5068367140.0,0.36,0.51,27.95,21.23
5206,605188,XD国光连,12.22,-1.85,-0.23,60202.0,73701266.0,3.37,12.5,12.08,12.33,12.45,1.83,1.21,69.61,5.32,6055987600.0,6055987600.0,0.0,-0.08,65.36,60.16
5207,300520,科大国创,24.78,-1.86,-0.47,64240.0,160008145.7,2.22,25.29,24.73,25.2,25.25,2.8,2.31,-66.0,3.93,7230581426.0,6884216870.0,-0.08,0.12,-11.5,8.3
5208,301618,长联科技,63.39,-1.86,-1.2,8274.0,52484428.2,3.33,64.98,62.83,64.98,64.59,2.72,3.67,88.0,6.17,5718783365.0,1429698060.0,-0.05,0.16,6.52,5.56
5209,920128,胜业电气,37.2,-1.87,-0.71,13993.0,52636564.47,3.96,38.5,37.0,38.5,37.91,1.74,6.76,80.24,5.65,3020268000.0,770040000.0,-0.27,-0.27,-2.77,29.26
5210,002998,优彩资源,7.84,-1.88,-0.15,54187.0,42424691.66,3.25,7.98,7.72,7.93,7.99,2.11,2.23,41.27,1.55,2559034087.0,1908573003.0,0.64,0.64,21.55,27.07
5211,600403,大有能源,3.65,-1.88,-0.07,100436.0,36642456.0,4.03,3.76,3.61,3.75,3.72,2.68,0.42,-7.06,1.62,8726465267.0,8726465267.0,0.55,0.83,35.19,24.15
5212,300663,科蓝软件,17.59,-1.9,-0.34,85103.0,150439180.0,1.95,17.88,17.53,17.73,17.93,2.09,1.93,-365.48,11.12,8415903469.0,7767546922.0,-0.34,-0.23,-2.6,1.32
5213,600756,浪潮软件,15.79,-1.93,-0.31,62847.0,100121874.0,2.86,16.24,15.78,16.23,16.1,1.65,1.94,-14.46,2.29,5117519310.0,5117519310.0,-0.19,-0.44,-8.68,10.19
5214,430047,诺思兰德,24.4,-1.93,-0.48,73569.0,179021925.84,6.99,25.44,23.7,24.0,24.88,4.61,4.08,-216.81,20.69,6692236166.0,4394596819.0,0.83,1.16,68.28,111.62
5215,600119,长江投资,8.62,-1.93,-0.17,44086.0,38081301.0,2.73,8.82,8.58,8.78,8.79,2.68,1.21,-121.37,22.93,3148630589.0,3148630589.0,-0.23,-0.12,3.73,-1.71
5216,300674,宇信科技,22.84,-1.97,-0.46,143177.0,329416827.0,2.53,23.39,22.8,23.24,23.3,3.59,2.04,69.13,3.87,16080663250.0,16059557058.0,-0.35,-0.57,-14.58,18.53
5217,300348,长亮科技,13.43,-1.97,-0.27,160774.0,217371543.65,2.04,13.68,13.4,13.5,13.7,2.87,2.27,-1053.62,5.16,10908675799.0,9509342187.0,-0.37,-0.81,-11.18,-6.08
5218,603128,华贸物流,6.4,-1.99,-0.13,185665.0,119173980.0,2.3,6.53,6.38,6.51,6.53,2.93,1.42,17.82,1.37,8377897562.0,8377897562.0,-0.31,-0.16,10.92,-0.47
5219,300497,富祥药业,9.38,-1.99,-0.19,54106.0,50854880.0,3.13,9.61,9.31,9.55,9.57,1.88,1.2,576.09,2.36,5159045343.0,4226302195.0,0.21,0.32,13.83,12.47
5220,300313,*ST天山,6.39,-1.99,-0.13,20343.0,13035204.12,2.61,6.5,6.33,6.49,6.52,1.33,1.03,-100.82,-228.86,1999925560.0,1261084322.0,0.47,0.47,18.33,10.17
5221,836414,欧普泰,14.69,-2.0,-0.3,14592.0,21395070.93,2.27,14.9,14.56,14.9,14.99,4.07,2.64,-147.67,4.08,1171500632.0,812002031.0,0.07,0.27,-8.93,34.65
5222,300430,诚益通,19.89,-2.02,-0.41,65856.0,131003433.0,1.97,20.1,19.7,20.08,20.3,2.78,2.53,107.83,2.42,5430900772.0,5168500217.0,-0.3,-0.3,12.25,30.0
5223,301066,万事利,17.35,-2.03,-0.36,37843.0,66368992.1,4.12,17.97,17.24,17.51,17.71,2.2,2.0,71.74,4.88,3276376811.0,3275448256.0,-0.4,0.35,23.75,26.64
5224,871970,大禹生物,9.06,-2.05,-0.19,27280.0,25158445.23,7.46,9.6,8.91,9.32,9.25,4.7,3.95,-77.86,3.48,1008925224.0,625510554.0,0.11,0.67,18.59,61.21
5225,688788,科思科技,55.51,-2.08,-1.18,5660.0,31297725.0,3.26,56.35,54.5,54.5,56.69,2.09,0.54,-25.15,2.77,5870067317.0,5870067317.0,0.51,0.29,-10.77,75.22
5226,600561,江西长运,7.03,-2.09,-0.15,156232.0,105996647.0,8.64,7.15,6.53,6.96,7.18,11.51,5.49,-18.91,2.25,1999871904.0,1999871904.0,2.18,3.53,21.42,30.91
5227,300061,旗天科技,11.98,-2.12,-0.26,88155.0,106068962.0,2.12,12.21,11.95,12.1,12.24,2.76,1.42,697.35,14.23,7894744250.0,7434066037.0,-0.17,-0.33,-14.55,-7.13
5228,300486,东杰智能,7.39,-2.12,-0.16,57248.0,42364756.0,2.91,7.56,7.34,7.53,7.55,1.74,1.45,182.12,2.82,3012564693.0,2927038819.0,-0.14,0.41,-6.46,8.04
5229,003042,中农联合,16.99,-2.13,-0.37,37518.0,63747605.0,2.48,17.25,16.82,17.15,17.36,1.63,2.96,149.1,1.78,2420735200.0,2152890568.0,0.3,0.3,12.97,19.23
5230,600650,锦江在线,17.81,-2.14,-0.39,120401.0,212728159.0,4.29,18.12,17.34,17.5,18.2,2.27,3.08,194.67,2.35,9824176006.0,6955874936.0,0.91,0.74,19.61,27.4
5231,688279,峰岹科技,195.04,-2.16,-4.31,3751.0,73828420.0,4.25,202.35,193.88,200.5,199.35,3.8,0.67,89.34,7.04,18014553635.0,10894589764.0,-0.42,0.48,-32.28,24.29
5232,603065,宿迁联盛,9.46,-2.17,-0.21,114809.0,109737118.0,5.79,9.87,9.31,9.8,9.67,2.94,5.84,127.33,1.92,3963433231.0,1860530884.0,0.0,0.0,23.82,30.12
5233,000801,四川九洲,16.19,-2.18,-0.36,96830.0,157414919.38,1.63,16.42,16.15,16.4,16.55,2.68,0.95,189.41,5.38,16559239599.0,16559239599.0,0.0,-0.06,-9.25,13.14
5234,300723,一品红,50.7,-2.18,-1.13,52202.0,267956041.9,5.9,52.83,49.77,51.86,51.83,3.66,1.25,101.17,11.83,22900823236.0,21174849423.0,0.22,0.52,159.47,197.19
5235,002952,亚世光电,19.69,-2.19,-0.44,32881.0,65066422.0,2.29,20.09,19.63,19.97,20.13,3.41,2.49,181.41,3.76,3235854600.0,2599966680.0,0.0,0.15,-8.63,-26.53
5236,300350,华鹏飞,6.23,-2.2,-0.14,157939.0,98864823.0,2.98,6.39,6.2,6.36,6.37,3.42,3.35,-177.28,3.83,3501336498.0,2937852548.0,0.0,0.0,16.23,15.37
5237,688211,中科微至,32.14,-2.25,-0.74,5255.0,16925212.0,1.7,32.57,32.01,32.57,32.88,1.08,0.4,-40.15,1.2,4229903554.0,4229903554.0,0.25,0.25,3.05,9.88
5238,300511,雪榕生物,6.53,-2.25,-0.15,169093.0,110070993.9,4.49,6.7,6.4,6.7,6.68,2.08,3.48,127.83,2.83,3703288539.0,3175748946.0,0.46,0.0,61.23,88.18
5239,300743,天地数码,18.69,-2.25,-0.43,30389.0,57130022.0,4.65,19.4,18.51,19.29,19.12,3.17,2.39,22.06,4.8,2826684926.0,2379267689.0,-0.27,0.05,10.99,26.8
5240,600611,大众交通,6.48,-2.26,-0.15,314890.0,204578484.0,2.26,6.6,6.45,6.6,6.63,2.06,2.01,-106.12,1.59,15319516159.0,10130290039.0,0.15,0.15,-5.26,-6.09
5241,000078,海王生物,2.6,-2.26,-0.06,194573.0,50633292.8,3.01,2.66,2.58,2.64,2.66,1.88,0.74,72.11,3.76,6840920468.0,6828746959.0,-0.38,0.78,12.07,1.96
5242,002023,海特高新,10.77,-2.27,-0.25,129997.0,140531573.14,1.54,10.91,10.74,10.87,11.02,2.77,1.75,105.99,1.86,7979064731.0,7979064731.0,-0.19,-0.37,0.28,6.11
5243,603569,长久物流,8.11,-2.29,-0.19,57770.0,47031107.0,2.41,8.28,8.08,8.26,8.3,2.87,0.96,307.27,1.66,4894443806.0,4894443806.0,0.37,0.25,11.25,9.01
5244,605069,正和生态,11.53,-2.29,-0.27,48236.0,55396455.0,2.37,11.65,11.37,11.65,11.8,1.69,5.73,14.52,2.67,2440875380.0,970379535.0,-0.77,0.52,45.03,51.11
5245,603836,海程邦达,13.61,-2.3,-0.32,26536.0,36386048.0,2.66,13.94,13.57,13.8,13.93,4.23,1.29,-73.21,1.56,2793251576.0,2793251576.0,-0.22,0.29,11.74,11.92
5246,600386,北巴传媒,4.66,-2.31,-0.11,144246.0,68062214.0,3.56,4.83,4.66,4.75,4.77,3.12,1.79,-116.25,2.13,3757824000.0,3757824000.0,-0.43,-0.21,0.87,4.25
5247,003040,楚天龙,13.87,-2.32,-0.33,135924.0,189455239.3,3.03,14.2,13.77,13.86,14.2,4.05,2.98,87.04,4.37,6395955932.0,6336513078.0,-0.14,-0.43,2.44,6.37
5248,600189,泉阳泉,7.96,-2.33,-0.19,112156.0,89148741.0,1.96,8.05,7.89,8.02,8.15,1.78,1.57,278.56,4.68,5692974584.0,5692974584.0,0.0,0.0,15.36,10.4
5249,603967,中创物流,11.53,-2.37,-0.28,66685.0,77888641.0,3.81,11.96,11.51,11.81,11.81,5.05,1.92,14.45,1.8,3997067166.0,3997067166.0,-0.09,0.0,21.5,25.19
5250,301089,拓新药业,32.8,-2.38,-0.8,28895.0,94825724.0,3.15,33.56,32.5,33.2,33.6,2.32,3.18,-291.09,2.68,4150659600.0,2984023066.0,-0.3,0.24,16.44,16.35
5251,603693,江苏新能,14.38,-2.38,-0.35,78975.0,113064541.0,1.7,14.48,14.23,14.46,14.73,1.97,0.89,19.58,1.87,12819423154.0,12819423154.0,-0.48,0.42,49.17,45.99
5252,601021,春秋航空,57.01,-2.38,-1.39,12260.0,70348314.0,2.28,58.33,57.0,58.24,58.4,2.86,0.13,20.59,3.14,55774788445.0,55774788445.0,-0.09,-0.51,6.9,-1.14
5253,300872,天阳科技,18.29,-2.4,-0.45,320464.0,589136164.11,5.98,19.0,17.88,18.06,18.74,4.32,8.14,82.15,2.56,8411491256.0,7202899213.0,0.44,-0.65,-0.16,16.5
5254,301229,纽泰格,20.62,-2.41,-0.51,20992.0,43715746.76,4.12,21.37,20.5,21.27,21.13,2.88,1.95,90.43,3.54,3295158109.0,2218612653.0,0.29,0.24,23.62,32.43
5255,833943,XD优机股,26.45,-2.43,-0.66,34272.0,92297880.7,8.41,28.29,26.01,26.5,27.11,4.58,8.32,43.29,4.47,2685240448.0,1089795757.0,1.46,0.69,22.23,63.78
5256,600678,四川金顶,8.38,-2.44,-0.21,181496.0,151969963.0,4.31,8.65,8.28,8.63,8.59,2.48,5.2,40.55,11.56,2924536200.0,2924536200.0,-0.36,0.6,1.58,28.13
5257,600446,金证股份,15.88,-2.46,-0.4,123283.0,197404550.0,2.03,16.2,15.87,16.03,16.28,3.22,1.3,-39.46,4.23,15026847079.0,15026847079.0,-0.31,-0.63,-14.94,-7.89
5258,300579,数字认证,28.84,-2.47,-0.73,58604.0,170175243.4,3.08,29.66,28.75,29.18,29.57,4.4,2.23,-89.63,8.83,7786800000.0,7564114593.0,-0.14,-0.52,-9.31,-8.21
5259,301091,深城交,36.93,-2.48,-0.94,35153.0,131158264.0,3.12,38.08,36.9,37.73,37.87,2.7,0.87,-135.44,6.48,14978808000.0,14978808000.0,-0.27,-0.54,-25.87,-22.59
5260,600115,中国东航,3.94,-2.48,-0.1,289379.0,114671073.0,2.97,4.05,3.93,4.04,4.04,3.84,0.17,-22.07,6.27,87827708486.0,67431204044.0,0.0,0.25,0.77,-1.5
5261,002310,东方园林,2.35,-2.49,-0.06,540912.0,127979538.5,3.73,2.41,2.32,2.38,2.41,3.22,1.29,-722.56,9.19,14098406975.0,9867869612.0,0.0,0.0,30.56,25.0
5262,603336,宏辉果蔬,5.83,-2.51,-0.15,97018.0,56734181.0,3.51,5.97,5.76,5.94,5.98,2.89,1.7,184.55,2.93,3325364028.0,3325364028.0,0.0,-0.17,23.26,36.53
5263,300937,药易购,29.49,-2.51,-0.76,18536.0,54918476.26,2.31,30.0,29.3,29.99,30.25,3.16,2.96,168.58,3.3,2821210452.0,1847470263.0,0.55,-0.03,2.22,17.87
5264,600833,第一医药,13.49,-2.53,-0.35,28309.0,38290375.0,3.11,13.84,13.41,13.84,13.84,1.35,1.27,158.76,2.64,3009434821.0,3009434821.0,-0.07,0.0,8.7,-0.07
5265,301339,通行宝,16.12,-2.54,-0.42,65768.0,106633780.61,3.99,16.67,16.01,16.45,16.54,2.62,3.91,49.15,3.54,9354973118.0,2709141208.0,0.19,0.12,-2.95,12.73
5266,301112,信邦智能,39.4,-2.55,-1.03,22505.0,88654073.0,3.61,40.43,38.97,40.31,40.43,1.77,6.21,91.65,3.53,4344504040.0,1428522215.0,0.92,0.56,36.29,68.59
5267,300575,中旗股份,6.48,-2.56,-0.17,172640.0,112160010.0,3.01,6.63,6.43,6.63,6.65,1.63,5.04,-22.08,1.46,3011621472.0,2220749240.0,-0.15,0.15,8.36,7.64
5268,002258,利尔化学,11.37,-2.57,-0.3,122297.0,139737892.0,3.17,11.68,11.31,11.55,11.67,1.37,1.53,14.87,1.18,9100971282.0,9086339423.0,-0.09,0.0,32.83,40.89
5269,003009,中天火箭,43.98,-2.57,-1.16,98294.0,445302535.48,7.78,46.9,43.39,45.5,45.14,15.37,6.33,-97.61,4.39,6834216113.0,6834181369.0,0.83,0.69,13.18,12.77
5270,300158,振东制药,4.55,-2.57,-0.12,186098.0,85186534.0,2.78,4.66,4.53,4.65,4.67,2.36,1.86,988.23,1.25,4574204890.0,4561544092.0,-0.22,0.0,12.35,5.32
5271,834475,三友科技,20.89,-2.61,-0.56,23966.0,49976484.98,3.03,21.26,20.61,21.12,21.45,2.84,5.7,-91.96,5.86,2111143400.0,878421575.0,0.48,0.63,-27.21,29.59
5272,831087,秋乐种业,18.29,-2.66,-0.5,24091.0,44183996.14,2.5,18.67,18.2,18.67,18.79,2.73,1.5,-168.44,5.43,3021508000.0,2937826220.0,-0.33,-0.87,31.68,54.35
5273,300422,博世科,5.13,-2.66,-0.14,111545.0,57077225.14,2.28,5.2,5.08,5.16,5.27,1.41,2.16,-65.6,2.1,2738806396.0,2649852006.0,0.0,0.2,22.14,17.93
5274,300366,创意信息,8.06,-2.66,-0.22,188547.0,152318101.0,3.02,8.27,8.02,8.18,8.28,2.44,3.55,-20.61,2.75,4897063769.0,4275850069.0,-0.12,-0.25,-24.25,-13.33
5275,301269,华大九天,126.82,-2.68,-3.49,27257.0,348909788.0,4.05,131.58,126.3,129.01,130.31,3.05,1.04,1772.09,13.81,68855875018.0,33267605782.0,0.25,0.06,8.51,4.85
5276,603377,ST东时,2.53,-2.69,-0.07,83691.0,21223042.0,5.77,2.62,2.47,2.59,2.6,8.14,1.17,-9.42,2.09,1808614894.0,1808614894.0,-0.39,-0.78,5.86,5.42
5277,832885,星辰科技,19.36,-2.71,-0.54,36379.0,70514038.76,2.51,19.6,19.1,19.51,19.9,4.55,4.13,127.71,8.5,3289813824.0,1704136567.0,0.1,0.1,10.13,58.69
5278,000677,恒天海龙,6.08,-2.72,-0.17,224602.0,136637023.0,2.56,6.18,6.02,6.16,6.25,1.43,2.6,100.76,10.14,5252985924.0,5252985924.0,-0.33,0.33,57.92,48.29
5279,301613,新铝时代,51.9,-2.72,-1.45,15999.0,83939422.4,2.83,53.31,51.8,52.91,53.35,2.68,4.45,35.45,5.13,7465360719.0,1866344760.0,-0.36,-0.5,26.99,37.41
5280,300858,科拓生物,16.36,-2.73,-0.46,54760.0,90039220.61,2.02,16.65,16.31,16.5,16.82,1.82,2.89,53.01,2.38,4310780130.0,3101094507.0,-0.18,-0.37,28.21,13.77
5281,301290,东星医疗,26.75,-2.73,-0.75,23171.0,61821536.0,2.4,27.01,26.35,27.01,27.5,2.33,3.4,55.53,1.22,2679636685.0,1823380981.0,0.0,-0.11,14.81,18.1
5282,301533,威马农机,35.45,-2.74,-1.0,21279.0,76152608.0,3.98,36.66,35.21,36.09,36.45,4.5,7.48,90.23,3.16,3484972515.0,1008081015.0,-0.06,0.17,13.62,21.82
5283,300473,德尔股份,32.56,-2.75,-0.92,70558.0,227576598.21,5.41,33.37,31.56,33.18,33.48,3.61,4.7,54.05,3.08,4915684169.0,4885627609.0,-0.4,-0.03,-0.67,30.71
5284,002104,恒宝股份,9.53,-2.76,-0.27,1593522.0,1610540303.62,10.61,10.5,9.46,9.95,9.8,16.14,26.58,70.49,3.1,6748975928.0,5713635298.0,-2.16,-2.16,39.94,40.98
5285,603922,金鸿顺,18.86,-2.78,-0.54,37883.0,71853029.0,3.25,19.38,18.75,19.3,19.4,2.36,2.11,236.78,3.3,3379712000.0,3379712000.0,-0.42,-0.21,-28.83,-24.38
5286,600156,华升股份,7.3,-2.8,-0.21,109939.0,81404198.0,5.59,7.64,7.22,7.48,7.51,3.77,2.73,-58.7,7.38,2935408125.0,2935408125.0,0.41,0.27,38.52,51.14
5287,300893,松原安全,35.71,-2.8,-1.03,9949.0,35976573.71,3.76,37.0,35.62,36.53,36.74,4.72,0.88,27.49,6.1,8083262285.0,4039703570.0,0.25,0.08,9.78,22.38
5288,300534,陇神戎发,10.73,-2.81,-0.31,124288.0,133740167.0,2.9,10.97,10.65,10.9,11.04,1.85,4.11,33.61,4.69,3254891850.0,3240895777.0,0.19,0.28,34.13,23.62
5289,600279,重庆港,5.85,-2.82,-0.17,122783.0,72354591.0,3.82,6.05,5.82,6.05,6.02,2.23,1.03,-199.13,1.03,6943167756.0,6943167756.0,0.0,-0.17,14.26,21.12
5290,688550,瑞联新材,43.1,-2.82,-1.25,25538.0,109757929.0,2.19,43.47,42.5,43.28,44.35,4.34,1.48,40.64,2.51,7417814200.0,7417814200.0,-0.28,-0.19,24.6,40.39
5291,000710,贝瑞基因,14.86,-2.88,-0.44,147240.0,219040500.02,2.75,15.15,14.73,15.01,15.3,2.64,4.5,-203.23,3.15,5253328970.0,4857426561.0,0.34,0.68,-2.94,75.86
5292,000539,粤电力Ａ,4.98,-2.92,-0.15,253372.0,125951250.42,2.53,5.04,4.91,5.01,5.13,1.67,0.99,-17.07,1.15,26146414250.0,12718405312.0,-0.4,0.2,11.16,9.93
5293,603232,格尔软件,14.65,-2.92,-0.44,74624.0,110443680.0,2.32,15.0,14.65,14.92,15.09,3.21,3.23,-17.22,2.53,3458142682.0,3388555182.0,-0.27,-0.34,-5.12,13.74
5294,688755,汉邦科技,50.94,-2.93,-1.54,12779.0,65635848.0,2.78,52.38,50.92,51.88,52.48,2.79,7.73,100.93,3.78,4482720000.0,842585652.0,-0.12,-0.66,123.72,123.72
5295,300169,天晟新材,7.88,-2.96,-0.24,199962.0,156887181.0,3.45,7.98,7.7,7.78,8.12,3.18,6.63,-32.09,78.66,2568756599.0,2377677962.0,0.13,-0.25,8.39,3.55
5296,688302,海创药业-U,47.64,-2.97,-1.46,25089.0,118431204.0,4.81,48.9,46.54,48.18,49.1,4.43,3.08,-36.74,4.05,4717103089.0,3883380317.0,0.61,1.36,29.28,55.13
5297,300753,爱朋医疗,25.13,-2.97,-0.77,51032.0,127881902.28,3.86,25.78,24.78,25.44,25.9,3.11,6.19,-44.87,4.71,3167586240.0,2071555086.0,0.04,-0.63,17.32,43.03
5298,300255,常山药业,37.81,-3.0,-1.17,162769.0,615903567.14,3.85,38.9,37.4,38.31,38.98,2.49,1.78,2296.67,22.19,34749691797.0,34636897232.0,0.42,0.24,80.22,89.14
5299,300492,华图山鼎,84.85,-3.07,-2.69,4799.0,40887537.0,4.54,87.97,84.0,87.37,87.54,5.52,0.34,24.54,31.26,11920276980.0,11920276980.0,-0.02,0.11,2.44,16.87
5300,002040,南 京 港,9.99,-3.1,-0.32,142909.0,143977427.5,3.59,10.31,9.94,10.31,10.31,2.2,2.94,30.51,1.47,4894183567.0,4854542049.0,0.1,0.0,54.88,51.59
5301,002393,力生制药,19.68,-3.1,-0.63,52164.0,102533987.72,2.76,20.06,19.5,19.98,20.31,3.76,2.08,22.94,1.08,5071634380.0,4926388266.0,0.31,0.61,20.44,13.82
5302,872351,华光源海,33.42,-3.13,-1.08,27710.0,93730235.06,4.99,35.05,33.33,34.51,34.5,3.1,7.86,69.04,6.41,2942144371.0,1178403871.0,0.09,-0.27,112.46,224.47
5303,605337,李子园,14.8,-3.14,-0.48,80974.0,119264007.0,5.24,15.24,14.44,15.24,15.28,2.14,2.05,22.06,3.3,5837608933.0,5837608933.0,0.14,0.27,35.78,31.09
5304,603121,华培动力,22.23,-3.18,-0.73,34721.0,78285877.0,4.4,23.2,22.19,22.96,22.96,3.1,1.03,130.47,6.04,7525604484.0,7525604484.0,-0.27,-0.8,18.56,101.54
5305,603657,春光科技,21.72,-3.25,-0.73,29295.0,64160125.0,4.45,22.62,21.62,22.47,22.45,3.75,2.17,254.48,3.15,2963679339.0,2936327886.0,-0.28,-0.37,34.74,26.8
5306,301070,开勒股份,77.64,-3.25,-2.61,15388.0,120405995.0,4.98,81.0,77.0,81.0,80.25,1.82,3.62,-242.44,6.55,5012065728.0,3299824224.0,-0.3,-0.51,46.52,39.84
5307,002468,申通快递,11.01,-3.25,-0.37,113672.0,126225900.84,3.95,11.41,10.96,11.31,11.38,2.56,0.76,17.85,1.73,16854131848.0,16427422684.0,-0.18,-0.18,-8.4,8.69
5308,688543,国科军工,43.81,-3.29,-1.49,32925.0,144405535.0,2.49,44.65,43.52,44.0,45.3,7.86,2.85,80.36,4.27,9222380057.0,5066630355.0,0.18,0.16,-1.57,6.62
5309,872925,锦好医疗,16.05,-3.31,-0.55,17668.0,28488510.45,3.8,16.53,15.9,16.29,16.6,4.05,3.2,116.63,4.37,1567870620.0,887485601.0,-0.12,0.06,10.77,37.89
5310,830946,森萱医药,12.81,-3.32,-0.44,41887.0,54051976.77,3.09,13.18,12.77,13.18,13.25,1.97,0.98,47.09,4.71,5468823935.0,5467142623.0,-0.23,0.16,21.77,47.75
5311,301075,多瑞医药,29.61,-3.33,-1.02,24088.0,70758974.0,2.94,30.0,29.1,29.98,30.63,2.18,3.01,-37.97,3.58,2368800000.0,2368800000.0,0.03,0.51,50.38,64.77
5312,836547,XD无锡晶,27.93,-3.36,-0.97,16870.0,47105907.6,2.73,28.35,27.56,28.33,28.9,3.47,4.74,28.35,3.26,2169825840.0,994419720.0,1.27,0.25,33.06,80.89
5313,002194,武汉凡谷,15.6,-3.41,-0.55,335687.0,525857079.16,2.85,15.97,15.51,15.89,16.15,2.43,6.57,347.8,4.28,10659258574.0,7969961610.0,-0.32,-0.51,17.29,39.91
5314,300515,三德科技,18.52,-3.44,-0.66,73958.0,136861181.0,5.63,19.16,18.08,18.98,19.18,4.9,4.1,33.94,4.56,3810573340.0,3338549748.0,-0.22,1.2,19.18,55.5
5315,871263,莱赛激光,22.97,-3.45,-0.82,82006.0,186989307.49,9.54,24.27,22.0,22.0,23.79,8.98,15.8,1891.86,6.31,2192486500.0,1191898829.0,-0.52,-0.99,14.85,89.83
5316,000711,*ST京蓝,1.67,-3.47,-0.06,1518899.0,249874774.84,2.89,1.69,1.64,1.64,1.73,45.48,6.65,-92.1,7.22,4771150292.0,3816333009.0,0.0,0.6,3.09,3.73
5317,002173,创新医疗,11.7,-3.47,-0.42,295064.0,346775713.0,3.55,12.04,11.61,11.89,12.12,3.79,7.09,-92.61,2.93,5163026918.0,4870761983.0,0.26,-0.51,18.78,46.98
5318,603716,塞力医疗,12.53,-3.47,-0.45,111259.0,140224518.0,2.7,12.82,12.47,12.82,12.98,2.55,5.82,-41.78,2.82,2393449200.0,2393449200.0,0.08,-0.08,24.43,73.55
5319,300214,日科化学,6.93,-3.48,-0.25,160257.0,112391093.0,7.1,7.35,6.84,7.32,7.18,4.92,3.98,-93.34,1.32,3223576915.0,2790593786.0,0.29,0.14,-3.08,23.97
5320,002669,康达新材,11.38,-3.48,-0.41,179591.0,205985750.35,3.39,11.7,11.3,11.51,11.79,12.58,5.95,135.47,1.27,3452692000.0,3435603223.0,0.09,0.18,12.45,18.17
5321,300629,新劲刚,21.23,-3.59,-0.79,103407.0,221537833.48,2.27,21.72,21.22,21.32,22.02,7.47,4.89,-71.63,3.2,5337719292.0,4492684044.0,-0.05,-0.47,-2.39,-1.26
5322,605033,美邦股份,18.75,-3.6,-0.7,39513.0,73914271.0,1.75,18.93,18.59,18.6,19.45,2.23,2.92,21.16,2.22,2535000000.0,2535000000.0,0.0,0.27,-3.85,55.86
5323,002097,山河智能,7.72,-3.62,-0.29,295255.0,229995529.95,2.25,7.89,7.71,7.8,8.01,6.13,2.75,63.9,1.76,8296045278.0,8281063653.0,-0.13,-0.26,-11.37,2.93
5324,000953,河化股份,8.73,-3.64,-0.33,449712.0,395292042.87,7.84,9.26,8.55,9.1,9.06,4.57,12.28,586.67,21.77,3196246762.0,3196246762.0,0.81,0.69,69.84,56.17
5325,301277,新天地,16.91,-3.65,-0.64,166069.0,282136677.78,4.84,17.55,16.7,17.11,17.55,3.02,16.44,29.3,4.46,6630045744.0,1708221144.0,0.3,0.65,64.49,76.33
5326,600212,绿能慧充,8.09,-3.69,-0.31,227587.0,185806591.0,3.93,8.39,8.06,8.36,8.4,4.38,4.42,-203.93,11.42,5697521753.0,4164871253.0,-0.12,0.12,-8.17,7.01
5327,301095,广立微,56.12,-3.72,-2.17,45640.0,258425054.86,3.14,57.68,55.85,57.01,58.29,3.92,4.24,-204.88,3.65,11239774659.0,6039575811.0,0.18,0.12,-1.6,8.3
5328,688488,艾迪药业,13.6,-3.75,-0.53,63888.0,86544211.0,4.88,14.0,13.31,13.8,14.13,4.46,1.52,91.82,5.74,5722646189.0,5722646189.0,1.27,1.34,43.16,73.03
5329,601008,连云港,6.91,-3.76,-0.27,724925.0,506840438.0,6.41,7.32,6.86,7.31,7.18,4.02,5.84,94.02,2.12,8572808621.0,8572808621.0,-0.14,0.29,91.94,83.29
5330,300531,优博讯,16.77,-3.9,-0.68,148731.0,251611221.5,3.04,17.15,16.62,16.97,17.45,3.67,4.82,63.72,3.98,5404149689.0,5177884036.0,-0.59,-1.06,10.55,20.22
5331,603006,联明股份,13.37,-3.95,-0.55,52047.0,69776933.0,4.17,13.79,13.21,13.7,13.92,2.6,2.05,80.52,2.51,3399379323.0,3399379323.0,0.68,0.68,16.36,28.19
5332,300815,玉禾田,22.4,-4.03,-0.94,126471.0,284743329.84,3.6,23.15,22.31,22.81,23.34,2.2,3.27,13.84,2.15,8928460800.0,8665180877.0,0.18,-0.04,39.56,43.68
5333,688025,杰普特,46.35,-4.08,-1.97,16911.0,77548380.0,2.98,46.63,45.19,46.3,48.32,12.43,1.78,30.55,2.13,4405540756.0,4405540756.0,0.72,0.72,-8.97,-2.42
5334,600794,保税科技,4.67,-4.11,-0.2,1110644.0,536091986.0,10.88,5.18,4.65,5.18,4.87,9.93,9.25,45.59,2.16,5604710573.0,5604710573.0,-0.85,-0.21,36.95,29.72
5335,300643,万通智控,22.39,-4.15,-0.97,55838.0,126103397.0,6.42,23.5,22.0,23.5,23.36,3.74,2.43,34.97,4.47,5166252054.0,5153014325.0,0.13,0.77,61.78,87.21
5336,002431,棕榈股份,2.99,-4.17,-0.13,916073.0,275179825.05,4.49,3.09,2.95,3.06,3.12,3.05,5.05,-8.38,3.62,5420320632.0,5420320632.0,0.34,0.67,47.29,43.06
5337,002968,新大正,11.36,-4.22,-0.5,158954.0,187995061.2,9.53,12.48,11.35,12.2,11.86,10.45,7.46,19.0,2.14,2570515615.0,2420810695.0,-0.18,-0.7,22.68,24.7
5338,839790,联迪信息,40.34,-4.41,-1.86,34510.0,139917355.01,3.6,41.52,40.0,40.02,42.2,7.48,6.35,97.12,9.44,3185529587.0,2192436966.0,-0.2,-1.13,-10.93,18.3
5339,001317,三羊马,44.56,-4.42,-2.06,20514.0,92416511.0,4.83,46.55,44.3,46.55,46.62,3.89,4.89,-537.94,4.42,3566862950.0,1870877356.0,0.52,0.11,40.57,60.46
5340,600551,XD时代出,8.29,-4.49,-0.39,207660.0,174243965.0,3.11,8.56,8.29,8.43,8.68,5.04,3.06,23.64,1.0,5621077931.0,5621077931.0,-0.6,-0.72,9.51,-0.24
5341,301592,六九一二,137.6,-4.52,-6.51,10856.0,150243149.0,3.39,141.89,137.0,140.0,144.11,8.47,6.2,-139.97,10.35,9632000000.0,2408000000.0,0.07,-0.2,-3.49,-5.43
5342,300773,拉卡拉,23.25,-4.6,-1.12,524126.0,1236448421.99,4.27,24.26,23.22,23.74,24.37,3.73,7.14,45.51,5.5,18322918125.0,17073289052.0,-0.04,-0.43,30.54,31.36
5343,002162,悦心健康,4.56,-4.6,-0.22,357833.0,163273795.66,2.51,4.64,4.52,4.61,4.78,5.21,3.9,-125.89,5.12,4193836400.0,4188333192.0,-0.22,0.0,15.44,31.79
5344,301076,新瀚新材,35.75,-4.69,-1.76,58698.0,207671627.13,3.84,36.34,34.9,36.34,37.51,3.54,6.95,74.27,4.13,4809233000.0,3019781944.0,0.31,0.62,11.13,15.62
5345,688608,恒玄科技,377.43,-4.7,-18.6,9884.0,375203010.0,6.27,396.78,371.95,395.22,396.03,5.35,0.82,59.45,6.76,45308795333.0,45308795333.0,1.03,0.07,8.46,16.0
5346,002114,罗平锌电,6.85,-4.73,-0.34,164436.0,114145459.6,12.66,7.54,6.63,7.54,7.19,8.89,5.08,-12.3,2.47,2215257579.0,2215227138.0,0.88,1.33,6.53,21.45
5347,002365,永安药业,19.53,-4.78,-0.98,204856.0,407066209.92,5.12,20.5,19.45,20.33,20.51,2.64,8.34,-329.45,2.92,5755149225.0,4795788773.0,-0.31,0.41,137.01,144.43
5348,603015,XD弘讯科,12.23,-4.82,-0.62,107519.0,132457915.0,4.12,12.65,12.12,12.6,12.85,3.12,2.66,53.17,3.65,4943598370.0,4943598370.0,-0.16,-0.33,-8.66,25.82
5349,002569,*ST步森,9.07,-4.83,-0.46,36144.0,32926793.0,2.31,9.27,9.05,9.17,9.53,4.3,2.58,-78.38,43.08,1306170700.0,1269404775.0,0.11,0.22,-0.22,-13.37
5350,000029,深深房Ａ,18.69,-4.89,-0.96,52623.0,100765093.83,7.53,20.06,18.58,20.0,19.65,5.11,0.59,65.27,5.27,18907925400.0,16665125400.0,0.05,0.05,26.45,24.1
5351,002907,华森制药,20.8,-4.89,-1.07,234351.0,500609523.83,8.69,22.45,20.55,21.89,21.87,7.39,7.59,53.81,5.17,8686003331.0,6424872584.0,-0.43,-0.86,66.4,60.62
5352,003035,南网能源,4.84,-4.91,-0.25,392825.0,191122820.0,3.93,5.0,4.8,4.98,5.09,7.84,1.04,50.18,2.73,18333333329.0,18333333329.0,0.41,0.41,13.88,16.07
5353,600476,湘邮科技,18.15,-4.92,-0.94,128112.0,235442199.0,5.19,19.0,18.01,18.6,19.09,2.86,7.95,131.61,19.9,2923420500.0,2923420500.0,-0.49,0.0,5.95,21.4
5354,603390,XD通达电,15.81,-5.16,-0.86,262617.0,411465581.0,3.84,16.05,15.41,16.02,16.67,4.35,7.51,74.18,3.49,5559934067.0,5529630740.0,-0.75,1.93,46.8,44.52
5355,300013,新宁物流,4.2,-5.19,-0.23,242020.0,102455805.0,5.42,4.39,4.15,4.36,4.43,5.43,5.43,101.18,11.35,2345107355.0,1873455633.0,-0.47,0.0,26.13,21.04
5356,300315,掌趣科技,5.45,-5.22,-0.3,2068842.0,1131853153.29,4.0,5.61,5.38,5.4,5.75,8.43,8.01,133.03,3.03,14824916952.0,14077482473.0,0.37,0.0,-4.55,-0.91
5357,300683,海特生物,27.09,-5.25,-1.5,33460.0,92032418.81,4.65,28.34,27.01,28.3,28.59,7.39,2.74,-63.64,1.49,3545929052.0,3306731125.0,-0.04,-0.04,11.48,14.26
5358,688271,联影医疗,134.49,-5.3,-7.53,16432.0,225796709.0,6.03,142.29,133.73,141.4,142.02,5.09,0.28,74.88,5.46,110841007806.0,79792779282.0,0.16,0.44,0.15,6.4
5359,837748,路桥信息,40.73,-5.45,-2.35,35022.0,146967451.94,8.24,44.13,40.58,41.99,43.08,4.74,5.62,-119.06,9.94,3125620200.0,2539416730.0,-0.22,0.15,51.64,108.66
5360,300771,智莱科技,12.83,-5.52,-0.75,130192.0,169538995.9,4.2,13.4,12.83,13.3,13.58,2.03,7.19,113.5,1.61,3079200000.0,2324784941.0,-0.47,-0.31,13.34,23.72
5361,300204,舒泰神,30.03,-5.57,-1.77,218610.0,673270989.21,8.58,32.28,29.55,32.2,31.8,3.51,4.63,-1536.11,15.05,14347509827.0,14173538409.0,-0.4,0.23,302.01,305.26
5362,603056,德邦股份,21.6,-5.59,-1.28,463717.0,1021924181.0,7.74,23.1,21.33,23.0,22.88,10.48,4.55,-80.54,2.63,22028012381.0,22028012381.0,-0.83,-0.55,52.76,50.73
5363,600543,莫高股份,5.7,-5.63,-0.34,193144.0,110499844.0,4.14,5.9,5.65,5.73,6.04,8.19,6.01,-45.7,2.29,1830384000.0,1830384000.0,0.18,0.18,15.62,22.84
5364,002982,湘佳股份,16.21,-5.65,-0.97,116556.0,192607631.55,4.83,17.03,16.2,17.0,17.18,6.81,8.97,23.84,2.06,3293773297.0,2105287107.0,-0.8,-0.55,27.74,29.27
5365,301225,恒勃股份,78.0,-5.85,-4.85,22918.0,179707987.0,4.22,81.0,77.5,79.31,82.85,2.92,7.59,60.98,5.38,8063640000.0,2354040000.0,0.28,-0.64,152.92,193.9
5366,688356,键凯科技,74.5,-5.87,-4.65,9629.0,72784178.0,4.99,78.05,74.1,78.05,79.15,3.19,1.59,95.08,3.53,4518477150.0,4518477150.0,-0.73,0.27,21.67,30.84
5367,688206,概伦电子,29.91,-5.91,-1.88,93174.0,282948817.0,3.62,30.95,29.8,30.89,31.79,4.85,5.22,2163.49,6.56,13016169583.0,5336934200.0,-0.33,-0.47,43.04,58.17
5368,003041,真爱美家,29.26,-5.95,-1.85,28642.0,84769498.15,5.08,30.8,29.22,30.8,31.11,8.08,2.09,5.07,2.71,4213440000.0,4003452684.0,-0.2,-0.31,15.06,9.1
5369,300240,飞力达,8.83,-5.96,-0.56,220385.0,196229583.0,6.28,9.28,8.69,9.28,9.39,2.95,6.06,1368.05,2.27,3280900849.0,3208635502.0,0.34,-0.34,34.81,34.4
5370,688136,科兴制药,58.0,-6.04,-3.73,15997.0,94665501.0,5.35,61.2,57.9,59.22,61.73,2.73,0.8,113.18,6.96,11579250500.0,11579250500.0,-1.56,-0.92,183.34,165.32
5371,300546,雄帝科技,23.6,-6.27,-1.58,270409.0,649883797.82,7.98,25.22,23.21,23.24,25.18,4.75,20.16,-105.11,4.05,4404531508.0,3166016346.0,0.08,-1.01,9.36,40.31
5372,688070,纵横股份,45.7,-6.73,-3.3,39597.0,182400139.0,5.0,47.64,45.19,46.56,49.0,8.21,4.52,-35.82,7.39,4002406000.0,4002406000.0,-0.65,-1.1,-6.73,29.46
5373,688648,中邮科技,60.58,-6.8,-4.42,26600.0,164768466.0,6.89,64.13,59.65,64.13,65.0,2.18,4.02,-92.73,5.36,8238880000.0,4006090216.0,-0.59,-0.69,151.58,160.11
5374,603686,福龙马,16.39,-6.93,-1.22,576990.0,960612416.0,7.1,17.35,16.1,17.35,17.61,4.22,13.89,26.81,2.0,6808904322.0,6808904322.0,0.55,0.24,22.31,57.6
5375,002537,海联金汇,8.52,-6.99,-0.64,1397211.0,1209511943.04,5.46,8.9,8.4,8.5,9.16,11.1,11.9,49.38,2.46,10002622667.0,10002622667.0,-0.47,-1.05,47.4,48.17
5376,300702,天宇股份,25.19,-7.18,-1.95,80558.0,202333392.52,3.8,25.83,24.8,25.83,27.14,8.85,3.81,25.43,2.46,8765544635.0,5319233327.0,-0.08,-0.43,38.71,51.2
5377,300238,冠昊生物,16.97,-7.67,-1.41,291127.0,500291570.93,5.39,17.79,16.8,17.63,18.38,8.5,10.98,75.67,8.08,4499692246.0,4499325372.0,-0.12,-0.18,30.14,40.95
5378,002878,元隆雅图,16.87,-7.71,-1.41,274943.0,467539006.11,4.32,17.45,16.66,16.92,18.28,5.95,11.74,44.61,3.21,4419598905.0,3951096737.0,-0.3,-0.94,5.24,2.37
5379,301024,霍普股份,47.51,-8.28,-4.29,45082.0,217559390.88,8.44,51.0,46.63,47.54,51.8,9.86,7.49,-85.58,7.15,3020923350.0,2860577100.0,0.61,-0.57,91.88,99.62
5380,688799,华纳药厂,50.99,-8.34,-4.64,57860.0,296476736.0,7.86,53.97,49.6,53.5,55.63,4.9,4.41,40.62,3.73,6696006800.0,6696006800.0,0.79,0.2,73.55,72.91
5381,600676,交运股份,5.04,-8.53,-0.47,601637.0,308358124.0,4.9,5.3,5.03,5.25,5.51,7.44,5.85,-23.81,1.02,5183604438.0,5183604438.0,-0.2,-0.2,18.03,11.75
5382,002633,申科股份,15.4,-9.31,-1.58,102479.0,158392063.94,4.83,16.1,15.28,15.35,16.98,14.06,6.86,671.29,5.5,2310000000.0,2301048750.0,-0.13,-0.52,33.91,43.26
5383,301322,绿通科技,30.01,-9.42,-3.12,47092.0,143711713.23,4.83,31.5,29.9,30.78,33.13,5.47,5.06,37.81,1.54,4275164820.0,2791104358.0,0.07,-0.5,35.24,39.65
5384,300149,睿智医药,10.5,-9.64,-1.12,540074.0,587236239.18,8.61,11.5,10.5,10.9,11.62,4.92,10.86,196.8,4.28,5228621916.0,5219386316.0,-0.85,-0.85,59.33,63.55
5385,603326,我乐家居,8.29,-9.69,-0.89,96409.0,80658005.0,6.64,8.88,8.27,8.27,9.18,13.17,3.02,16.67,2.24,2676332657.0,2645976750.0,-0.48,-0.36,9.95,40.03
5386,300804,广康生化,39.88,-10.74,-4.8,53779.0,219047374.89,9.94,43.28,38.84,42.61,44.68,4.82,19.56,43.12,2.2,2951120000.0,1096700000.0,1.42,0.63,63.78,76.77
